   77.000000000000000     
   112.00000000000000     
         100
           8
   10.000000000000000     
   7.0000000000000000     
   13.000000000000000     
   19.000000000000000     
   26.000000000000000     
   3.0000000000000000     
   5.0000000000000000     
   9.0000000000000000     
   16.000000000000000     
   16.000000000000000     
   12.000000000000000     
   19.000000000000000     
   23.000000000000000     
   20.000000000000000     
   8.0000000000000000     
   19.000000000000000     
   2.0000000000000000     
   12.000000000000000     
   17.000000000000000     
   9.0000000000000000     
   11.000000000000000     
   18.000000000000000     
   29.000000000000000     
   3.0000000000000000     
   6.0000000000000000     
   17.000000000000000     
   16.000000000000000     
   16.000000000000000     
   9.0000000000000000     
   21.000000000000000     
   27.000000000000000     
   23.000000000000000     
   11.000000000000000     
   14.000000000000000     
   8.0000000000000000     
   5.0000000000000000     
   8.0000000000000000     
   16.000000000000000     
   31.000000000000000     
   9.0000000000000000     
   5.0000000000000000     
   5.0000000000000000     
   7.0000000000000000     
   18.000000000000000     
   16.000000000000000     
   1.0000000000000000     
   27.000000000000000     
   36.000000000000000     
   30.000000000000000     
   13.000000000000000     
   10.000000000000000     
   9.0000000000000000     
   14.000000000000000     
   18.000000000000000     
   2.0000000000000000     
   6.0000000000000000     
   7.0000000000000000     
   18.000000000000000     
   28.000000000000000     
   3.0000000000000000     
   13.000000000000000     
   19.000000000000000     
   10.000000000000000     
   9.0000000000000000     
   20.000000000000000     
   25.000000000000000     
   25.000000000000000     
   36.000000000000000     
   6.0000000000000000     
   5.0000000000000000     
   15.000000000000000     
   25.000000000000000     
   9.0000000000000000     
   8.0000000000000000     
   18.000000000000000     
   13.000000000000000     
   14.000000000000000     
   3.0000000000000000     
   23.000000000000000     
   6.0000000000000000     
   26.000000000000000     
   16.000000000000000     
   11.000000000000000     
   7.0000000000000000     
   41.000000000000000     
   35.000000000000000     
   26.000000000000000     
   9.0000000000000000     
   15.000000000000000     
   3.0000000000000000     
   1.0000000000000000     
   2.0000000000000000     
   22.000000000000000     
   27.000000000000000     
   20.000000000000000     
   11.000000000000000     
   12.000000000000000     
   10.000000000000000     
   9.0000000000000000     
   17.000000000000000     
           1
  0.45454545454545453       0.45454545454545453     
           8
  0.54295096406310117       0.63714956830981684     
  0.54255812946604465       0.64277489818729272     
  0.52226787150129295       0.64829259666874772     
  0.52349411527999412       0.63626577027178099     
  0.51924992632183009       0.62497070956779910     
  0.54131646921063215       0.62355894541453538     
  0.54626674809477205       0.62480351317336846     
  0.54102884745812985       0.63156648060511011     
           7
  0.45842180230863527       0.23052258591830099     
  0.44086802401614616       0.22842400590993805     
  0.44627540526787357       0.22184742474800639     
  0.44083171713518382       0.21635186298433132     
  0.45558536704991232       0.21018442342138327     
  0.46372140831047243       0.20698019607583712     
  0.46399319340457623       0.21763337432936314     
           7
  0.72228493048161291       0.58869470022636206     
  0.72345797099568121       0.59392838481460042     
  0.71583343578981484       0.59222645276431751     
  0.70366884969658239       0.59115806097966717     
  0.70483757654427925       0.58085744109141302     
  0.70057847145454166       0.57521164506320965     
  0.71345488738372509       0.57725198151008428     
           8
  0.72384600319988868       0.26836214299262473     
  0.72714072700387666       0.27233250168068146     
  0.71451504144538813       0.26887152453018953     
  0.70700267371437353       0.27250729674525698     
  0.70208058192556855       0.26079660733043736     
  0.70382201448963877       0.24879378976757432     
  0.71549827366260887       0.24558164972973606     
  0.72357071458896560       0.25579084378609518     
           8
  0.20272291749235730       0.39139977359830952     
  0.20554492063750887       0.39703934821856468     
  0.19928670412362157       0.40196472182794851     
  0.18490316301148244       0.39083006439543566     
  0.18630427713731143       0.38412662136310916     
  0.18496672027971553       0.37669283323123104     
  0.19289799847583000       0.37844769862450800     
  0.19838541421904882       0.37832188956920026     
           5
  0.32509298023815025       0.40239264044197198     
  0.31138934130791668       0.39679396530974070     
  0.31515426846066191       0.38526942067963088     
  0.33879837785687339       0.38058410678905896     
  0.33619755695917752       0.38959796024937038     
           4
  0.27171730596657589       0.66002099623644395     
  0.25152157492842464       0.65921913566994761     
  0.25122252582562987       0.64606365318185743     
  0.26890973189769751       0.64054621850765492     
           6
  0.14384092577413912       0.55387409233637441     
  0.11941445494742949       0.56843816282594706     
  0.12085277239487327       0.56039059765021648     
  0.11910315421936396       0.54874881621501204     
  0.12546816042630360       0.54422499751123665     
  0.13143354870154858       0.54524997587992818     
           5
  0.72470323229303768       0.78302401499902730     
  0.72093822480441871       0.79319835459980326     
  0.70571093178084876       0.78553139286114704     
  0.70544385740358961       0.76860300326977027     
  0.72109443718798460       0.76976477552695943     
           7
  0.39725245340151721       0.79069822524315914     
  0.38973132061153998       0.78943336704594047     
  0.37642806352665170       0.79112499156726424     
  0.38124684665791186       0.77549166050639196     
  0.37742658465406020       0.76845114226016853     
  0.38830659350838237       0.76954916060727829     
  0.39992710404147469       0.76930015292844733     
           8
  0.27033455066359630       0.85677619544207262     
  0.26110333236216260       0.85319194890829420     
  0.25628714895919513       0.85555342715481497     
  0.24692326986892160       0.84399326553485565     
  0.24683955531268037       0.83265713140779163     
  0.25228140806841726       0.83578825584050964     
  0.25956655932913364       0.83001284469079584     
  0.26950634225160469       0.83665605506290874     
           8
  0.66129831144130158       0.45556326627570481     
  0.65100859402107703       0.46349877690041197     
  0.64862443012813109       0.46807579051293435     
  0.63842864092865625       0.45962929285341292     
  0.63710111105446865       0.44982255617812111     
  0.63758380037793572       0.44480022800530222     
  0.64604885687103386       0.44570284967891549     
  0.65464424246292785       0.44387541498233174     
           6
  0.40172265303586518       0.32932168865781164     
  0.39682533846455020       0.33528328999254814     
  0.38491006879349815       0.33751276793658180     
  0.37817954352615563       0.32254750810477395     
  0.37571159092179757       0.31454206163365217     
  0.38742705272785710       0.31510548429245838     
           4
  0.19480519480519481       0.12987012987012986     
  0.18655013483287322       0.12651889930129695     
  0.19959216807975300       0.12078066903167600     
  0.20898273716915136       0.12519575610800704     
           8
  0.40152488558534760        7.8184832485899303E-002
  0.38130161253951028        7.0208338575570406E-002
  0.37544287268979393        6.7210631842314711E-002
  0.38075050101845054        6.4568516395618558E-002
  0.38121096288982836        5.6245061449401501E-002
  0.39802056494307153        5.4897815796296781E-002
  0.40189828538672684        5.9229065922554239E-002
  0.39712105378111434        6.1150310677051324E-002
           4
  0.13808632002411725       0.26490957047062363     
  0.11641979947862040       0.26756948348990806     
  0.11834592124535323       0.25501909557734409     
  0.12888167580047172       0.25223195948792093     
           7
   6.7626690417056420E-002  0.39716381196299150     
   6.0259915189678638E-002  0.39825688493876149     
   5.4006605278473528E-002  0.40019930048390057     
   5.1926649783602521E-002  0.39071309989937575     
   5.3512438893824926E-002  0.38322312006672155     
   6.5554656368262687E-002  0.37839964002572346     
   7.2581148146013241E-002  0.38319399521552094     
           4
  0.27153596720886231       0.53004387874487413     
  0.26236243144413202       0.52751676068608200     
  0.24803503852910946       0.52013432940680937     
  0.24913914449715105       0.50609482351050561     
           7
  0.20415381988693132       0.79075152002463667     
  0.19402639573344271       0.79200662566961133     
  0.18057568145604794       0.79338386671132310     
  0.18644903326983051       0.78562016547381686     
  0.18422967269866858       0.76873778307146501     
  0.19267267204058852       0.76920152538403719     
  0.20050036769178950       0.76749188841122651     
           7
  0.59660077880832640       0.84979502105507732     
  0.58182502086435939       0.85466847369671939     
  0.57149265680670180       0.85791052685084757     
  0.57729395909306580       0.83548562910551460     
  0.59809099167837532       0.83098878704753776     
  0.59759994836573815       0.83801933481205693     
  0.59172475017971804       0.84323380096900769     
           7
  0.58559930526963255       0.27358197231520637     
  0.58274512497429554       0.26831315370731917     
  0.57346340611286695       0.27044828877971672     
  0.57484708425048758       0.25552562307589433     
  0.57503308347036097       0.24851276887307985     
  0.58355590312782912       0.25182762821324622     
  0.59556495156864420       0.25918706237050210     
           3
  0.59432613606792872       0.12943002880488153     
  0.58441558441558439       0.12987012987012986     
  0.57266937970659937       0.12530012644053068     
           6
  0.71455078226150748        7.6624620835025914E-002
  0.70581960532825505        7.4826430492073367E-002
  0.70625282016797974        6.4286004386667206E-002
  0.70142254313113328        5.7637722946817765E-002
  0.71441570292120093        5.6482854362285881E-002
  0.71977912832734647        5.1691697487262135E-002
           8
  0.85838298147419534       0.45741392896875699     
  0.84796432671417055       0.46298804628518597     
  0.83198498249318198       0.46193455244810999     
  0.83611642253947394       0.45811969688807247     
  0.83332139607991085       0.45015338711812203     
  0.84138254938495460       0.44154798845603277     
  0.85394875886226929       0.44229047833162310     
  0.85161580149556393       0.45301328502780858     
           4
  0.85241433701635139       0.26382258108373902     
  0.84080251338153100       0.26765857244580449     
  0.83115162558224520       0.24592662483683017     
  0.85151546643251741       0.25235852936652786     
           7
  0.59212826593319978       0.39168475389614321     
  0.57237372362398142       0.40042865068932870     
  0.57363254812889009       0.39481397048117806     
  0.57049518720783943       0.38674647565564318     
  0.57643118702358098       0.37804624810115584     
  0.58961783870328677       0.38187685359080226     
  0.59522077009828034       0.38639607211416555     
           6
  0.46816297976482046       0.53038596754331846     
  0.46327355202234155       0.52648778555130460     
  0.44492107251052271       0.51598981928286181     
  0.44437831708749947       0.50837722122916640     
  0.46079806138769575       0.50572163649242197     
  0.46134753044665872       0.51223934132683224     
           4
  0.54016901429958564       0.49373993136532313     
  0.52416358345400849       0.48148968478920084     
  0.52351196920839005       0.46718241471736816     
  0.54206581898995398       0.47266407394494675     
           6
  0.83990566554667201       0.55688919028213113     
  0.82819883037039999       0.55889981888897766     
  0.82379558443313283       0.55171196317815452     
  0.81723984934946736       0.54072277959569981     
  0.82526390675245087       0.53526690352815787     
  0.84130094510227649       0.53757235483074972     
           7
  0.53345746310152187       0.79252976327653124     
  0.52727504440627393       0.78966563459616579     
  0.50552353935578709       0.78812812798267806     
  0.51376189477758261       0.76707067852571775     
  0.51999336258893136       0.76830375118526650     
  0.52838573156283331       0.77230519165972034     
  0.53227878008323326       0.77791073960088464     
           5
  0.41606908464982040       0.68455992435215052     
  0.40489091935331228       0.68530937037005579     
  0.38847784499970994       0.68613577505135426     
  0.39504461124531010       0.68314649546769113     
  0.40259740259740262       0.67532467532467533     
           8
  0.46717114687411154       0.89967867210908858     
  0.46570055758970630       0.90650559265257513     
  0.45385643857823454       0.90828899534564622     
  0.44634021574655713       0.90409757694986248     
  0.44695827546042366       0.89562595104606657     
  0.45124017339066458       0.88559261380884158     
  0.46380795633433308       0.88429760957833159     
  0.46555911199283395       0.89329712453751942     
           3
  0.69797339468117947       0.67950514320533417     
  0.67451856542351507       0.67535451681170333     
  0.68831168831168832       0.67532467532467533     
           8
  0.85470732093939517       0.71939739606315056     
  0.85713951602912541       0.72456389959463396     
  0.83458971419744610       0.72142439849248430     
  0.83691043980732038       0.70450165653822905     
  0.84177935326651687       0.70540919677803093     
  0.85176760530050599       0.70067321410889283     
  0.85374740586135489       0.70733728235035531     
  0.85770644989747125       0.71130248146460229     
           3
  0.81818181818181823       0.84415584415584410     
  0.81883373244940760       0.83502285301187307     
  0.82983371041717213       0.83016699984200870     
           4
   3.5831001291330336E-002  0.78977099480936663     
   1.5411565416846395E-002  0.78888404113789135     
   1.8223923217095442E-002  0.77482801955472780     
   2.4832914326844226E-002  0.76944345385029200     
           5
  0.26969502238449633       0.26180297842794104     
  0.25632611035918718       0.27085900076796604     
  0.25048524470420580       0.25496271068318244     
  0.25714314961775819       0.24567289518060381     
  0.26479471319633530       0.24591679754582965     
           6
   7.1011312106268445E-002   7.7787217857935867E-002
   5.5723308041389932E-002   7.5128536973701032E-002
   5.2380880869871374E-002   6.6924487410426073E-002
   5.7945470526754847E-002   5.3654462041567402E-002
   7.5741647377024462E-002   5.6713337267722291E-002
   7.2595071359611338E-002   6.4664176566023052E-002
           3
  0.79017750288514166       0.16456455900916356     
  0.78237864595573670       0.16675996025816114     
  0.77922077922077926       0.15584415584415584     
           6
  0.53328734298264169       0.32704978217822828     
  0.52460432144381619       0.33708249875882290     
  0.51737472033753096       0.33655883264875636     
  0.51033242752663488       0.32254120141373710     
  0.52203542911533418       0.31306495270249141     
  0.52891137918501130       0.32266895750981150     
           4
  0.55122411810071137       0.10485900528200412     
  0.53172410359397526        9.0557468077328493E-002
  0.53165744939571635        8.1127339412619570E-002
  0.54029004177094908        7.8013963770032557E-002
           6
  0.32259378304148456       0.15764925828784804     
  0.31799305807765710       0.16391234759623827     
  0.31125528759414001       0.16959045509217585     
  0.30032114562425249       0.14164219999424202     
  0.31126394144024133       0.14413918782960936     
  0.32221038262415885       0.15093838821261882     
           6
  0.31241808521259290        3.7669176695374951E-002
  0.30772060365350778        4.1260527045171122E-002
  0.30413328715401450        4.7199293839555019E-002
  0.29022246570596349        3.4378701739958439E-002
  0.29385549282685153        2.7664284630987038E-002
  0.30069701872927551        2.8356172707730866E-002
           5
  0.15236162656341881       0.19245245870574554     
  0.13968360423239398       0.19233238209316891     
  0.13035535485148497       0.18146314035478939     
  0.14808289372335803       0.17023323725686212     
  0.15705133433686613       0.17213806560038106     
           6
   8.7365193814419512E-002  0.49811067372783208     
   8.3223878225202191E-002  0.50684373803021587     
   6.7590033516091344E-002  0.50212094492790060     
   6.7551580273327166E-002  0.48245764231327309     
   8.0085427258950889E-002  0.48045585351740905     
   9.1218416856653356E-002  0.48947250176952550     
           6
   3.7225644884443812E-002  0.63240412504166266     
   2.2025861280605220E-002  0.63136409089199785     
   1.2335526272778202E-002  0.63022874408393570     
   1.2584217847122083E-002  0.62302479622355755     
   3.5911022784777161E-002  0.61167640982132054     
   3.9117719785326674E-002  0.61728292508227034     
           7
  0.11184780827320692       0.73053751179779303     
  0.10729439582040316       0.73446516667028372     
   9.9366868528381627E-002  0.73878626013774285     
   9.1396736139616547E-002  0.73911207050343153     
   9.6251409710405550E-002  0.72855175119579918     
   9.5886340077290147E-002  0.71661619708137803     
  0.11639222595976773       0.71784853625331124     
           8
  0.17197543603036569       0.68553502712805348     
  0.15678780701741579       0.68939800024229214     
  0.15772251704334850       0.67659520678961205     
  0.15461203906280535       0.66462540323879460     
  0.16059617664603390       0.66745982662568759     
  0.16568667489416988       0.66130356654827926     
  0.17272989280773313       0.66238665519544848     
  0.17850424754800254       0.67126098318839655     
           8
   7.9422318285420887E-002  0.89042902596376594     
   6.9669653024772377E-002  0.89557061522796833     
   6.8118531781876365E-002  0.88758583580694317     
   7.0070378270498376E-002  0.88014970196570141     
   6.5972113823167838E-002  0.87189198697772774     
   7.2903480048046865E-002  0.87294478947798992     
   7.8616358984505127E-002  0.87397403494556869     
   8.9864432818270876E-002  0.88038490691484983     
           6
  0.62416781595100868       0.61598897109499506     
  0.61768380938284972       0.61426573681466001     
  0.61754367621711082       0.62311529875782568     
  0.59978363435529514       0.60075682595442392     
  0.61186174752153288       0.60109463258685991     
  0.62029977513791446       0.60344681311985504     
           7
  0.64664741238354750       0.75938511264847486     
  0.64579874198550802       0.76563603325381357     
  0.62778580285959051       0.76524470989165649     
  0.62362145622080722       0.75717058463093079     
  0.62565781623425165       0.74601610674545160     
  0.64761586467013366       0.74403363170429015     
  0.64409117272306593       0.74864175587133097     
           6
  0.35984803130969045       0.55633780292276613     
  0.34198835814936435       0.56844068293458472     
  0.33749484153499559       0.55365894225594792     
  0.34106184857651556       0.54817203268046033     
  0.34752020135497158       0.54597317014502511     
  0.35615317146929681       0.54920845542953556     
           3
  0.48051948051948051       0.40259740259740262     
  0.47065950501323611       0.39858852298978648     
  0.48810250957936546       0.39029138652409456     
           8
  0.75445347667526896       0.38777773960141065     
  0.74933880984971368       0.38649112259792767     
  0.73710804516728534       0.38398616367191063     
  0.72673420976069414       0.37380509004948620     
  0.72618957405114759       0.36307325951388036     
  0.73247709313133735       0.36642948479944926     
  0.74268066798711319       0.36331579233615641     
  0.75072405715637536       0.36945873785330069     
           5
  0.80395567738755958       0.31258142996808480     
  0.80579569591556044       0.30551380753606588     
  0.81818181818181823       0.29870129870129869     
  0.83231857333167703       0.29210205235084702     
  0.82536381319957441       0.29662625474894144     
           3
  0.67837802208920639       0.16655610547850455     
  0.68462997755110944       0.14184946051359051     
  0.69858296748097481       0.15132714859911753     
           3
  0.42352320418922135       0.16989550028579442     
  0.40159759228083136       0.14738383059212401     
  0.42303426430504887       0.15531288402700633     
           8
  0.48099045915565564       0.34466448754360290     
  0.47706751407157771       0.34927676993101220     
  0.46197098473244630       0.34618383271883302     
  0.45707456599167146       0.33871891482716249     
  0.46122250669749204       0.32740321281717027     
  0.47621524178274249       0.32347345504674735     
  0.48067592893077254       0.32766247414939165     
  0.47694802371060313       0.33479429105888597     
           7
  0.27337517489638891       0.32057221085034471     
  0.27038091830838978       0.32510881998813002     
  0.26468984280923680       0.32025428481998958     
  0.26077126476309320       0.31281514442492203     
  0.26455345038789468       0.30652630849691642     
  0.27641950269774807       0.30310019121343851     
  0.28272856936597718       0.29833106818595584     
           7
  0.23119055364048771       0.45533890002581756     
  0.21627008548158372       0.44910093496944531     
  0.21333618754198769       0.44270659569058834     
  0.20727768602339047       0.44327820760824410     
  0.21490297104400805       0.42909953306742832     
  0.22903160408128009       0.42840564341118365     
  0.23002714624254930       0.44111253954546165     
           8
  0.16973622053612256       0.32257429117378084     
  0.15919838812420264       0.31892163111661503     
  0.15558900619722524       0.32428241867571256     
  0.14343625162715626       0.32268723489716233     
  0.14581528265860053       0.31729044737011514     
  0.14688698737955688       0.29985530089122719     
  0.16043594014866513       0.29757328942670441     
  0.16667491740786680       0.31108667969164411     
           7
  0.32081829461903960       0.76433272384311735     
  0.30938263475615596       0.76674794621882336     
  0.29949068117614180       0.76645568730779845     
  0.29940026041141488       0.75633927962049607     
  0.30677290352645392       0.73993682210952472     
  0.31629219034175193       0.74302225166439795     
  0.31974325249096880       0.75415881206369562     
           4
  0.35850626154709542       0.90120828747705783     
  0.34492541994565257       0.90870681307309342     
  0.33951392143066050       0.90305003677427897     
  0.34367158333425823       0.88422204711714303     
           5
  0.20223387830577663        1.0140205352693323     
  0.18391072374872891        1.0121804508889931     
  0.18688087352654728        1.0012390866484588     
  0.19480519480519481        1.0000000000000000     
  0.20616853354046061        1.0068415523155558     
           7
  0.81920160078823467        1.0023417085713882     
  0.81710571662737796        1.0099698499123098     
  0.80114354261111209        1.0126685557018524     
  0.79272683026261737       0.99828642205246865     
  0.80612977043924483       0.99148667662696399     
  0.81589445017716644       0.98889320508895928     
  0.81660316898419227       0.99454357283450978     
           8
  0.63667445484359997       0.95963616344798808     
  0.62902632110415058       0.96007208107193054     
  0.62502629739003301       0.95094726854375389     
  0.62387998130664446       0.93914720055538248     
  0.63714067487526860       0.93415913605049239     
  0.64357544004910960       0.93428180635655533     
  0.64948991490402019       0.93408722260464294     
  0.64981912775988959       0.94151552695434138     
           3
  0.87959047879065377        7.8712773215150217E-002
  0.87012987012987009        6.4935064935064929E-002
  0.88165836345244397        5.6220940898430709E-002
           3
  0.72779713605450036       0.51906429195157089     
  0.71306471898944523       0.51181657548376991     
  0.72727272727272729       0.50649350649350644     
           6
  0.48165718051003031       0.61979273424312853     
  0.47469047055929486       0.62285553668256721     
  0.46878286003806174       0.62448800409207927     
  0.46712167008009320       0.61795663290134850     
  0.47905814342153480       0.60182158270326480     
  0.49179275106861120       0.61304054341059666     
           5
  0.49254366331900223       0.73265065281258202     
  0.47600371897785876       0.73737891049180293     
  0.46986249259801122       0.71476544887976101     
  0.47901037601873953       0.71339476801748269     
  0.49157013861182192       0.71971544705919044     
           4
  0.75142350207078168       0.89663275752624150     
  0.73008346419493630       0.88931747824380980     
  0.74129447068254994       0.87087506884239796     
  0.75168461140662779       0.87027218231633219     
           4
  0.61951913047058027       0.21109906250469129     
  0.59834213595475139       0.20971019601187649     
  0.60355242517680197       0.19460607337424105     
  0.61525263558131671       0.19518387830309650     
           6
  0.58530176768149667       0.22785351955662933     
  0.57565428527705664       0.23487330000625620     
  0.55964366805251864       0.22090381157878197     
  0.56897754699265657       0.21245808281991602     
  0.57905617761404415       0.21712963347894509     
  0.58464349734944421       0.21560837724631057     
           8
  0.60704884319486874       0.16951040341020365     
  0.61116086891077215       0.18119181438468326     
  0.59081098179297620       0.18141834666709222     
  0.58485898227295607       0.17755623244507301     
  0.58552955029375786       0.16862668464697669     
  0.58809461001615215       0.15671236330264907     
  0.59673410528150694       0.15568488948181461     
  0.61038521455087480       0.16138259099947597     
           4
  0.63412733573860125       0.15457346190338792     
  0.62285196433996814       0.14509630704274623     
  0.63254844309905844       0.13555870887398835     
  0.64429246194071854       0.13187359592240497     
           8
  0.64910256851908921       0.54390730173318746     
  0.64724587482617912       0.55554285868335562     
  0.63337296653887520       0.55330841073801396     
  0.62614502381065984       0.55217436173165324     
  0.62320388306881180       0.53798121746251659     
  0.63694070222690236       0.53158511989306945     
  0.63941014687414899       0.53618458807861580     
  0.64662439191810361       0.53496360263233667     
           6
  0.69797856656334167       0.56409762047717460     
  0.70142266292781652       0.57209120917704070     
  0.67434981674423800       0.57058665878735337     
  0.67519330980889458       0.56276852535988597     
  0.69520152549811143       0.54510165899940355     
  0.70077557541039481       0.54841643056297884     
           8
  0.80091220046984002       0.68294571119754521     
  0.78055250858214531       0.68927993448027070     
  0.77996903098830073       0.68083564618327752     
  0.78921441642888202       0.66618231233853442     
  0.79098338137147461       0.66119229076581465     
  0.79805042654441616       0.66398172418004353     
  0.80319904507156625       0.66623972759299799     
  0.80534652599179468       0.67131602757299580     
           4
  0.73470027858934006       0.63738450085831733     
  0.73263743341534326       0.63064403206031816     
  0.74169630940974685       0.61442817892104007     
  0.74959502400258815       0.61005868328199264     
           4
  0.72727272727272729       0.48051948051948051     
  0.71398992695402230       0.48423506954119860     
  0.71952611475604189       0.47782170242483063     
  0.73652373814026451       0.47496448081253018     
           5
  0.72480680059315528       0.70832702715948015     
  0.71546071103790365       0.71092814950570449     
  0.70241304386816572       0.70742526764086078     
  0.70163132046923504       0.69954467768058948     
  0.72261332309455062       0.69922029850571932     
           5
  0.20311471033592787       0.61752765677702581     
  0.19843088596821551       0.62279347761139892     
  0.19059273227600418       0.61963127801067586     
  0.18225005083440649       0.59624589953362239     
  0.19463684169677992       0.60067049824741947     
           7
  0.19448310407582195       0.48832858130656914     
  0.19274296955219283       0.49366482144830010     
  0.18374235042237830       0.49210778872124006     
  0.17596882933458899       0.49288153328374751     
  0.17036450445636966       0.49342478529839151     
  0.16922798189559218       0.47532799314726765     
  0.18518679532047636       0.47311331423303626     
           4
  0.14719470295635484       0.41663037222063898     
  0.13136725989300985       0.40513275457849190     
  0.12938188055814911       0.39015446086460376     
  0.15433665670926114       0.39668486894001859     
           6
  0.21962509147221787       0.29447788158049670     
  0.20412049010075151       0.29725938755363179     
  0.19534985220490453       0.28734389052256437     
  0.19577486127295765       0.28130277550676280     
  0.22187273711479180       0.27405808314014790     
  0.21670968729639564       0.28559805578604947     
           3
   4.8586529991709239E-002  0.24642906567303369     
   4.9302157723663427E-002  0.22578401911729387     
   5.1948051948051951E-002  0.23376623376623376     
           6
  0.37400327560058105       0.24151599650342440     
  0.35981043593664092       0.24543335010723868     
  0.35389082206605249       0.24470472670480276     
  0.35496317371825792       0.23814255372942972     
  0.35499632657064134       0.22568768144370879     
  0.36464391927277423       0.22052167431815997     
           3
  0.33766233766233766       0.67532467532467533     
  0.33113368646421876       0.66381047892124212     
  0.34427785971179942       0.66577465355117504     
           5
  0.34739704606391475       0.46091312176306282     
  0.33756447865309031       0.46182819940977682     
  0.32561186351752130       0.46301280374034287     
  0.34065300419629424       0.44663630597712856     
  0.34937939478530383       0.45343863797372164     
           8
  0.41318934423028164       0.87174843981048411     
  0.41398651137529069       0.88284738207812075     
  0.40270835474769962       0.88352437035042664     
  0.39790691128648459       0.87727536159829089     
  0.39219178417905054       0.86694384965530102     
  0.39625006180003874       0.85824606594541419     
  0.41362755348906954       0.85970098555650432     
  0.41131639692027055       0.86655414217556581     
           3
  0.19911560888612898       0.26026697701577622     
  0.19480519480519481       0.24675324675324675     
  0.20740172395168294       0.24438905299560976     
           6
  0.29879975088532285       0.29786783952408197     
  0.28707735552436670       0.29470313217612681     
  0.27644155467500514       0.29649404468842350     
  0.27225956110831806       0.27665543329466541     
  0.29463626246233027       0.27573500394182104     
  0.29956644910173830       0.28108213186909659     
           3
  0.24526705555162800       0.32210529522399844     
  0.22353057710283061       0.31677519517285702     
  0.22858660474886222       0.30092638782042835     
           3
  0.33528360045889816       0.36098451808605531     
  0.33766233766233766       0.35064935064935066     
  0.34736958770793019       0.35124831866874445     
           7
  0.33810627901285711       0.31999869139006193     
  0.32819406918727267       0.32105263055606237     
  0.31785475023405135       0.32133472642863642     
  0.31043469680433450       0.30994608924690814     
  0.31514409587262726       0.30727311434669435     
  0.31599943048751028       0.29909671377297053     
  0.33559356638185489       0.30026279809167067     
           5
  0.28991089268335651       0.35975074050806249     
  0.27196038477058249       0.35477932120626238     
  0.27152440365517100       0.34730969495861663     
  0.28854223433008358       0.34228349059647067     
  0.29585624496357094       0.33734092465916182     
           8
  0.33619962074360615       0.27891812514333214     
  0.33227177693525273       0.28664577797527746     
  0.31781242948942873       0.28315751046189597     
  0.31684924942195120       0.27318820550511819     
  0.31111543869971214       0.26215135379574972     
  0.31710978753352642       0.26570980708937519     
  0.32220890002351765       0.26191939429918182     
  0.33600563392026112       0.26561430025610722     
           3
  0.25657244012373803       0.27489665675120400     
  0.24589958027084682       0.28045724546405870     
  0.24632386009554386       0.26215973736210296     
           7
  0.26091709783789174       0.34975653560960945     
  0.25527031251259680       0.34873563149126563     
  0.24641195759119910       0.34566272799282755     
  0.24586025285529914       0.33005274399316503     
  0.25566898664035603       0.32732432167612568     
  0.26234614384642863       0.32829761229913318     
  0.26742371938555576       0.33281132682703113     
           3
  0.22495439052303171       0.24338105423909412     
  0.22877483121020689       0.22494195998896116     
  0.24570524663968007       0.23183036749070324     
