   77.000000000000000     
   200.00000000000000     
         100
           8
   10.000000000000000     
   7.0000000000000000     
   13.000000000000000     
   19.000000000000000     
   26.000000000000000     
   3.0000000000000000     
   5.0000000000000000     
   9.0000000000000000     
   16.000000000000000     
   16.000000000000000     
   12.000000000000000     
   19.000000000000000     
   23.000000000000000     
   20.000000000000000     
   8.0000000000000000     
   19.000000000000000     
   2.0000000000000000     
   12.000000000000000     
   17.000000000000000     
   9.0000000000000000     
   11.000000000000000     
   18.000000000000000     
   29.000000000000000     
   3.0000000000000000     
   6.0000000000000000     
   17.000000000000000     
   16.000000000000000     
   16.000000000000000     
   9.0000000000000000     
   21.000000000000000     
   27.000000000000000     
   23.000000000000000     
   11.000000000000000     
   14.000000000000000     
   8.0000000000000000     
   5.0000000000000000     
   8.0000000000000000     
   16.000000000000000     
   31.000000000000000     
   9.0000000000000000     
   5.0000000000000000     
   5.0000000000000000     
   7.0000000000000000     
   18.000000000000000     
   16.000000000000000     
   1.0000000000000000     
   27.000000000000000     
   36.000000000000000     
   30.000000000000000     
   13.000000000000000     
   10.000000000000000     
   9.0000000000000000     
   14.000000000000000     
   18.000000000000000     
   2.0000000000000000     
   6.0000000000000000     
   7.0000000000000000     
   18.000000000000000     
   28.000000000000000     
   3.0000000000000000     
   13.000000000000000     
   19.000000000000000     
   10.000000000000000     
   9.0000000000000000     
   20.000000000000000     
   25.000000000000000     
   25.000000000000000     
   36.000000000000000     
   6.0000000000000000     
   5.0000000000000000     
   15.000000000000000     
   25.000000000000000     
   9.0000000000000000     
   8.0000000000000000     
   18.000000000000000     
   13.000000000000000     
   14.000000000000000     
   3.0000000000000000     
   23.000000000000000     
   6.0000000000000000     
   26.000000000000000     
   16.000000000000000     
   11.000000000000000     
   7.0000000000000000     
   41.000000000000000     
   35.000000000000000     
   26.000000000000000     
   9.0000000000000000     
   15.000000000000000     
   3.0000000000000000     
   1.0000000000000000     
   2.0000000000000000     
   22.000000000000000     
   27.000000000000000     
   20.000000000000000     
   11.000000000000000     
   12.000000000000000     
   10.000000000000000     
   9.0000000000000000     
   17.000000000000000     
           1
  0.45454545454545453       0.45454545454545453     
           8
  0.54208146600953422       0.63514299984115519     
  0.53165286774537945       0.64449310193256926     
  0.52480455433037432       0.64365446236429835     
  0.52059523527955054       0.64876307203474681     
  0.52155149933949174       0.62794326767107156     
  0.51960397000549197       0.62248958990445680     
  0.53079749708081747       0.62358087243937099     
  0.53755086772463767       0.62374997112415764     
           6
  0.45595280218125112       0.23339416306181612     
  0.44620486765178319       0.23259692193405926     
  0.44338451558988040       0.22622436036168458     
  0.44834066508066034       0.21220524146066927     
  0.45548214667296438       0.21280687805232232     
  0.46448103788517048       0.21380554264896406     
           4
  0.70617058744187777       0.59733550889107190     
  0.70238060520528056       0.58651766282700857     
  0.71283439381253122       0.57330051042655317     
  0.72223895184849618       0.58496587752992923     
           8
  0.72717243190061664       0.26402458201065082     
  0.72359711469190557       0.27225622717865089     
  0.71630484334108913       0.27229525647353109     
  0.70260298206587957       0.26809088621598126     
  0.70325681255768469       0.26268111971696068     
  0.71112466981913802       0.25238183150490384     
  0.72376005136184984       0.24790675680802682     
  0.72509256204694372       0.25597775304151460     
           3
  0.20593283471867008       0.39416313703340494     
  0.18127118179549659       0.38664026208102342     
  0.19857377132400519       0.38245526684140896     
           5
  0.32553527870830046       0.40210707532497386     
  0.31709224091604238       0.40099709817996987     
  0.31428335088798998       0.38788773772791302     
  0.31767915544488601       0.38175772366029948     
  0.33395030757127803       0.38819486788746760     
           3
  0.27242861979341898       0.65232037582251923     
  0.25974025974025972       0.64935064935064934     
  0.27016714817057869       0.63974612572827938     
           8
  0.13853203806759251       0.56383258670007663     
  0.14274359722529908       0.56789071029423610     
  0.13211451140452490       0.56861013581608710     
  0.12163803002845115       0.57070558309674835     
  0.12172060134035199       0.56282720959487653     
  0.12198972300248118       0.55719882976602175     
  0.11663580439269328       0.55087425433496462     
  0.12616989552985447       0.54643123341295574     
           4
  0.71870944577054929       0.78891632816134372     
  0.70555707063744710       0.79151677914530039     
  0.70615298746609423       0.78116534184981889     
  0.71760341190069854       0.77055358835121568     
           8
  0.39922635328780048       0.78363788540332469     
  0.39823368691737560       0.79078166287473350     
  0.39086321188944145       0.78665767412993970     
  0.38410844590553200       0.79151983767804135     
  0.38114348115381674       0.77567496317580364     
  0.38097873024863715       0.76953258194621865     
  0.39668355751812678       0.77098405651842694     
  0.40297226895669691       0.76589750598865336     
           8
  0.27032901483618493       0.84918377348376017     
  0.26461634313895843       0.85163759778394466     
  0.25584966540245935       0.85131501268407739     
  0.24685073231798096       0.84961260080699863     
  0.24804950402643419       0.83158657958686588     
  0.26601162452489985       0.83235152480475216     
  0.26689830786357382       0.83836374892089283     
  0.27277880998127862       0.83684423324580204     
           4
  0.65232050708950651       0.46717854723123287     
  0.63899387510371897       0.44628387283077431     
  0.65031946741870150       0.44534167533429475     
  0.66337225503548225       0.44945568130229513     
           3
  0.39348185045364148       0.33773245591291268     
  0.38531840847944565       0.33613677901772909     
  0.38961038961038963       0.32467532467532467     
           4
  0.19760036862602121       0.14031315302523156     
  0.18759130213349889       0.13701344850318045     
  0.19292872400969821       0.12242211054319277     
  0.20392557398476299       0.12195957029774444     
           6
  0.39084492555058575        7.8343636958090851E-002
  0.38390492873018928        7.4650131169099965E-002
  0.38219450601231825        6.6663314622900954E-002
  0.37916232120971416        6.0360769418500979E-002
  0.38434932187501902        5.2604277161804158E-002
  0.39404458433545286        5.1107090588816788E-002
           8
  0.13905760213091231       0.26863613466396152     
  0.13431084409605223       0.27003730698919848     
  0.11751969203765707       0.26816344179176133     
  0.12064765829037989       0.26074846160496395     
  0.13220471747603940       0.24793415286624046     
  0.13743628165877519       0.24860537708934557     
  0.14390319083778791       0.24780022313666347     
  0.13868747708076717       0.25718241587494972     
           5
   6.9901013816719315E-002  0.39787593019637318     
   5.2715430510646505E-002  0.40327523100145307     
   5.1431319623008363E-002  0.38266008027990911     
   5.3859404041339438E-002  0.37570401583381935     
   7.7700901026846278E-002  0.38451371392806077     
           7
  0.26840032818387699       0.52243354797458541     
  0.25528544004808168       0.52845761417148507     
  0.25142008951190314       0.53264819720416279     
  0.24571107263934588       0.51108043037695194     
  0.25798577258269767       0.51145399866216867     
  0.27143959877765944       0.50541326994029512     
  0.26739835676531559       0.51560109698859180     
           4
  0.20864573226406513       0.77857084549557631     
  0.20894630215134311       0.78880340967804274     
  0.18552153266239643       0.77717794005934726     
  0.18251287443991418       0.76752822335735449     
           8
  0.59607021498082913       0.84770736720301720     
  0.59622153192942062       0.85592718497274345     
  0.58794280259155607       0.85352331869682430     
  0.57503388251852205       0.84635795573083372     
  0.57095626935121147       0.84339338666347052     
  0.57739367564813837       0.83093992644287384     
  0.58142910634084155       0.83701222265358721     
  0.59727086141847840       0.83270717646590264     
           6
  0.59855436374562565       0.25867866660198813     
  0.58475013395613296       0.27141400678172178     
  0.57241691190850219       0.25587269777835631     
  0.57457035206081364       0.24717483891855027     
  0.58129842597652182       0.24942297494551555     
  0.59594754898534230       0.25240190089695108     
           8
  0.59155856482094549       0.12717958703090812     
  0.59832087408741386       0.13516640099076152     
  0.59319664257114912       0.14402248592303710     
  0.57495722964076001       0.12549076506042628     
  0.57983944869422255       0.12216348321049242     
  0.58367602756790460       0.11861420154935985     
  0.59462211596101733       0.11948404687619428     
  0.59818299000781905       0.12485086753075278     
           8
  0.72455780745091303        7.4098886988405291E-002
  0.72161272892492256        7.9171633979434441E-002
  0.71755880576824993        7.5606670097894749E-002
  0.70385331497476822        6.7366472468541341E-002
  0.70675264993329989        6.2515651292699759E-002
  0.71118556154653012        5.5605146849846972E-002
  0.71313926054830257        5.0821458412519067E-002
  0.72479261086658942        6.1338601319557123E-002
           6
  0.85432404875175860       0.45510142263260461     
  0.84489177883162248       0.46188905121460327     
  0.83131892207488267       0.46117514616124977     
  0.83259802847660469       0.45464538831964846     
  0.84597175590607077       0.44107363430109775     
  0.85225915926387352       0.44248491342834761     
           5
  0.85641732326336606       0.26577319778491748     
  0.85249780809799569       0.27106663766028594     
  0.83305926614555958       0.26455556844702111     
  0.84265730924055759       0.25260886453034992     
  0.85557610252217431       0.25481678545613018     
           4
  0.59814980764456904       0.39655001042180399     
  0.58062352666240846       0.40087483526976248     
  0.57497763153074655       0.38633267242732844     
  0.58441558441558439       0.38961038961038963     
           8
  0.46341052153033790       0.52143211415780200     
  0.46827796907536817       0.52618477811949882     
  0.45839637577250020       0.52912123851748405     
  0.44899251928609835       0.52924681492105652     
  0.44287714015460544       0.51380690968527110     
  0.44778474202833046       0.50984754126836174     
  0.45528865083085962       0.50645627357283185     
  0.46792160102300978       0.51808297621521882     
           6
  0.54354274751356091       0.48693251731897219     
  0.53541511598786629       0.48906544297578819     
  0.52667402551230291       0.49154680570256482     
  0.51985024447407002       0.47578267582274369     
  0.53144346200487380       0.47254406851655933     
  0.53455796961798707       0.46679167732828358     
           3
  0.84075919542285027       0.54686328941191642     
  0.81865012655295377       0.54560946717795100     
  0.83973815498419768       0.53284799201559752     
           8
  0.52786592705245194       0.78015292188677765     
  0.53046287538170456       0.79150103994570997     
  0.51981649782449058       0.78642568227089338     
  0.50720802028442391       0.78735243958912515     
  0.50591238596706956       0.77244220743014491     
  0.51185538446056400       0.76743778440862842     
  0.51831922757327520       0.77206674035608636     
  0.52319960066566285       0.76619713383601618     
           6
  0.41421498897423592       0.68289487226396439     
  0.40670260565883115       0.68626871763249597     
  0.39756144816913175       0.68675114883867094     
  0.39298867615014976       0.67861274921554871     
  0.39026455752547223       0.66611920955091031     
  0.41668368578296472       0.67492541847923471     
           6
  0.46627795083865686       0.89813852565905627     
  0.45372429089383748       0.90893682662974939     
  0.44288481829850879       0.90554587843411416     
  0.44661687831711255       0.88279552946702322     
  0.45580908083897981       0.88574466046500500     
  0.46858059927208728       0.89070285347387457     
           7
  0.69921569104497949       0.68092942653137467     
  0.69466081066198615       0.68866832182305948     
  0.67781545422425660       0.68722923282229809     
  0.69493375169341887       0.66178385253329719     
  0.69603088499306021       0.67296842440683602     
  0.70132808940720515       0.66602803645140307     
  0.70237597388507456       0.67548721113019294     
           5
  0.85530575499854156       0.72287030865484636     
  0.84513241818364426       0.72150537810097892     
  0.83081122232513116       0.70434590311827117     
  0.84855993140406050       0.70713075263943359     
  0.85598063801204594       0.70101461386507613     
           3
  0.82496445304032573       0.85196197877588842     
  0.80741050361133704       0.84698710761786467     
  0.81818181818181823       0.84415584415584410     
           8
   3.6737235559231210E-002  0.78258276906543467     
   2.7542392776393393E-002  0.79222425816434627     
   1.9141467706990906E-002  0.78683423618583737     
   1.2380436081991610E-002  0.77183799928147145     
   1.7361042414988447E-002  0.77010662391463169     
   2.4558278933979546E-002  0.76785079055175220     
   3.8709006578019581E-002  0.76822529635409498     
   3.3601435570705634E-002  0.77226712407424525     
           6
  0.26768026797281291       0.26580714461887717     
  0.27315106795749172       0.27124771292906658     
  0.25683093433135762       0.26757805286198272     
  0.25047550282892705       0.26212747156117788     
  0.24942429796077095       0.25382798356352887     
  0.27348562135178384       0.25450347408972251     
           7
   7.7684472320778963E-002   6.8548557526058207E-002
   7.4566563278549894E-002   7.4098615793488726E-002
   5.4907329608945801E-002   6.1178461046278533E-002
   5.5928813944085262E-002   5.4171583583117328E-002
   6.1424730408481898E-002   5.4503679789918248E-002
   7.0542334022165781E-002   5.6909657996084370E-002
   7.7156962834816392E-002   6.0829735618677140E-002
           3
  0.77371189221249148       0.16537808601039339     
  0.76825034351975041       0.14452752260972682     
  0.78832454063904756       0.15346631325103191     
           4
  0.52974576153556174       0.33262351078680674     
  0.50626046272592806       0.32906050051137259     
  0.50779162777913478       0.31495177408553393     
  0.52508762452699187       0.31389288689553158     
           6
  0.55584025855976504       0.10133945621023772     
  0.53732030360671912        9.5873317589623822E-002
  0.53260871985891955        9.0311127133036573E-002
  0.54841969542101299        8.1384139273300404E-002
  0.55325779490658467        7.7090600864625186E-002
  0.55958455948688446        8.4942854862160855E-002
           8
  0.32176885072032146       0.16410763334866627     
  0.31958978016152412       0.16927639712073822     
  0.31114175173024644       0.16973697931687187     
  0.30410671153645236       0.16368311125633361     
  0.30380110819618739       0.15430153206554312     
  0.31409931544841146       0.14664091228506726     
  0.32086090870830791       0.14259380379097303     
  0.32553506808815436       0.14578499058299357     
           4
  0.31236641802504062        5.2263792059258900E-002
  0.29463140778428004        5.1853370723203132E-002
  0.29035592075490912        2.7221003309714317E-002
  0.31189436465663539        3.6665415154277285E-002
           8
  0.15193737180637926       0.18268853581212985     
  0.15618293013507004       0.18851586384448563     
  0.15053275042347727       0.18741099544828424     
  0.13228907422729783       0.18267479579138096     
  0.13286106284950783       0.16892039651268326     
  0.14260408100123345       0.17253630626987901     
  0.14699818236316187       0.16844499983499028     
  0.15134205904196063       0.17470973748112395     
           3
   7.0928806234313316E-002  0.50587008416491464     
   6.3991592679904785E-002  0.49198944360613589     
   9.1179265048571018E-002  0.48655115496728546     
           4
   2.8435477705093221E-002  0.63605287754177131     
   1.6687827501560698E-002  0.63567117773289705     
   1.8247807495447094E-002  0.62164852636125489     
   3.4245478282913140E-002  0.61740644872322548     
           5
  0.10624222433541702       0.73840249272460645     
   9.5202779675307714E-002  0.73504473929341685     
   9.1570719463042571E-002  0.72952724651264955     
   9.7931898289639024E-002  0.71764213261015908     
  0.11355263937818126       0.72999431973331397     
           8
  0.17797414199442108       0.67687553903974484     
  0.17886436739309566       0.68545367935657686     
  0.16970446627210972       0.68422207379162903     
  0.15774008765416181       0.68707703158224687     
  0.15853551506395247       0.66893624403434826     
  0.16564634919023583       0.66713529528085225     
  0.17248769070611264       0.66472819865926358     
  0.18279519698493016       0.67094260326101818     
           4
   8.1945750655819508E-002  0.89095237749462608     
   6.4871935002093511E-002  0.89496956572350594     
   7.7922077922077920E-002  0.88311688311688308     
   8.7688571158369394E-002  0.88252014819984048     
           4
  0.61957739638074727       0.62455835137965920     
  0.60700237844691685       0.61818584841785507     
  0.61113274936424933       0.59640214243606648     
  0.62114383620385727       0.60517507731187314     
           3
  0.63074140531871958       0.76615124847296112     
  0.62748637780825023       0.74577066019926230     
  0.63636363636363635       0.75324675324675328     
           6
  0.35938883215855699       0.55740105390119155     
  0.35457331189460450       0.57090790957162441     
  0.33716221541913705       0.54582946349850214     
  0.34774391478592964       0.54620271311941293     
  0.35528014201943120       0.54481519559815272     
  0.36210643930667852       0.54590443643205100     
           6
  0.48134716580584624       0.41392538321611977     
  0.47521573797540462       0.41358242589629229     
  0.46815185481555505       0.40697146029072340     
  0.46840515867971377       0.39183803800471390     
  0.48481481893773848       0.39059641517836452     
  0.49471067954427739       0.39958858266125136     
           8
  0.74907750839481013       0.38114000969564965     
  0.75381269755985114       0.38468004412341761     
  0.72619449914288514       0.38888379011671648     
  0.72716505245727669       0.38036154038371484     
  0.72838290074590817       0.36964542795903527     
  0.72991788313913175       0.36272924896780312     
  0.73969643216202963       0.36537490510837889     
  0.74372157072447775       0.36936382680795521     
           8
  0.82887082340254736       0.30815123184256427     
  0.82343252860952076       0.30785330045223652     
  0.81294767610807928       0.31166895925164123     
  0.80471767845549746       0.30229897719478527     
  0.81571203346916177       0.28838636380712440     
  0.82102980365476186       0.28530197932156476     
  0.82337392525419961       0.29131997346865945     
  0.83107765339448514       0.28532862791263319     
           8
  0.70236304813876749       0.16662561838446341     
  0.69840574508462072       0.16343836011879445     
  0.67448880377423492       0.16835933394312952     
  0.67969802280626113       0.16375127068121209     
  0.68258113085999972       0.14251954868106970     
  0.69014646015833392       0.14604380185128854     
  0.69542365486533031       0.14459318322684472     
  0.70144822168589727       0.14333596380802294     
           5
  0.42275179268287899       0.16443043036971403     
  0.40969254637751928       0.16569621791385927     
  0.40304101719053659       0.16821189741486128     
  0.41569881878187426       0.14179217636695451     
  0.42287126182255624       0.15007349978294127     
           8
  0.47064606138892429       0.34503519409708477     
  0.46663507253763337       0.35099852289847716     
  0.46233887273953339       0.34852231194668348     
  0.45589746580363399       0.35070251918448231     
  0.45471528698777292       0.33429511193854189     
  0.45923152324243255       0.33216744338066007     
  0.47675799595901452       0.33106509895271991     
  0.47809217454523528       0.33868576631188169     
           7
  0.28296490173633615       0.31126792386868818     
  0.27372275486467701       0.32338639935886115     
  0.26508594608293101       0.31260011696380413     
  0.26070769232163254       0.29821461603832999     
  0.27098949338889111       0.29964267668897865     
  0.28459780448749966       0.29810010012187255     
  0.28661500093997327       0.30665657037725291     
           5
  0.23258165285252119       0.45121125952017932     
  0.22061716351245447       0.45220531065983482     
  0.20766540501451267       0.43712311813738641     
  0.21326075238205644       0.42810855977189433     
  0.23411597410948978       0.43318336349127073     
           5
  0.16372850180751139       0.32216996094690764     
  0.14387361487239947       0.32490357411264353     
  0.14870462075470270       0.31531881803001305     
  0.14865277754975237       0.29847236587038578     
  0.16777142181436175       0.31170144445425413     
           5
  0.32567027787312297       0.76552173789295197     
  0.29974084501777781       0.75551339271232587     
  0.30084157786060889       0.74174725763177896     
  0.31601595369589724       0.74300007247749678     
  0.32539115369839389       0.74545160402871780     
           7
  0.36156340164040079       0.89969325677726120     
  0.35919628217620087       0.90590855317750940     
  0.35073996964013787       0.90955190182014944     
  0.33970573772645135       0.90835654817300382     
  0.34560172751832002       0.88231094102313146     
  0.35058428363758892       0.88486688041551920     
  0.36485188107764954       0.88416277302292978     
           8
  0.20504299631687892        1.0024788637259463     
  0.20616019346450357        1.0090836112791846     
  0.19062664516915145        1.0095608004535466     
  0.18254985991164857        1.0117846621679785     
  0.18681467264172597       0.99942779692919714     
  0.18597860982969333       0.98971247063404322     
  0.19555688201019100       0.98726892408668498     
  0.20116122438271733       0.98701969888955643     
           8
  0.81530538574521705        1.0004819012234174     
  0.81602763608700879        1.0056948288628382     
  0.80653613378577205        1.0138598373003598     
  0.79444737634837659        1.0055202240074035     
  0.79119487159920709       0.99905694178684401     
  0.79707203194616816       0.99833777145109348     
  0.80567880011141724       0.98843804533219271     
  0.81540963523571575       0.98667301492423154     
           3
  0.64840617232257369       0.94858124962929680     
  0.63636363636363635       0.94805194805194803     
  0.64571940771724867       0.93727636469813913     
           8
  0.88145757280264547        7.0978920382240393E-002
  0.88096476300269189        7.6802858935723362E-002
  0.87102850646298813        7.2462077502509908E-002
  0.85770152167313252        7.4120568244091217E-002
  0.86140057151278748        6.6223003978198233E-002
  0.85611801936991039        6.3079427100420138E-002
  0.85628518840213075        5.2897783274999749E-002
  0.87974643649212503        5.0998752178748656E-002
           5
  0.73718006676340131       0.50903209046491571     
  0.72711389464840681       0.51437145495193592     
  0.71567974058246508       0.51361186341641329     
  0.72610436159086433       0.49438151007023778     
  0.73896047343371529       0.49696398490438926     
           8
  0.48842542411334722       0.61358697515811611     
  0.49029685303953435       0.62174453897884796     
  0.48117591224421230       0.62021603520895952     
  0.46640497900198308       0.62073002061413685     
  0.47138871070154414       0.61456119486278393     
  0.46782618543886045       0.60992513199569354     
  0.47169290002697811       0.60017742678886987     
  0.49028749991189607       0.60696023833532442     
           8
  0.48924397652999768       0.73071563429547326     
  0.48039826265794006       0.74072164525276296     
  0.47303299282960493       0.73863321682335026     
  0.46795752965841397       0.74113932708432728     
  0.47251233483843486       0.73213649543531645     
  0.46852381541507604       0.71698509588538362     
  0.47743462551058580       0.71870707413018309     
  0.49065836240212340       0.71920848635438184     
           3
  0.73803530795029293       0.89492478044351786     
  0.72783609855411735       0.88596052306498263     
  0.75282389968603303       0.87788692121429213     
           5
  0.62031226714743071       0.21142341265943737     
  0.61274569485139541       0.21549084024066859     
  0.60575879666934762       0.22104295639035440     
  0.60153133179118312       0.20600207709164800     
  0.61016350760561266       0.19588756402850796     
           5
  0.58130747764359814       0.22964637389721154     
  0.55745285510000664       0.22809736599047339     
  0.57901038039649300       0.21644986219265411     
  0.58555352778911784       0.21525692425862672     
  0.58345077318019745       0.22134441745152048     
           7
  0.60212304147233797       0.18089508721013581     
  0.59450180283585197       0.17763311050732628     
  0.58730253423174517       0.17421843244480409     
  0.58723093398571768       0.16710830827702292     
  0.58703057192654540       0.16058686730058463     
  0.60014077278176636       0.16123190583543265     
  0.60823502413519326       0.16773328716835711     
           4
  0.63375291321658711       0.15634036275649571     
  0.62389427135689346       0.14626332497915906     
  0.64484365842654745       0.13894142097802348     
  0.64844536466333391       0.14698902395418986     
           6
  0.64570507537030131       0.55013989498951343     
  0.63914687453104591       0.55467424343575755     
  0.62824857111461530       0.55940969399412843     
  0.62805544641973754       0.53211291914258374     
  0.63503929274048965       0.53223365642719944     
  0.64828676573267041       0.53290930855357221     
           3
  0.69827025138522059       0.56741260607079680     
  0.67673086060247067       0.57053670797832912     
  0.68831168831168832       0.55844155844155841     
           3
  0.80264076187939049       0.68247934453997539     
  0.77894745686054689       0.68633337917746229     
  0.78070364912870271       0.66605222014899668     
           3
  0.74084328413622913       0.63293493670738621     
  0.73279437469741926       0.61946105024553499     
  0.74025974025974028       0.62337662337662336     
           5
  0.73892792204595148       0.49355364707711002     
  0.71726275950432405       0.49055478801414604     
  0.71588107761435327       0.48206290173989019     
  0.73952866446497822       0.47885767794832795     
  0.73574649010072768       0.48533576995523470     
           5
  0.72470981112068611       0.70174132090601327     
  0.71786914300962679       0.71546633229553003     
  0.70475674629392793       0.70639820982377055     
  0.70459293793266919       0.68761442115799054     
  0.71392745189360307       0.68984148691694669     
           7
  0.19899519895328788       0.62244836053382568     
  0.19095536602250560       0.61910962891860399     
  0.18854414258806845       0.62462081852311180     
  0.18301887720209806       0.61522803037570484     
  0.18210804511465445       0.60210618929405246     
  0.19892263146705469       0.59908183022947470     
  0.20899253652761929       0.59951659570939519     
           8
  0.19372561179082118       0.48894191956030936     
  0.17399626365779547       0.49388318890287802     
  0.16832225878242743       0.49110719654110863     
  0.17417530131065975       0.48379825043654556     
  0.16938238943434686       0.47852587356089193     
  0.17110729696092319       0.47361418198506205     
  0.18151576606855213       0.46774626353961468     
  0.19520787358455635       0.47891566152239728     
           3
  0.14285714285714285       0.40259740259740262     
  0.13067770016395580       0.40817883604154581     
  0.13652850478701489       0.39174016080558749     
           3
  0.21170608751531911       0.29963695288312275     
  0.20779220779220781       0.28571428571428570     
  0.20838637909544960       0.27450855868016499     
           8
   6.2828475658090258E-002  0.24183674476737471     
   5.5273668873720441E-002  0.24426792510771997     
   4.7144259666475181E-002  0.24500610005692425     
   4.2614197458075771E-002  0.24262290902782777     
   4.1778301684179744E-002  0.23571499269460736     
   4.3271044384873183E-002  0.23094487921612505     
   5.7209426846934641E-002  0.22277680083941528     
   6.3137962243763626E-002  0.23103580019335668     
           4
  0.37160861192698552       0.24051965542662729     
  0.36532162652263372       0.24613291994876976     
  0.35383543511666110       0.22526404795341190     
  0.36466291050354738       0.22639711566045748     
           7
  0.34929526488848395       0.68438383863479801     
  0.33660221071676188       0.68796830345614612     
  0.32682545397831997       0.68696282905129780     
  0.32863479172286331       0.67693265511370604     
  0.33285544870273798       0.66300141719928984     
  0.34792124940438651       0.66232752029968256     
  0.34717096689599369       0.67018460154551163     
           3
  0.33598025413606675       0.46713155402115414     
  0.33090312565009450       0.44164871875247874     
  0.34760969668667846       0.44610650610307184     
           8
  0.41342672842097944       0.87388049681328384     
  0.41649450277164290       0.88019897084282928     
  0.39222498893076924       0.88384399261234070     
  0.39214131736091840       0.87323033074878509     
  0.39116639734017533       0.86532683306121205     
  0.38951351050657984       0.85593235763498110     
  0.39469258885042890       0.85743912424432844     
  0.41537816763311575       0.85959926707708489     
           3
  0.19480519480519481       0.24675324675324675     
  0.18538601475745392       0.24568042839753970     
  0.19352349466281324       0.23817276107777718     
           3
  0.29539522643103755       0.29985625374320041     
  0.28571428571428570       0.28571428571428570     
  0.29978318348464361       0.27794578667891601     
           7
  0.24407347617736222       0.31346790467364949     
  0.23998998321193729       0.32561254115579480     
  0.22847952551773446       0.32414130959556259     
  0.22572696161411338       0.31777459967655675     
  0.22447681378146406       0.29832165185864140     
  0.22779192493884984       0.30314934172755054     
  0.24447794001882872       0.30391608379247165     
           7
  0.34672374688867330       0.34852679611168580     
  0.34880547716042992       0.35935892869795744     
  0.32747409436417380       0.35509585649889702     
  0.32428261534162567       0.34891320947575311     
  0.32466659507384188       0.33687788180054951     
  0.33057298029063048       0.34313446570698003     
  0.33243342633333434       0.33759916551224789     
           4
  0.32467532467532467       0.31168831168831168     
  0.31224920830116687       0.30142294068585807     
  0.32725047855241335       0.29853000223750420     
  0.33441227832994919       0.29882646064432095     
           8
  0.29808389853919975       0.35119011756311413     
  0.28268829937998197       0.36307624545898098     
  0.27740907781361429       0.35894418174528708     
  0.27302588823055979       0.34705055391136119     
  0.27339309358830177       0.33791574559508319     
  0.28483926985076347       0.34135319223951327     
  0.28967746206014117       0.33861806283860973     
  0.29874953595072667       0.34484004902736481     
           3
  0.31937832076852946       0.28303760034366021     
  0.31167682647484402       0.26960771947806977     
  0.33224689410201852       0.26719840341383660     
           5
  0.25712497253002375       0.27593455381012122     
  0.23642118144428231       0.28099040779962409     
  0.23369370273222875       0.26898936583597194     
  0.24340899321644338       0.26231025757034948     
  0.25668344827911671       0.26074967863187254     
           6
  0.27111883689228888       0.34427127248847522     
  0.24773708984342441       0.34365537546354619     
  0.24793834397961986       0.33668721185394368     
  0.24989535517495287       0.33060607436002026     
  0.25340974801526389       0.32379732162118052     
  0.26974694377666403       0.32940285795694785     
           3
  0.22072632508215279       0.24672926051367128     
  0.23885470639436632       0.22204813403942630     
  0.24676759059333109       0.22796526359905295     
