   329.00000000000000     
   4500.0000000000000     
          22
           8
   125.00000000000000     
   84.000000000000000     
   60.000000000000000     
   500.00000000000000     
   300.00000000000000     
   175.00000000000000     
   350.00000000000000     
   150.00000000000000     
   1100.0000000000000     
   4100.0000000000000     
   225.00000000000000     
   300.00000000000000     
   250.00000000000000     
   500.00000000000000     
   150.00000000000000     
   100.00000000000000     
   250.00000000000000     
   120.00000000000000     
   600.00000000000000     
   500.00000000000000     
   175.00000000000000     
   75.000000000000000     
           1
  0.80851063829787229       0.71428571428571430     
           8
  0.89737855109712361       0.83033848286927092     
  0.89416477748566858       0.82952035231106525     
  0.89191090794137140       0.83182084653908850     
  0.89292984447135593       0.82743445425665307     
  0.89321029239206451       0.82375995168668259     
  0.89541585000679291       0.82170754828218873     
  0.90054406567682466       0.82188059511591494     
  0.90080878243527807       0.82455467888716849     
           8
  0.91777337939272374       0.78398045189192078     
  0.91985605699384798       0.78890303838013642     
  0.91655179652803120       0.78759410167223143     
  0.91448984928905008       0.78745234241935902     
  0.91120519419156476       0.78242962465934729     
  0.91473844579124863       0.77952234696975464     
  0.91655634598739200       0.78075156349970409     
  0.91962501249958128       0.77943474995370243     
           3
  0.94319813873449521       0.79399059114335491     
  0.93920972644376899       0.79027355623100304     
  0.94316254146311762       0.78925752535408866     
           3
  0.66311055422717646       0.83590697770959754     
  0.65475492641109101       0.83478252885349591     
  0.65603331370244033       0.82786990892222612     
           3
  0.66261398176291797       0.84498480243161089     
  0.66018007782769206       0.84126447774402091     
  0.66326126101797578       0.84205221880591352     
           6
  0.86169248952808197       0.81336790329007358     
  0.85791382898382562       0.81529948121482254     
  0.85586982265766509       0.81470892525499028     
  0.85267942863409862       0.81113134550481969     
  0.85266377159860984       0.80831261769989826     
  0.85495064163539625       0.80875377730850428     
           8
  0.74034728801766869       0.75710836235734702     
  0.73726765267883065       0.76150903512953616     
  0.73397335159283283       0.76097679173929011     
  0.73241208320252538       0.76190897551863723     
  0.73200589557132911       0.75573503057791602     
  0.73455647436959226       0.75232203147509413     
  0.73844922197620821       0.75182977268419660     
  0.74041279687695172       0.75432051346868811     
           3
  0.69911933096680823       0.79982192693296672     
  0.69908814589665658       0.79635258358662619     
  0.70189731491490370       0.79677656787969064     
           8
  0.75996238439981811       0.81814171425544269     
  0.75822693165213939       0.81765612414351541     
  0.75616125974075210       0.81739277199739135     
  0.75282742189997132       0.81880870416801488     
  0.75258119455943517       0.81449138614679295     
  0.75186107115591949       0.81147240788685315     
  0.75895208157969629       0.81143742760794380     
  0.76074811153343402       0.80955417474387381     
           4
  0.77957303416519108       0.81654264337666649     
  0.77405944840639873       0.81644171801212850     
  0.77348916846162596       0.81185637593830318     
  0.78071926900735700       0.80654746644421782     
           5
  0.80996873742817344       0.78338540130979795     
  0.80474645402382006       0.78501667507729356     
  0.80261929038370017       0.78216494603798481     
  0.80314557990645763       0.77632465473487122     
  0.80915739709899026       0.77801847117087997     
           3
  0.81150767700135173       0.74019364777694019     
  0.81155015197568392       0.73556231003039518     
  0.81433139153936496       0.73516827321218547     
           7
  0.79157426911253981       0.80745415512971197     
  0.78272943457223632       0.81063083025609073     
  0.78286124976815119       0.80804517157062150     
  0.78255010089942589       0.80597381342782426     
  0.78349400026700877       0.80043052011278371     
  0.78665511709822322       0.80136497519598793     
  0.79128587117737370       0.80247071718531338     
           5
  0.95698420173761556       0.71180719890093702     
  0.95437646783737629       0.71262536806208543     
  0.95420118687712774       0.70319015232015303     
  0.96166276684393714       0.70424618347055556     
  0.96036302128771123       0.70623797763160279     
           8
   1.0048298430052409       0.77052554552068264     
  0.99978642712898091       0.76897934185484018     
  0.99850032048557613       0.77111076426606406     
  0.99511912337533837       0.76795982034552990     
  0.99919241478258802       0.76122370859023170     
   1.0010555869059494       0.76317732832009422     
   1.0041316525272412       0.76125938898328305     
   1.0039955300410608       0.76434455911905019     
           4
  0.96942172255688275       0.76833860204517423     
  0.96384789207872645       0.76578146083392395     
  0.96845916159285084       0.76221816232025419     
  0.97125460317265966       0.76101466370017279     
           5
   1.0031525933850660       0.68431624200055208     
  0.99555423182113523       0.68568086610822043     
  0.99665110793500356       0.67916655917634816     
  0.99668438177570151       0.67608921365002606     
   1.0033498509943242       0.67782597752064067     
           8
  0.81513578639857454       0.65020158261625483     
  0.81152806681290168       0.65110494453468215     
  0.80710799393083688       0.65044276184982075     
  0.80874913674600457       0.64866204759543944     
  0.80708917217654363       0.64650041863122942     
  0.80881143914623321       0.64404905490918141     
  0.81505118438609037       0.64448568684016505     
  0.81609962925088075       0.64662723044741222     
           8
  0.84070900357601330       0.58627470184343178     
  0.83896931888678494       0.58755500905051483     
  0.83582437020061606       0.58761633738711594     
  0.83164163436888139       0.58763664311688879     
  0.83128514611355608       0.58370709194178727     
  0.83309737017392160       0.58325595880880954     
  0.83211210794955559       0.58088245678104988     
  0.84034706586142882       0.58447455325488529     
           8
  0.92176156963142819       0.61445288169955048     
  0.91869407269481873       0.61460042660301828     
  0.91636077400995131       0.61482018166400776     
  0.91771363624561442       0.61002842606697705     
  0.91683055185028761       0.60678585017489139     
  0.92289124523190880       0.60730192283072237     
  0.92486328167853038       0.60622158729956133     
  0.92513053790061250       0.60992378545165304     
           8
  0.63688865087172020       0.66099469734583494     
  0.63654927313680887       0.66348626970104152     
  0.63468502120268067       0.66421059582599218     
  0.63150279381809959       0.66251860232073312     
  0.62799085895154949       0.65923551907242783     
  0.62915928154908329       0.65768925188944583     
  0.63720496547947059       0.65616816692715996     
  0.63539041020576947       0.65909124835409183     
           6
  0.99477811329399757       0.55284100203527875     
  0.99222120636735767       0.55402877457001520     
  0.98787544437801011       0.55273024103757418     
  0.98824147871291279       0.55049014837003840     
  0.98896296207371137       0.54512644056582293     
  0.99461724235986926       0.54609235305179549     
