   264.00000000000000     
   6000.0000000000000     
          21
           8
   1100.0000000000000     
   700.00000000000000     
   800.00000000000000     
   1400.0000000000000     
   2100.0000000000000     
   400.00000000000000     
   800.00000000000000     
   100.00000000000000     
   500.00000000000000     
   600.00000000000000     
   1200.0000000000000     
   1300.0000000000000     
   1300.0000000000000     
   300.00000000000000     
   900.00000000000000     
   2100.0000000000000     
   1000.0000000000000     
   900.00000000000000     
   2500.0000000000000     
   1800.0000000000000     
   700.00000000000000     
           1
  0.54924242424242420       0.81439393939393945     
           8
  0.57378548494003123        1.0014652556754509     
  0.57408682970062819        1.0028644712827366     
  0.57123608360005285        1.0030105144939474     
  0.56915578970297109        1.0010267807234683     
  0.56943600716291476       0.99877688032987211     
  0.56955631760950676       0.99681530599960799     
  0.57471927632640041       0.99815872147395490     
  0.57471082695051778       0.99932827163962290     
           5
  0.60344733694073860       0.99123229195902074     
  0.60148718315703664       0.99093229404454319     
  0.59919463735492140       0.98806985703962602     
  0.60398070111430602       0.98732149158205407     
  0.60472735352374751       0.98869080591143343     
           5
  0.49262458852246582       0.96465013815577672     
  0.48936297328162415       0.96441315333495781     
  0.48952496648512345       0.96013882218580893     
  0.49167985400076869       0.95975410994152655     
  0.49415428701336134       0.96078766644640023     
           6
  0.48786126940941149       0.95739381546720626     
  0.48366334693292740       0.95722808901003931     
  0.48206242430564261       0.95500888880727042     
  0.48167656817860488       0.95199304271692931     
  0.48426754815418160       0.95289316072284191     
  0.48563713492881383       0.95238667372396801     
           4
  0.61742089044798665       0.93784230290792048     
  0.61591423240838061       0.93845961046144544     
  0.61551506171251535       0.93294122250846756     
  0.62040274278414653       0.93495269744200038     
           6
  0.55499205923250450       0.93301762841115632     
  0.55435515143428704       0.93433355824499709     
  0.55234117406781624       0.93404657186654660     
  0.55003389781738976       0.93091730844695852     
  0.55129767298845578       0.92874663215931164     
  0.55402923520548431       0.92997200692977477     
           4
  0.61022032407333671       0.91839205799366286     
  0.60764239064899805       0.91548991022403026     
  0.60976815450990052       0.91373146893959889     
  0.61303168804728692       0.91366876137290021     
           4
  0.53754401279991959       0.90824520041470025     
  0.53481286517098980       0.90747970733668260     
  0.53553627411728855       0.90217406512019316     
  0.53838438804317446       0.90334576528466959     
           8
  0.61643853177600172       0.89672436147029300     
  0.61419290862649967       0.89501078849659188     
  0.61502616118063669       0.89405422654032352     
  0.61450992569427576       0.89298235106324431     
  0.61563324188022084       0.89255798716249268     
  0.61654356370167762       0.89179260493971158     
  0.61811486365442814       0.89075915094994440     
  0.62042901975133169       0.89237218541568442     
           6
  0.56226778511504638       0.88113253180144024     
  0.55776161556586956       0.88070623903654466     
  0.55880654396511720       0.87745464167362786     
  0.56027984712206813       0.87593846286965960     
  0.56290218044913787       0.87663822029862670     
  0.56358418011417610       0.87824164009777905     
           6
  0.48725932004443867       0.87447353434862829     
  0.48706509098127010       0.87713211212242148     
  0.48412571436592866       0.87802010425833765     
  0.48362433389038567       0.87280047676215822     
  0.48565567007346061       0.87197257207386047     
  0.48755694196137744       0.87187582093949412     
           4
  0.58992101557036991       0.82405991449530613     
  0.58849775871136212       0.82065116004351135     
  0.59046863966891094       0.81901595528205307     
  0.59301785954439190       0.82092892313839505     
           7
  0.49088245462243080       0.81367446513251274     
  0.48584963954406013       0.81293342003907731     
  0.48633321637586829       0.81179172901657071     
  0.48566548289696226       0.80916038167288484     
  0.48712756264536888       0.80774728947142060     
  0.48836166313125057       0.80795791647852633     
  0.49159240924211517       0.81002547241220624     
           7
  0.55610536175301761       0.78956480821347474     
  0.55370456817479052       0.78965013332747880     
  0.55304945866134836       0.79093055807983825     
  0.54982793202159297       0.78762024148700527     
  0.55341971673018286       0.78560575878503425     
  0.55505222184736180       0.78496762703639011     
  0.55598165298837354       0.78647565490596194     
           6
  0.62335667212609092       0.78948552719947351     
  0.62445532262642534       0.79102341615249583     
  0.62161341238735168       0.78998747251273704     
  0.61875953666213090       0.78959871817238303     
  0.61909822322688912       0.78731588947013653     
  0.62357098304614689       0.78592149301839997     
           8
  0.53525655851674636       0.78199047951531764     
  0.53281439777915751       0.78318470891324599     
  0.53228149844357742       0.78189184037798876     
  0.53201372550296022       0.77852946115171395     
  0.53375462538800955       0.77741405777006167     
  0.53572016601674788       0.77713735345042334     
  0.53709175430435885       0.77772979267015296     
  0.53606725376828801       0.77938316084951709     
           4
  0.55899401298628515       0.73123843748726858     
  0.55526164942745182       0.73298465946315550     
  0.55371690440277765       0.73126785630745095     
  0.55539812652484422       0.72939576485201429     
           3
  0.62306189992728012       0.73109546750481758     
  0.62121212121212122       0.73106060606060608     
  0.62361552557661493       0.72929806523698359     
           3
  0.49091800451998790       0.71771937924564821     
  0.48611122859658201       0.71528772959314157     
  0.48976726681434635       0.71283729541337648     
           7
  0.58866637262934685       0.70294931183823217     
  0.58400024635940184       0.70197591258713665     
  0.58525436030219580       0.70013148480609788     
  0.58400244622321651       0.69990042082288983     
  0.58561938168772920       0.69790715602956754     
  0.58912569086904254       0.69759569312462233     
  0.58922419003341397       0.70001362604251105     
           8
  0.52684789343851146       0.69132913332499246     
  0.52520450015449138       0.69119665849894540     
  0.52329202821160614       0.69178899978579078     
  0.52331082009102858       0.68872719357322554     
  0.52562597176669190       0.68754861880515894     
  0.52769367311623361       0.68614862152586764     
  0.52960740403990925       0.68719166893489281     
  0.52956178409921817       0.68841318272829666     
