   495.00000000000000     
   8000.0000000000000     
          32
           8
   700.00000000000000     
   400.00000000000000     
   400.00000000000000     
   1200.0000000000000     
   40.000000000000000     
   80.000000000000000     
   2000.0000000000000     
   900.00000000000000     
   600.00000000000000     
   750.00000000000000     
   1500.0000000000000     
   150.00000000000000     
   250.00000000000000     
   1600.0000000000000     
   450.00000000000000     
   700.00000000000000     
   550.00000000000000     
   650.00000000000000     
   200.00000000000000     
   400.00000000000000     
   300.00000000000000     
   1300.0000000000000     
   700.00000000000000     
   750.00000000000000     
   1400.0000000000000     
   4000.0000000000000     
   600.00000000000000     
   1000.0000000000000     
   500.00000000000000     
   2500.0000000000000     
   1700.0000000000000     
   1100.0000000000000     
           1
  0.58989898989898992        1.0000000000000000     
           8
  0.60452406039794260       0.86289130340577458     
  0.59935308034983648       0.86522043303999030     
  0.60012990893825480       0.86348538896015481     
  0.59986021847190185       0.86096504412207453     
  0.60101849915072680       0.86103609843184259     
  0.60138089978005815       0.85981584684264734     
  0.60310180695889470       0.86064748739321228     
  0.60498649811172711       0.86138664487365602     
           5
  0.62672530302112617       0.89972858895991681     
  0.62617458867176312       0.90169134209811708     
  0.62183910496805173       0.90089351949233132     
  0.62209783392089713       0.89871477641804365     
  0.62706407675542031       0.89637946562066906     
           7
  0.62286195616327189       0.93968110792029858     
  0.61987277075042080       0.93921951996830111     
  0.61855610625494883       0.94023585848488200     
  0.61759683101358409       0.93958692783741027     
  0.61845652263445794       0.93617289626713918     
  0.62151362038477309       0.93502266345966512     
  0.62294213740051929       0.93481977127662075     
           7
  0.68165752738964980       0.96175034600948539     
  0.68028986964617777       0.96148793052908477     
  0.67623756759218434       0.96255075007016944     
  0.67606231430307040       0.96137826153567107     
  0.67618543326750591       0.96004702730230951     
  0.67614359325332918       0.95701308051120959     
  0.68002114443872275       0.95723758502774281     
           4
  0.64558169661498777       0.88836565405967671     
  0.64355713892617528       0.88874663825107214     
  0.64770500674971954       0.88406245004843442     
  0.64875440422289909       0.88535037709817122     
           4
  0.64861670278967831       0.88468706157042321     
  0.64634967271611576       0.88518995541192314     
  0.64689821343972420       0.88260128813608374     
  0.65057305816931965       0.88104434365553996     
           8
  0.65160935282752863       0.88530919069613234     
  0.64804048671258740       0.88470675354638417     
  0.64843163689303085       0.88194631955011926     
  0.64804809445149592       0.88091390366905042     
  0.65004633430414993       0.88105235219834943     
  0.65063021785431385       0.88001804112912740     
  0.65187109582136094       0.87992811360605738     
  0.65339722981873982       0.88065672928457894     
           8
  0.65532725351943810       0.87697862800201709     
  0.65431141920963876       0.87725610310629432     
  0.65267640030394758       0.87771574344415915     
  0.64956955643254610       0.87461020834401793     
  0.64976743769459655       0.87309142285659314     
  0.65087122829335753       0.87295615654217351     
  0.65320055226290175       0.87216219974000442     
  0.65516256846956455       0.87389546677057894     
           8
  0.65624854100842056       0.87528479566618389     
  0.65750799720659570       0.87625201138826669     
  0.65619597326722034       0.87746537939033498     
  0.65349375225043904       0.87661299266494619     
  0.65266262331088842       0.87534612128807010     
  0.65234770584957391       0.87271053347950311     
  0.65488533656669323       0.87207222577954946     
  0.65737436791867665       0.87448293945630540     
           8
  0.65429174800008405       0.86770157032374640     
  0.65524892409553004       0.86897636943781187     
  0.65280383718163115       0.86906244124507925     
  0.65158429937216145       0.86875425795141581     
  0.64959037451787882       0.86932555920518162     
  0.65039743264005290       0.86698692506385155     
  0.65547405004648973       0.86456265844791635     
  0.65516041735468333       0.86556708480270206     
           5
  0.63434343434343432       0.87878787878787878     
  0.63177737183979454       0.88032267205461667     
  0.63274285629791605       0.87761126696651193     
  0.63460462238890092       0.87604852514462750     
  0.63698353710490163       0.87689895484244829     
           6
  0.63076617163323478       0.89549167054920797     
  0.62897907951575793       0.89538239785361906     
  0.62603266517216116       0.89564989242021242     
  0.62647584492843145       0.89363266724297263     
  0.63012852325553081       0.89055587320290208     
  0.63064425842174177       0.89315051853964833     
           3
  0.61639814276900007       0.86253366953332311     
  0.61312460440811090       0.86446290451595664     
  0.61280742802885235       0.85976789674538712     
           7
  0.59417209459002684       0.85193766115419201     
  0.59464004122005720       0.85325582316058135     
  0.58928235914184390       0.85349328196862295     
  0.59003308895572348       0.84997507026538355     
  0.59065007871079744       0.84881042932847317     
  0.59031530218922479       0.84752827903480565     
  0.59490479153059594       0.85054376605971216     
           8
  0.59986446750637268       0.84482013206652884     
  0.60089327726979636       0.84718382249598845     
  0.59853505511829741       0.84701992313077579     
  0.59551271995294763       0.84595676072662729     
  0.59558345749978081       0.84395328193772812     
  0.59554349997760214       0.84263653322572885     
  0.59760043771034022       0.84188936947362725     
  0.59974650687877740       0.84308199876919809     
           8
  0.52992825229269314       0.77574268395770429     
  0.52924789391881022       0.77708862825825165     
  0.52605369409206459       0.77794632249194118     
  0.52446627187295214       0.77645802989988644     
  0.52456119252122024       0.77396284581454500     
  0.52507136803393939       0.77288192971873360     
  0.52762293133759608       0.77301821345886856     
  0.52869190245556297       0.77414009416395801     
           7
  0.60255690411133922       0.82841653459327913     
  0.59997659325183983       0.82985396775135134     
  0.59773803830740646       0.83018883790845988     
  0.59707922329088714       0.82856748121080903     
  0.59777420019758343       0.82755608943777503     
  0.59712071050466720       0.82567191173517163     
  0.60170336783495104       0.82756479916726244     
           5
  0.63903302536743056       0.82182891613224118     
  0.63435843550251148       0.82477748671544027     
  0.63417263130736257       0.81982262107367110     
  0.63582619334026080       0.81983013238199465     
  0.63758801323744008       0.82007939661328400     
           4
  0.63633278293455686       0.82051426350210310     
  0.63462199059787894       0.82212044347642033     
  0.63179859441024433       0.81936241579722557     
  0.63425427695374947       0.81782602117205472     
           5
  0.64842697883504108       0.79273593312204516     
  0.64560620073333130       0.79208949267376827     
  0.64552241569139068       0.79024100472099001     
  0.64561091924983860       0.78761243379245638     
  0.65090248982702603       0.78933160882395115     
           3
  0.65080889171626166       0.80425861892871908     
  0.65117111687893559       0.80607366821344673     
  0.64553475679149863       0.80234637383138263     
           8
  0.63674475568690225       0.79638296997456359     
  0.63354808291613995       0.79756847702817779     
  0.63236029396833127       0.79825457182916715     
  0.63144410441340537       0.79763812573203052     
  0.63247255557733273       0.79397483442539940     
  0.63457578101917411       0.79321722926463245     
  0.63635253854734708       0.79317976015259428     
  0.63688462566444326       0.79532067061634837     
           6
  0.63488633943143857       0.76628956551077831     
  0.63143962670713893       0.76608060233632336     
  0.63025140178184136       0.76542359246724989     
  0.63128304369070309       0.76152783038928129     
  0.63515381615207567       0.76152533103859987     
  0.63473024994597882       0.76404719969394130     
           3
  0.61601162065192661       0.77437207684932352     
  0.61253190595324447       0.77006087703044046     
  0.61608114441179285       0.76992158747005091     
           7
  0.59854036806194189       0.81245152115245511     
  0.59858494803231221       0.81366095979210495     
  0.59368474389656556       0.81281604934635932     
  0.59396906678180306       0.80991996092235563     
  0.59489977704561281       0.80922683276364082     
  0.59583772008261049       0.81040754383358116     
  0.59743893973105866       0.81039884077821378     
           4
  0.57379497471790886       0.82304401711895836     
  0.57005984412466781       0.82273481011280913     
  0.56945389381843181       0.81793966008535823     
  0.57291123701152302       0.81728384263213394     
           7
  0.56558522809075995       0.80817402792058768     
  0.56070326018973771       0.80862269615274018     
  0.56201955553252214       0.80738637740391217     
  0.56116531436037287       0.80665619689642776     
  0.56188222870126636       0.80331638448137188     
  0.56606959464737949       0.80419655372385379     
  0.56526783732873243       0.80586025793911620     
           5
  0.54897251341718267       0.81279724795569241     
  0.54550514447795240       0.81251268168661395     
  0.54481589916345730       0.80812067080533645     
  0.54950240423602270       0.80794681856311457     
  0.54942239726158326       0.80975262123207170     
           6
  0.53559334272984072       0.83755160565047015     
  0.53497138850230463       0.83905952373366055     
  0.53046168566647534       0.83651718226374938     
  0.53086111260018121       0.83522365364871864     
  0.53338413388302675       0.83440371257427370     
  0.53567819918402226       0.83346984318608930     
           7
  0.56164587015865719       0.88770325864107802     
  0.55707765858368408       0.88922542123604853     
  0.55706323589937135       0.88619812547173427     
  0.55758443978383987       0.88495561476968776     
  0.55863592153316577       0.88536775708927018     
  0.56060776150396452       0.88464669631682102     
  0.56258463296988181       0.88470880818349262     
           6
  0.58743033144310608       0.87809100985009703     
  0.58656659523579824       0.87935573608117956     
  0.58321818008339110       0.87954822329151683     
  0.58299330407613836       0.87619400018884419     
  0.58426231055836753       0.87609487735852087     
  0.58855686993439005       0.87727995800134928     
           8
  0.64517593855375654       0.87707507331748658     
  0.64319050221880436       0.87668806327068183     
  0.64244902576726948       0.87414957325015241     
  0.64162459675810923       0.87178542119173186     
  0.64397321912281136       0.87218366651079504     
  0.64510477750822770       0.87196080952657973     
  0.64719026064481733       0.87222672934917100     
  0.64641339377565266       0.87331838892515856     
