   410.00000000000000     
   4500.0000000000000     
          29
           8
   300.00000000000000     
   3100.0000000000000     
   125.00000000000000     
   100.00000000000000     
   200.00000000000000     
   150.00000000000000     
   150.00000000000000     
   450.00000000000000     
   300.00000000000000     
   100.00000000000000     
   950.00000000000000     
   125.00000000000000     
   150.00000000000000     
   150.00000000000000     
   550.00000000000000     
   150.00000000000000     
   100.00000000000000     
   150.00000000000000     
   400.00000000000000     
   300.00000000000000     
   1500.0000000000000     
   100.00000000000000     
   300.00000000000000     
   500.00000000000000     
   800.00000000000000     
   300.00000000000000     
   100.00000000000000     
   150.00000000000000     
   1000.0000000000000     
           1
  0.39512195121951221       0.86341463414634145     
           8
  0.53365384065325316       0.93484737126302631     
  0.53160696650757056       0.93478900896725303     
  0.52983170392023438       0.93383243704240615     
  0.52870309243441427       0.93466197831521824     
  0.52838344207311927       0.93170571555876636     
  0.52974123992895183       0.93035558538186303     
  0.53157353156525822       0.92856282108502419     
  0.53515485092275239       0.92986721127540151     
           8
  0.53508358019660818       0.87502923443550307     
  0.53167037083663626       0.87551717094659787     
  0.52976968770874344       0.87683221448388338     
  0.52815176155359078       0.87682851203737933     
  0.52848028400568248       0.87119513131769466     
  0.52857937925574439       0.86954433643022389     
  0.53488406005154820       0.87100280305542532     
  0.53463262541073042       0.87307973666950589     
           3
  0.49024390243902438       0.90243902439024393     
  0.48695494234646824       0.90349874302013067     
  0.48677015596355239       0.89928385078629891     
           3
  0.52278026789378995       0.90827370937394025     
  0.51939793250323918       0.90198420495727927     
  0.52519006892358622       0.90269011045309533     
           7
  0.54907483656201905       0.90564736444256511     
  0.54741487841651715       0.90512010061102044     
  0.54423039325456835       0.90482938423610049     
  0.54348769278159637       0.90331852315762218     
  0.54504780718809376       0.90042638886286430     
  0.54813301781093149       0.89935458907607180     
  0.54922565315684713       0.90215657648721759     
           8
  0.51478583078418505       0.93273826970006568     
  0.51376096868512300       0.93504248511131172     
  0.51107061387818298       0.93391597454555009     
  0.50926239191737088       0.93472610017115820     
  0.50945917622064585       0.93031954188354893     
  0.51137776285854353       0.92952236529149379     
  0.51449601305060055       0.92803171781363625     
  0.51464492098114056       0.93001031238088716     
           7
  0.25628182074186506       0.86373382248756658     
  0.25635929200160434       0.86662199373899507     
  0.25261801957795127       0.86544493070074802     
  0.25023863589875656       0.86408635683491164     
  0.25088633068844218       0.86088475517089535     
  0.25368115854267936       0.86062918126802845     
  0.25733611318555510       0.86042780682239317     
           7
  0.31107032325491801       0.82411501350091942     
  0.31046331267192306       0.82771695853010285     
  0.30697945823360029       0.82739944474385263     
  0.30394174538531327       0.82323265263562906     
  0.30414981054716844       0.82068196843911934     
  0.30884988415409431       0.82069877951685366     
  0.30969137792877177       0.82299366032261168     
           4
  0.29350186410152213       0.83289421171237743     
  0.29159930784193389       0.83276617341532166     
  0.28707092405819346       0.82712087317708183     
  0.29381834109210747       0.82757359680836629     
           5
  0.31677503757839032       0.85439439539668749     
  0.31443457311063067       0.85381053220491676     
  0.31155552020929533       0.85031194035712243     
  0.31404774621644282       0.84826737752249393     
  0.31601192141208367       0.84769170536442329     
           3
  0.30466096617559790       0.85008372036297053     
  0.30437153097077879       0.84429666879267273     
  0.30731707317073170       0.84634146341463412     
           6
  0.30683694295526626       0.84468458027467563     
  0.30699839856297073       0.84728148695052508     
  0.30276601140023829       0.84505605052851707     
  0.30173582195106075       0.84042975961775057     
  0.30848276658787954       0.84045256591217066     
  0.30841992093985671       0.84306791021293637     
           5
  0.28492278971424762       0.86630678610656375     
  0.28661365378787196       0.86810339954730498     
  0.28140562971057670       0.86944718371715024     
  0.28108269774072053       0.86390455037175340     
  0.28318266378701995       0.86262886985186749     
           4
  0.31023576160197897       0.81836631994086950     
  0.30530956650961466       0.81781398830403274     
  0.30562217792059387       0.81511152274387899     
  0.31103987449463755       0.81570255000013758     
           8
  0.30811252775990799       0.86530847650236742     
  0.30699782191805330       0.86705069597806561     
  0.30534019831040238       0.86821170659317837     
  0.30218064737693456       0.86644957230746267     
  0.30151880635605333       0.86469494619042286     
  0.30255132260781009       0.86336984419477780     
  0.30621428540396062       0.86258761026965525     
  0.30822990726179456       0.86306501568050809     
           4
  0.29312588777569354       0.87094811865323418     
  0.28769841150681352       0.87120229442323782     
  0.28766523483934631       0.86931693186107029     
  0.29212534276891561       0.86891836873439965     
           8
  0.28398998360292449       0.83210503193373953     
  0.28356380227636946       0.83349172965612550     
  0.28078596939091288       0.83401463943195475     
  0.27822132138553129       0.83542770206187533     
  0.27752548299954954       0.83301356954573225     
  0.27816199464615909       0.82959839826979209     
  0.27915521841416402       0.82873465841340521     
  0.28397730378969577       0.82926590899415920     
           6
  0.37653011491889404       0.85962248948755726     
  0.37293142510672789       0.85924963268977217     
  0.37008653408489373       0.85917554077158309     
  0.37051656861881660       0.85496275349679662     
  0.37245659482445315       0.85403668104162178     
  0.37689386138511116       0.85273592340054716     
           4
  0.42927237052517359       0.88376068419529297     
  0.42682926829268292       0.88536585365853659     
  0.42344713145397755       0.88241341343918211     
  0.42546766314609447       0.88280413657430590     
           5
  0.44046018476850984       0.88090771391070077     
  0.43768457148987450       0.88118725231804296     
  0.43569697388472839       0.87860484134191130     
  0.44230964021373476       0.87471032104222934     
  0.44272132902630101       0.87756674192005868     
           6
  0.38833404183524062       0.80953463458420338     
  0.38512719370225612       0.80887249614702361     
  0.38507697416817122       0.80591477876434792     
  0.38867014668943789       0.80367445512667424     
  0.38791378789487224       0.80540766294797217     
  0.38962863979068940       0.80484592927729870     
           8
  0.46048889177835983       0.87343823769757933     
  0.45860963403454325       0.87438600055381088     
  0.45555425401817418       0.87367354019860266     
  0.45625434528937231       0.87246930812027901     
  0.45504518133893479       0.87119249225345097     
  0.45831615704888296       0.86825568417025700     
  0.46223828257473415       0.86761827556085180     
  0.46065763427421652       0.87084164262169117     
           5
  0.37303478094502723       0.85418702809131641     
  0.37097538456954515       0.85393804755284886     
  0.36796433185249861       0.85477810328387860     
  0.36795499604755394       0.84806444243335199     
  0.37411504984014238       0.85190691425132092     
           4
  0.52555974559531637       0.95181354138798135     
  0.52065357137571311       0.94981728932523479     
  0.52534537582689178       0.94602829132817712     
  0.52773362233344090       0.94615119168436368     
           8
  0.51990921576908844       0.96256845715503525     
  0.51725699450148388       0.96403118757246598     
  0.51586916141117400       0.96372639495097567     
  0.51336070520952304       0.96333786190135162     
  0.51429027716523024       0.95904992402175249     
  0.51583619848129159       0.95792365933411894     
  0.52051082721291198       0.95833910778594134     
  0.51999179061557910       0.96111668322533206     
           8
  0.46132619222451671       0.96064766989102757     
  0.45638976576669238       0.96085897375026930     
  0.45502123729516225       0.96209150132284704     
  0.45491067470422775       0.95875221423312895     
  0.45638766655314955       0.95561613430639503     
  0.45914900459080571       0.95572176132893083     
  0.46213240743252010       0.95576921073705201     
  0.46188584349851952       0.95710184675788246     
           3
  0.50264193043947603       0.99365446508223931     
  0.50176946647657139       0.98901021508780751     
  0.50795608881856091       0.98881065812677116     
           6
  0.45116791617511753        1.0013918080178537     
  0.44878048780487806        1.0000000000000000     
  0.44789835490434893       0.99806245282108530     
  0.44921329193827420       0.99727791054683224     
  0.45158185509847182       0.99700787705383842     
  0.45236745913667176       0.99867153721921542     
           5
  0.50423341100877050       0.95811084246421674     
  0.50278712984929552       0.95923489557754216     
  0.50164029624560480       0.95419172750818404     
  0.50356917513799948       0.95365427746390419     
  0.50487804878048781       0.95609756097560972     
