   69.000000000000000     
   160.00000000000000     
          50
           8
   7.0000000000000000     
   30.000000000000000     
   16.000000000000000     
   9.0000000000000000     
   21.000000000000000     
   15.000000000000000     
   19.000000000000000     
   23.000000000000000     
   11.000000000000000     
   5.0000000000000000     
   19.000000000000000     
   29.000000000000000     
   23.000000000000000     
   21.000000000000000     
   10.000000000000000     
   15.000000000000000     
   3.0000000000000000     
   41.000000000000000     
   9.0000000000000000     
   28.000000000000000     
   8.0000000000000000     
   8.0000000000000000     
   16.000000000000000     
   10.000000000000000     
   28.000000000000000     
   7.0000000000000000     
   15.000000000000000     
   14.000000000000000     
   6.0000000000000000     
   19.000000000000000     
   11.000000000000000     
   12.000000000000000     
   23.000000000000000     
   26.000000000000000     
   17.000000000000000     
   6.0000000000000000     
   9.0000000000000000     
   15.000000000000000     
   14.000000000000000     
   7.0000000000000000     
   27.000000000000000     
   13.000000000000000     
   11.000000000000000     
   16.000000000000000     
   10.000000000000000     
   5.0000000000000000     
   25.000000000000000     
   17.000000000000000     
   18.000000000000000     
   10.000000000000000     
           1
  0.43478260869565216       0.57971014492753625     
           8
  0.54339599564269503       0.76128579109767980     
  0.53524172498193701       0.76184382728717370     
  0.52963272877952794       0.76657246062705608     
  0.52458820767177150       0.75612168599550889     
  0.52279287687901133       0.75114609176768821     
  0.54208101062950742       0.74004964840749143     
  0.54908827214197753       0.74336884925426083     
  0.54435151935355242       0.75272280588725604     
           4
  0.70608422111958491       0.72336113353008191     
  0.69867461751231985       0.71754075656317651     
  0.69688368164947545       0.70332014601453319     
  0.72131082439190541       0.71163088176619316     
           8
  0.76280752301596289       0.92455396086015107     
  0.75737050673722472       0.93858158627957811     
  0.74878582150228978       0.93578437139306936     
  0.74628796121409602       0.92510123236105524     
  0.74063232490804509       0.92164860899913481     
  0.75346936852195978       0.91871416238730474     
  0.75722736471613861       0.91529760245179193     
  0.76666075201868511       0.91491021475492873     
           5
  0.30272105838943802       0.38935050752980827     
  0.28843149109628580       0.38653334677221740     
  0.27686154139526670       0.38149717867589589     
  0.27932481934637038       0.36502566766915906     
  0.29793646762482984       0.37039056366141787     
           6
  0.58785149718593743       0.43873327215734498     
  0.59039869938635270       0.44759989574560571     
  0.56895027584052660       0.44233590693397817     
  0.56626944573668025       0.43157140258859855     
  0.57716955376888346       0.42621363841119547     
  0.58526296609301920       0.42784031406514872     
           4
  0.31814997268244372       0.69214313130394522     
  0.30235223439957082       0.69023018792690616     
  0.29639428961156783       0.67562571671973093     
  0.31423630582080758       0.68333502362484011     
           3
  0.25437191928293917       0.92467622734667421     
  0.24637681159420291       0.91304347826086951     
  0.24654764343394051       0.90304663596064283     
           3
  0.46139142367160774       0.91221552581606202     
  0.44158420748107846       0.89800322365615026     
  0.44125544792740368       0.88554476491430134     
           3
  0.76552459640447934       0.48570622996059093     
  0.74152443302339455       0.47842219216367510     
  0.75002573474484724       0.46496941953938548     
           5
  0.75155636165726247       0.31765797293372822     
  0.73672764170542704       0.31235784993665061     
  0.72545657894801951       0.31637480374032606     
  0.74446881271675669       0.29471762373259830     
  0.75212729084091923       0.30013830096795252     
           3
  0.59849635537852297       0.60409298165738701     
  0.60869565217391308       0.59420289855072461     
  0.61907495531481205       0.58999423157055464     
           3
  0.46250494746082144       0.46483793955865532     
  0.44927536231884058       0.46376811594202899     
  0.45776871262600705       0.45519360805619885     
           5
   7.6992359933581209E-002  0.37275233814218789     
   6.9700100490650521E-002  0.37218438365061590     
   6.4884107043601508E-002  0.35180671096231420     
   7.5364383912904051E-002  0.35474788219876907     
   8.3452484690488743E-002  0.35021399838450018     
           3
  0.18360210464753354       0.61137111171730685     
  0.17752515399938926       0.61899316555039530     
  0.16134387994325805       0.59821447845720443     
           7
  0.53384025364420207       0.24381529415056358     
  0.52347204891970311       0.24063031655071679     
  0.51392841269486400       0.24420087687907177     
  0.51447748086912504       0.21940916813379299     
  0.51863642236040985       0.22272134003400276     
  0.52970495782533822       0.22236292155354268     
  0.53180371536383120       0.22958148851760307     
           4
  0.75362318840579712       0.59420289855072461     
  0.74613688636257258       0.60137804087029778     
  0.74134640814892039       0.59428187880631078     
  0.75475977273392592       0.58133692822025274     
           6
  0.40086973479287852       0.33518155715463027     
  0.38539582417777113       0.34594746945659971     
  0.37893489342570308       0.32723591408014324     
  0.38550670880910570       0.32574512422035018     
  0.39824301121975292       0.31956887706604831     
  0.40334650595801164       0.32386221856640696     
           7
  0.25297255980716327       0.49115967576656416     
  0.24138129425743696       0.48801398658000311     
  0.23898088292261571       0.48064687304886394     
  0.23680619875137632       0.47169197521369033     
  0.24520102227862364       0.46938993324161310     
  0.24856172844463514       0.46527167758052512     
  0.25406746393164725       0.47036287228152684     
           8
  0.20181233516678765       0.19924521511509705     
  0.18661959063165726       0.19826503892804281     
  0.17505506643988403       0.20130480131201078     
  0.17638150127237906       0.19334978132919878     
  0.17897553312294692       0.18587983535225094     
  0.18013235895636154       0.18077041841109950     
  0.19784351365047029       0.17766946377491127     
  0.20178999238958148       0.18387610674337579     
           3
  0.83857208822900264       0.85161823767964928     
  0.81237262686317091       0.83724795550160214     
  0.81812984576652170       0.83038015443723434     
           4
  0.90444907236020000       0.61897949705776789     
  0.89403968334449380       0.61619849893114920     
  0.89477713407219439       0.59934943606986435     
  0.90816502608563610       0.60154352675670608     
           5
  0.62033143570674953       0.82945096939188390     
  0.61660992448742513       0.83659274332806699     
  0.59592263035400672       0.82459786292381387     
  0.59759504684609011       0.81381435658266688     
  0.61360699620355619       0.81451334932572017     
           3
  0.23188405797101450       0.82608695652173914     
  0.21940627644329064       0.82776878319816194     
  0.22841537625971470       0.81618997547126204     
           6
  0.12529961017715663       0.75352509284821012     
  0.12946207321117525       0.76061676453175164     
  0.10658683362992190       0.76611652079582215     
  0.10485984733857200       0.74625851395811638     
  0.10427926793736998       0.74010465199774478     
  0.11087922672690316       0.74066000295575474     
           6
   9.6030305328425561E-002  0.56331663330648785     
   9.3816039232554160E-002  0.55399315550213801     
   8.7845645045727436E-002  0.55177991403848303     
   9.8310296022170535E-002  0.54142851423180749     
  0.11045497730557161       0.53744485679541543     
  0.10943689483509342       0.54731707898529214     
           7
  0.39416831565083787       0.99917511189259822     
  0.38974726087736877       0.99538698732376629     
  0.37916959981502069       0.99021821740108207     
  0.38412532467150795       0.97655772395120255     
  0.39217574718136161       0.97594648723054167     
  0.39826448014536042       0.97242507466243211     
  0.40038293662716296       0.97828136817106737     
           8
  0.43434492342594816       0.70861602776043997     
  0.42188818498671199       0.70382308222993373     
  0.42551097342219341       0.69965954854774526     
  0.42263435667286847       0.69502949577699591     
  0.42997561417906577       0.68800186543884634     
  0.42992417487078194       0.68227097973568296     
  0.44521411116274340       0.68224447915198116     
  0.44136721873870305       0.68757296527588430     
           7
  0.63002133768829172       0.98095041503864910     
  0.61873848662921460       0.98076612398332264     
  0.61406828662262081       0.97282777151549693     
  0.60977707885893018       0.96279911702769660     
  0.61700157651438825       0.96033962280834750     
  0.62507665001688539       0.95848460237065780     
  0.63520746899029379       0.96123622531618658     
           5
  0.84057971014492749       0.69565217391304346     
  0.82677461557275334       0.69052891223885093     
  0.82834347591592428       0.68459988284651718     
  0.83650590235293032       0.68259830569954694     
  0.84826692773395662       0.68543342895935477     
           7
  0.84761561879364677       0.40513589388133642     
  0.83542913626727056       0.39915442242768856     
  0.82773584447490600       0.39039464762524900     
  0.82996053849276674       0.38105546900214760     
  0.84462747262201909       0.38216765007241554     
  0.85255239726826493       0.37778243954647872     
  0.84850296725717556       0.38659644015732481     
           5
  0.54899524381624420        1.0053200551348851     
  0.52776993689619978        1.0100000421555395     
  0.52422884787028845        1.0021088288973894     
  0.52959676463508776       0.99027412051933339     
  0.54649858545133712       0.98713410631118204     
           3
  0.55072463768115942       0.66666666666666663     
  0.53867523398952977       0.66517582193402069     
  0.54320910412930734       0.65350792950148706     
           8
  0.66411882667305344       0.15304506912602334     
  0.65870078301572721       0.15350312895493162     
  0.65516371890863667       0.15785165737403084     
  0.65813475758206896       0.14262598925631165     
  0.65683686227733773       0.13158123187416190     
  0.65895692233835901       0.13668534684090625     
  0.66214449913649853       0.13165292488438859     
  0.67084795615266390       0.13599298494900838     
           3
  0.88426468657718105       0.48958753499032276     
  0.87263489345770706       0.47609027390490261     
  0.89379972665554908       0.48005921327985479     
           6
  0.89855072463768115       0.91304347826086951     
  0.89061552648081299       0.91098301487685618     
  0.88489243365095804       0.90963350928109743     
  0.89794825929620659       0.89919857856024332     
  0.89776073145007784       0.90562099844866395     
  0.90528853320656200       0.90334318737853581     
           8
  0.92639824080604349       0.99945781923413168     
  0.91911319098066413        1.0092477690403505     
  0.90149260893165284        1.0109087738855980     
  0.90216575607333882       0.99374718527204065     
  0.90008694386410848       0.98930735356429100     
  0.91409265397608885       0.98634479949992226     
  0.92200642117913278       0.98836118237988246     
  0.92052659849360496       0.99475526231071021     
           6
  0.46874825611831056       0.32767889572669523     
  0.45834418062292631       0.33109163023615540     
  0.45287015042452805       0.33250406630549101     
  0.45502532239956789       0.31825636180342531     
  0.46456692205403033       0.30816069762517623     
  0.47139010020863675       0.32038676368874242     
           8
  0.66507097566977602       0.51572424262788208     
  0.65479039468631639       0.51694415367593360     
  0.64217397501901807       0.51563165186007076     
  0.64201868371549176       0.50978295383475147     
  0.64567079198907462       0.49973431863171697     
  0.65561180748748771       0.49836540157947840     
  0.66038691167693053       0.49640214900056168     
  0.66412910249410073       0.50437996239957195     
           6
  0.85372302549269508       0.22657695396674185     
  0.84409196273620257       0.22905712379769358     
  0.84388374752614881       0.22022943186039964     
  0.84399204562744590       0.21196234522701141     
  0.84939986378395604       0.20586550001292850     
  0.86599908233599743       0.21433957405475387     
           4
   7.7613668033220368E-002   9.5482754102293593E-002
   6.2467285932154830E-002   9.8017042035681845E-002
   6.6496287685129371E-002   7.8307720948155843E-002
   7.3562449089052143E-002   7.4230156458056584E-002
           6
  0.14999366867918407       0.25990343408873701     
  0.14064916469313518       0.25816186068855257     
  0.13472760432087338       0.24559250646607925     
  0.13318109839112663       0.23938267967611571     
  0.13947578056005852       0.23430774545467495     
  0.15626307527953065       0.24557503572953210     
           3
  0.30434782608695654       0.14492753623188406     
  0.29173826312494777       0.14804155461848933     
  0.31687950774942275       0.13492866117981786     
           6
   8.4446102463917316E-002  0.93763755573358554     
   5.9251425693353121E-002  0.93922947294622106     
   5.9526831780865812E-002  0.91378579452469122     
   7.5718409243712329E-002  0.91380909698027990     
   7.4718196598521108E-002  0.91928059357924252     
   8.2430433895523292E-002  0.91401505116479198     
           7
  0.44850404373456410       0.22932907311569989     
  0.44082591267014487       0.22604384264673211     
  0.42829039281588610       0.22694130947272728     
  0.42113474063843898       0.22293830481126337     
  0.42589818728531048       0.21897147553933002     
  0.42503027822066564       0.20408295817209265     
  0.44592207438501819       0.21790519799493777     
           7
  0.57268835207617741       0.15694701487160392     
  0.56572743986510032       0.15692155732908003     
  0.55605988626404246       0.15557786092815354     
  0.55588320058668750       0.15029987009531451     
  0.57221380296508695       0.13211449815453957     
  0.57781316800393523       0.13173610567998692     
  0.57218151657509331       0.14354783096632931     
           5
  0.46982289941979577       0.57288119982835761     
  0.45844610819152148       0.57294594996391746     
  0.45049304500261977       0.57536676009219490     
  0.45578038176977087       0.56669722035552306     
  0.46376811594202899       0.56521739130434778     
           7
  0.37368982852728355       0.47698177724204466     
  0.36538027346474733       0.47180711308467260     
  0.36187126283465615       0.47669034341223360     
  0.35048568639071720       0.46761964623033297     
  0.35182834800676244       0.45535283265945387     
  0.37279199700518439       0.45785013793100515     
  0.37610060116610045       0.46456658572604559     
           4
  0.37113587248269353       0.79875076582905247     
  0.35021835285856234       0.79585088905376344     
  0.35114416455722708       0.78658173541095411     
  0.37547030349455385       0.78723712156856396     
           3
  0.69059920659372198       0.41961206816420676     
  0.69371143740897856       0.39489876312127886     
  0.70304983450909875       0.40481604260532500     
           7
  0.82085637341006557       0.53937148683735814     
  0.81883608921062567       0.54898820916767976     
  0.80790420229266413       0.54660539536806174     
  0.80446105363748266       0.52258592466303866     
  0.80949705749800305       0.52840499735437974     
  0.82151655584391203       0.52594032933962920     
  0.82230330537048513       0.53425367944762647     
