   76.000000000000000     
   180.00000000000000     
          75
           8
   18.000000000000000     
   26.000000000000000     
   11.000000000000000     
   30.000000000000000     
   21.000000000000000     
   19.000000000000000     
   15.000000000000000     
   16.000000000000000     
   29.000000000000000     
   26.000000000000000     
   37.000000000000000     
   16.000000000000000     
   12.000000000000000     
   31.000000000000000     
   8.0000000000000000     
   19.000000000000000     
   20.000000000000000     
   13.000000000000000     
   15.000000000000000     
   22.000000000000000     
   28.000000000000000     
   12.000000000000000     
   6.0000000000000000     
   27.000000000000000     
   14.000000000000000     
   18.000000000000000     
   17.000000000000000     
   29.000000000000000     
   13.000000000000000     
   22.000000000000000     
   25.000000000000000     
   28.000000000000000     
   27.000000000000000     
   19.000000000000000     
   10.000000000000000     
   12.000000000000000     
   14.000000000000000     
   24.000000000000000     
   16.000000000000000     
   33.000000000000000     
   15.000000000000000     
   11.000000000000000     
   18.000000000000000     
   17.000000000000000     
   21.000000000000000     
   27.000000000000000     
   19.000000000000000     
   20.000000000000000     
   5.0000000000000000     
   22.000000000000000     
   12.000000000000000     
   19.000000000000000     
   22.000000000000000     
   16.000000000000000     
   7.0000000000000000     
   26.000000000000000     
   14.000000000000000     
   21.000000000000000     
   24.000000000000000     
   13.000000000000000     
   15.000000000000000     
   18.000000000000000     
   11.000000000000000     
   28.000000000000000     
   9.0000000000000000     
   37.000000000000000     
   30.000000000000000     
   10.000000000000000     
   8.0000000000000000     
   11.000000000000000     
   3.0000000000000000     
   1.0000000000000000     
   6.0000000000000000     
   10.000000000000000     
   20.000000000000000     
           1
  0.52631578947368418       0.52631578947368418     
           8
  0.29768657206128440       0.28982668277044571     
  0.30053068410489342       0.30016073364529239     
  0.28731153076182681       0.30156472937585632     
  0.27746139764196165       0.29472789455359483     
  0.28039698292320359       0.28897384498592188     
  0.29085596382809281       0.27575528747038625     
  0.30290065106458991       0.27840280102418868     
  0.29965579437530454       0.28332502619401556     
           5
  0.48542478552124851       0.34589586829114299     
  0.47506302383261623       0.35486378053403811     
  0.46869199587590765       0.35405420376616487     
  0.46150860947418437       0.34230465942949934     
  0.48606420977677600       0.33132797032116712     
           6
  0.28719430677882729       0.59701276942984793     
  0.28117168581753482       0.60515024270773465     
  0.27070836914642415       0.60198771571501675     
  0.26317530349487372       0.58815341063405546     
  0.28397403268055149       0.59141856387824299     
  0.28993316396419455       0.58952270748994406     
           8
  0.60085963809817367       0.46674054939803061     
  0.59515758450160161       0.46784550662863394     
  0.58374484491825729       0.46619618493279380     
  0.58446367755168194       0.45872664244550221     
  0.58314577743283069       0.45291358828826978     
  0.58876553212315430       0.45261930395301159     
  0.59354824152966645       0.45014939020985822     
  0.60430232850700838       0.45389148451201439     
           5
  0.72000948048985780       0.27393649862676395     
  0.71547132489686227       0.26284225469709849     
  0.71049122725055791       0.25248111724568945     
  0.73299545472091232       0.25131071525081228     
  0.73587637661085459       0.25891633131208575     
           6
  0.44613420140876819       0.44980983255430729     
  0.43744125469998346       0.45919740743061888     
  0.42694257948377473       0.45491026592308087     
  0.42612676083031675       0.44230471342491939     
  0.42129319372121921       0.43736129545331687     
  0.44680753873477591       0.44031752638670668     
           8
  0.67185898392844678       0.66671564658446003     
  0.65562681589805116       0.67179084642515119     
  0.65312082967160390       0.66707849780394524     
  0.64785915105760972       0.66935765996923924     
  0.64502380616610211       0.66514778852361189     
  0.64421461941332292       0.65102431398311755     
  0.65255662141778192       0.64652855379238661     
  0.66801335955202945       0.65802505423684909     
           4
  0.72978036473383379       0.60530309663740700     
  0.71869345385868166       0.60031345105911293     
  0.71099579327506168       0.58814890310756973     
  0.73120587215181598       0.58374253006759991     
           4
  0.35474850360445714       0.78360248620126915     
  0.34558820885692731       0.79040080814767566     
  0.32909070399474444       0.77043573865226622     
  0.33433022558727027       0.76294941611179479     
           7
  0.53248064810253648       0.87828625876937927     
  0.51854389460688710       0.87962903330991182     
  0.51898723895471199       0.87421922157586462     
  0.51441220541103783       0.86470878272491891     
  0.51755953104823627       0.85879617803367270     
  0.53065255007966849       0.85583299576155092     
  0.53379726068361455       0.86245966557159448     
           6
  0.73443866959754089       0.86525904661752129     
  0.72708279480175064       0.86373918955948548     
  0.71531016902379840       0.85792740131709377     
  0.71618475213915356       0.84136477415379629     
  0.72406190250134972       0.84799162752201784     
  0.73622071883694662       0.84814220486204883     
           3
  0.45601613277984204       0.67817250176683408     
  0.44717455316401616       0.67505289654484502     
  0.46052631578947367       0.67105263157894735     
           3
  0.82853366620960245       0.46981045012734335     
  0.80573678172694307       0.46693648502132412     
  0.82480988296683122       0.44701374024591739     
           8
  0.82319739159597738       0.75061137497765629     
  0.82023160683821716       0.75721406808598724     
  0.81828917166786452       0.76200614127444255     
  0.80996355125749941       0.75937666152247318     
  0.80654978340158645       0.74991582798018119     
  0.80185362549027861       0.73831312384636749     
  0.81080759084970255       0.73788028612611833     
  0.82410075555776174       0.73760225755369235     
           5
  0.82691691197758466       0.32404178933443928     
  0.81457991259087970       0.32314600594661158     
  0.80526984245895006       0.32648060001503038     
  0.80641955437207735       0.30181633018017712     
  0.81297374695366065       0.30236121572651858     
           8
  0.27805414045606280       0.48474764351927940     
  0.26909449181662726       0.47439680164826031     
  0.26286009797291116       0.48214615771787545     
  0.26468486159229238       0.47680317051215398     
  0.26569101058415956       0.46835283322335380     
  0.26763509280641828       0.46299769223292947     
  0.27382787109392104       0.46194241258471075     
  0.28458684915489885       0.46315374198992326     
           6
  0.44462163598759702       0.58026401548101869     
  0.44720850150375585       0.58855126526127921     
  0.42633432322537002       0.58824132433148923     
  0.43111273827015645       0.57008621144225291     
  0.43689874687389602       0.56775960027709682     
  0.44572996928923564       0.56627615205469695     
           7
  0.13145446738487665       0.74893232368013918     
  0.12291868865698495       0.74480564975510799     
  0.11255989482104667       0.74716412385002462     
  0.10579214249262067       0.74444435999017844     
  0.10596775868857931       0.73029350072918509     
  0.12491757641107293       0.72847979901533588     
  0.12705928823713400       0.74001231413726021     
           3
  0.80891322477335503       0.64128663236391825     
  0.80658659098566632       0.62872831884433855     
  0.82933157576136252       0.63492105384651865     
           4
  0.86813766765426437       0.19477591788572954     
  0.85478471572223569       0.17878749478178046     
  0.86420719631156506       0.17231582263628167     
  0.87036834268219332       0.17627923065042828     
           6
  0.58717573558197156       0.17736077331989686     
  0.57416335567313059       0.17986236796033853     
  0.56753846887378412       0.17745267036174389     
  0.56789588940961844       0.16841987908887637     
  0.58863513111988475       0.16045645467316463     
  0.58698357008266644       0.16757311392867383     
           6
  0.35545948725809690       0.18017732851446894     
  0.34937759751025987       0.18076172791797382     
  0.34142678524859071       0.17888237437791354     
  0.32926954743967013       0.17701702569814079     
  0.34983007936209054       0.15945553088132741     
  0.35253104463381979       0.16475266775054770     
           3
  0.14473684210526316       0.36842105263157893     
  0.13488098535893220       0.37836751707858174     
  0.14348738783276735       0.35492951399161227     
           3
   8.7812281294252809E-002  0.57979507927166141     
   8.0303973439966606E-002  0.55838903499070192     
  0.10421685775069287       0.56314616959770381     
           6
  0.23292807408601413       0.85583958964500528     
  0.22293878032398684       0.85447058460663572     
  0.21255472508953197       0.85593677165245696     
  0.21173729863163154       0.84455391907847444     
  0.23521581017804460       0.83603585437239414     
  0.23632067213095792       0.84844024048366740     
           8
  0.54955044794841590       0.60799646200386004     
  0.54639650528616901       0.61567700345936249     
  0.54110607886516549       0.61495794941447546     
  0.53717884375468317       0.61864413984768774     
  0.52700900550425622       0.60508632138995477     
  0.53028234348870218       0.59868304778810411     
  0.53434736882881850       0.59474157339791556     
  0.55163335911652744       0.59159867136023692     
           7
  0.73087037675649003       0.44934841631461753     
  0.73077676820167126       0.45779331000387885     
  0.71151080852904081       0.45628226310706183     
  0.71583733462964261       0.44115327687249040     
  0.71602184457181728       0.43525426432498915     
  0.72534892341549118       0.43533439666339030     
  0.73167326373893649       0.44232685843803177     
           6
  0.46944173327971089       0.21185604449995132     
  0.47421306565670207       0.21588787991462788     
  0.47153963584782482       0.22145816019132419     
  0.44687023173710932       0.21215388175657882     
  0.45786012240852908       0.19649390691858093     
  0.47380056348891864       0.20300589703390645     
           8
  0.69782031879870587       0.35331725179931989     
  0.68298439019255752       0.35333595975262710     
  0.67758803659005440       0.35173812508666552     
  0.67300201307261043       0.35523468140306480     
  0.67106024368865591       0.34297155739625618     
  0.67161741972819144       0.33006628346069955     
  0.68523501883357629       0.33125881746073282     
  0.69553908822368182       0.34123386545880469     
           8
  0.57871507543116152       0.34986671193720537     
  0.55574864553549586       0.35019497842058434     
  0.55787083529958359       0.34431595902299450     
  0.55374482788434543       0.34015418760637040     
  0.55990699913462028       0.33309767865332773     
  0.57484688543350815       0.32910162291797840     
  0.57868890874991097       0.33375933797806134     
  0.57395335052814023       0.33783727640451550     
           6
  0.41722592611373122        1.0126739690799034     
  0.41030015068582920        1.0090964759967764     
  0.39513322624034353        1.0103467422398897     
  0.39743347618362046        1.0031478205503899     
  0.40538172769296299       0.99023367892398773     
  0.42186185318898661        1.0005544332605674     
           3
  0.29860992128139896       0.70990877787695705     
  0.28947368421052633       0.69736842105263153     
  0.29804071447375835       0.69008334739820765     
           7
  0.35036068415846677       0.39065986515237761     
  0.33493776347504106       0.38263187690959805     
  0.32873657879907009       0.38362633151200753     
  0.33215259004737296       0.37430172257540834     
  0.33857024812087078       0.36796173495634443     
  0.34999630598378817       0.36749082793286519     
  0.35483337666556747       0.37482865359084960     
           7
  0.66939168229866086       0.53095977535854610     
  0.65964968709469174       0.53391246497119083     
  0.64854640157003707       0.53616477708376276     
  0.64547900120930235       0.52961818227978319     
  0.64675536310943571       0.51518005495682406     
  0.65694797341170963       0.51603678017369048     
  0.66750710629431875       0.51961343010713257     
           8
  0.73719427000870930       0.65935326778421632     
  0.72941234626482965       0.67147631393668872     
  0.71351921768625326       0.66928360452976587     
  0.71520117103077574       0.66455920875227137     
  0.71954956262468484       0.64973766908966613     
  0.72049371194834344       0.64432646817428019     
  0.73248134666995202       0.64842471638718757     
  0.73100952831018107       0.65425415238841411     
           3
  0.72339982411744908       0.13940344825035783     
  0.71052631578947367       0.13157894736842105     
  0.71585119501832983       0.11819990257356185     
           3
  0.80051907564160207       0.21066751226506492     
  0.77582215043071234       0.19073721020901857     
  0.79463413215240120       0.18840951638468914     
           6
  0.62678087171457775       0.88092625210666842     
  0.61546708287877283       0.87588306221589507     
  0.60690302543260921       0.87664214649040673     
  0.61052562157211099       0.86524629381225127     
  0.61143094100194628       0.85685765873166009     
  0.62430895412798093       0.85565908050384509     
           5
  0.38213350831782605       0.80326164113357190     
  0.38593102892989162       0.79433420328479498     
  0.38530369142008497       0.78608348308136233     
  0.38294532615007271       0.77687046072108867     
  0.40638124207165416       0.78681952835814140     
           7
  0.40179420071122346       0.66987531941586331     
  0.38994433617463264       0.66518489738195563     
  0.38436832589976416       0.66631977338553494     
  0.38620069040077093       0.64749945772009299     
  0.39237001763163021       0.64773323769709534     
  0.40530010006786005       0.64606641109319218     
  0.40527864781720074       0.65270433370611636     
           5
  0.16137256754703896       0.23653673094426791     
  0.15552730934644979       0.23163278943688667     
  0.14921610989983292       0.21953849101250786     
  0.15191626421952842       0.21120595705093195     
  0.17056529610131124       0.20995201515920944     
           4
  0.20157863978627191       0.19145847924670167     
  0.19430040674586535       0.19559042227525938     
  0.18367128339039640       0.17373173169507028     
  0.20534411490999915       0.18059883346686914     
           4
  0.21669107239333410       0.25815047209893227     
  0.20692533336821278       0.25747172823751191     
  0.20168934036468103       0.23952783843739159     
  0.21028520642022153       0.23671973738850646     
           3
  0.28586475221507168       0.63251262829189292     
  0.26375069323798778       0.63838884507334581     
  0.26406729264993251       0.62115708510011447     
           3
  0.65825343501760936       0.40717735328989707     
  0.64731903089516862       0.39506740442641974     
  0.65789473684210531       0.39473684210526316     
           3
  0.67105263157894735       0.55263157894736847     
  0.65995555777356296       0.54630399261197649     
  0.68503457051175720       0.54810359121535246     
           5
  0.67026370309652572       0.19887504809110804     
  0.65557449702975401       0.20753845599339743     
  0.64394832342560759       0.20582733354980476     
  0.64651327316593443       0.18471696917762287     
  0.65382393321317100       0.18892941536998092     
           8
  0.64076163627211158       0.27871016320579273     
  0.64533342299569740       0.29014143520737379     
  0.62063729041522042       0.28353287249879983     
  0.62337946756248097       0.27535127172180257     
  0.61867670616018644       0.26574397132736383     
  0.62722233659333260       0.26597784033455446     
  0.63549745126563240       0.26710945606289954     
  0.64328321168583491       0.26297929049462682     
           8
  0.16699385065249850       0.51000124008289205     
  0.15861973035986485       0.51134124549389715     
  0.14423581562163110       0.51043341992147695     
  0.14719971550153405       0.50039665385311793     
  0.14697923617957342       0.49490475328671318     
  0.15083057198264188       0.48660701660782985     
  0.17175204861060522       0.49099838162286641     
  0.16689544095176409       0.49424341274240091     
           6
  0.20984356916302863       0.74350782685781280     
  0.20397037585676434       0.74926474046442948     
  0.18538948589756260       0.73773213846934915     
  0.18463262739090955       0.72749235174242688     
  0.19704682380294131       0.72656535715106951     
  0.20820746778593396       0.72800430193258459     
           5
  0.38547180979541396       0.52491647837261668     
  0.37500031343465684       0.52550325343141191     
  0.37213722499245439       0.50692863246537623     
  0.38072972381553050       0.50401759376322852     
  0.39150758391809615       0.51188363506769496     
           7
  0.72090416380136868       0.50718931266935008     
  0.71407294308940972       0.51106905591553198     
  0.70889837590460913       0.50868641076241117     
  0.69694593425479412       0.50293166723539540     
  0.70550593498104641       0.49048142978802067     
  0.71233050850896429       0.48786274111567030     
  0.72134873619759732       0.49417424127098769     
           3
  0.73544609849865283       0.74481191692311199     
  0.72368421052631582       0.75000000000000000     
  0.73122414112276790       0.73798810063186548     
           3
  0.89065125472707818       0.55085999697247767     
  0.86763191076691082       0.53745872620420510     
  0.89168374047692278       0.53313044400319809     
           6
  0.14275629438859222       0.92076884286834004     
  0.14087794222441932       0.92929137177612531     
  0.11796213903160563       0.93315055745335784     
  0.12949602460551599       0.90901049186905669     
  0.13665347190603702       0.90847760011876244     
  0.14503103077102888       0.90843954195581444     
           4
   7.6161511640896587E-002  0.33737719053767790     
   6.6894796159228151E-002  0.33500159265861085     
   6.5512538236188148E-002  0.32083955264487291     
   7.8947368421052627E-002  0.32894736842105265     
           6
  0.86330200885221797       0.36806528670004007     
  0.85354131707197123       0.36748037988101856     
  0.84709417543304633       0.35845625956187799     
  0.84970492712132906       0.34452236640928180     
  0.86018814244066666       0.34318064389543512     
  0.86634451093239095       0.35157744873543312     
           8
  0.53905622786869223       0.79215228756171296     
  0.54010710631632897       0.80109811450445989     
  0.53003699338528598       0.79716465684276672     
  0.52296203975523659       0.80016027799854827     
  0.51529982940373520       0.79066132831649183     
  0.51778637506193737       0.77933180750840225     
  0.52697217888525882       0.77758848457266450     
  0.53622555763420687       0.78177416912431474     
           8
  0.93401553579103358       0.85541772132780425     
  0.92135588806911140       0.85482465203593583     
  0.91517800933675875       0.85209113240040912     
  0.90889283352333106       0.85369999916803130     
  0.90842130857589354       0.83739958021916594     
  0.91928249092549585       0.83340916806917498     
  0.93515535722493770       0.83399458231686574     
  0.93434406778666090       0.84102141099366790     
           5
  0.85217844793219699        5.1703380422218580E-002
  0.84042182291378409        6.0610735064990318E-002
  0.83309783015853356        5.8276018785629886E-002
  0.83315085525758226        4.5626644481907182E-002
  0.84019364002757435        3.8625306914396813E-002
           4
  0.48091896381442517        7.8423039949691215E-002
  0.47368421052631576        7.8947368421052627E-002
  0.46238722562155465        7.3877168231679793E-002
  0.48181591565606624        7.0625696029899085E-002
           8
  0.40884086675812475       0.27687962238037700     
  0.38484084476554486       0.27634306663470848     
  0.38503292295765695       0.25641828484491208     
  0.38131013052920693       0.25027419126050893     
  0.38710809318172990       0.25114379368332412     
  0.39263041579354724       0.25152257879435092     
  0.40449003282506446       0.25065276792857172     
  0.40378128548769682       0.25815546611814599     
           6
  0.27560636754042944       0.40499178915731354     
  0.26664082602058642       0.40857958302927405     
  0.25120965372890447       0.40309216076419935     
  0.24985952669426370       0.39229764750507901     
  0.25338139654622582       0.38269923142641682     
  0.26346971572330308       0.38192930511897705     
           6
  0.20175538572783830        7.7874201783492483E-002
  0.19702770479032355        7.3120310761030691E-002
  0.18887539948291623        7.4155640058013228E-002
  0.18509173276519039        6.1719857383121260E-002
  0.19161506179369980        5.1952251801763570E-002
  0.20739562980385004        5.4759123263386500E-002
           7
  0.67170575921283304       0.92492704210813670     
  0.66898864533279134       0.93067093721004368     
  0.64502583468388930       0.93415391252298008     
  0.64655093497421812       0.91999166939309540     
  0.64894194937276517       0.91303721127688142     
  0.67081404614474160       0.90779217632323916     
  0.66622652839586083       0.91442025407027938     
           8
  0.76287490149456261       0.95036280357796865     
  0.75771949516091253       0.95932082264535035     
  0.74900571671649596       0.95753024701283207     
  0.73896186158816091       0.94299057245429685     
  0.74187554590343818       0.93633288736237885     
  0.75508151643907517       0.93932600066573280     
  0.76006923769475876       0.93659179501505496     
  0.76194170359429980       0.94211909318988452     
           5
  0.60428994184174512       0.56377461809440610     
  0.58616528432669912       0.56572695508155346     
  0.58499938730669632       0.54432868716467953     
  0.59666402951492759       0.54294504713641856     
  0.60051285019216116       0.54886572892675600     
           3
  0.50000000000000000       0.43421052631578949     
  0.48797272055833785       0.44168514120162511     
  0.49178465063205756       0.42073190268244548     
           7
  0.67092075793354644        5.3436799292061007E-002
  0.66971486188196983        6.5901537414615546E-002
  0.65069574750128034        6.1094141537580408E-002
  0.64812404888073649        5.3511283665276257E-002
  0.64653198672226431        4.3803107240545106E-002
  0.66184494157600005        3.9564893102227744E-002
  0.66882463240483314        4.5456315619027556E-002
           3
  0.88157358604139258       0.11398072402774082     
  0.86842105263157898       0.10526315789473684     
  0.85481462560403032        9.4124264299018337E-002
           3
  0.77487112406450420        7.6057455786985737E-002
  0.76338844747376244        5.7024687471470735E-002
  0.78413973332836406        5.3771712581108806E-002
           3
  0.46117376484189276       0.79679828337385761     
  0.44665719529416659       0.79772154051237254     
  0.46052631578947367       0.78947368421052633     
           8
  0.36471135161567253       0.31780237915454157     
  0.36682766478231521       0.32613566325036564     
  0.35980295723100525       0.32626505414134382     
  0.35495633336933463       0.32783734917794199     
  0.34395568643332147       0.30394213093451888     
  0.34963096382921854       0.30473067596778813     
  0.35500558493786238       0.30825638578423203     
  0.36930000519983119       0.30201921573487067     
           3
  0.52874497560086309       0.27636417013009057     
  0.51639237254583070       0.26742315585496784     
  0.52657381524799529       0.25005644116298037     
           7
  0.53748656898847891       0.48915853044151203     
  0.52299546402117914       0.49438895298833768     
  0.51847849499561016       0.50043651754102036     
  0.51384449979257796       0.48853489143959472     
  0.51918480215085883       0.48016674766497636     
  0.53418839707931565       0.47360899995238109     
  0.53676843356309800       0.48010097933272183     
