   76.000000000000000     
   140.00000000000000     
          75
           8
   18.000000000000000     
   26.000000000000000     
   11.000000000000000     
   30.000000000000000     
   21.000000000000000     
   19.000000000000000     
   15.000000000000000     
   16.000000000000000     
   29.000000000000000     
   26.000000000000000     
   37.000000000000000     
   16.000000000000000     
   12.000000000000000     
   31.000000000000000     
   8.0000000000000000     
   19.000000000000000     
   20.000000000000000     
   13.000000000000000     
   15.000000000000000     
   22.000000000000000     
   28.000000000000000     
   12.000000000000000     
   6.0000000000000000     
   27.000000000000000     
   14.000000000000000     
   18.000000000000000     
   17.000000000000000     
   29.000000000000000     
   13.000000000000000     
   22.000000000000000     
   25.000000000000000     
   28.000000000000000     
   27.000000000000000     
   19.000000000000000     
   10.000000000000000     
   12.000000000000000     
   14.000000000000000     
   24.000000000000000     
   16.000000000000000     
   33.000000000000000     
   15.000000000000000     
   11.000000000000000     
   18.000000000000000     
   17.000000000000000     
   21.000000000000000     
   27.000000000000000     
   19.000000000000000     
   20.000000000000000     
   5.0000000000000000     
   22.000000000000000     
   12.000000000000000     
   19.000000000000000     
   22.000000000000000     
   16.000000000000000     
   7.0000000000000000     
   26.000000000000000     
   14.000000000000000     
   21.000000000000000     
   24.000000000000000     
   13.000000000000000     
   15.000000000000000     
   18.000000000000000     
   11.000000000000000     
   28.000000000000000     
   9.0000000000000000     
   37.000000000000000     
   30.000000000000000     
   10.000000000000000     
   8.0000000000000000     
   11.000000000000000     
   3.0000000000000000     
   1.0000000000000000     
   6.0000000000000000     
   10.000000000000000     
   20.000000000000000     
           1
  0.52631578947368418       0.52631578947368418     
           8
  0.30209521205001394       0.29902249327652308     
  0.29261703387767246       0.30147217094059142     
  0.27824616676408293       0.29389521925916168     
  0.27840191864019276       0.28482556655532537     
  0.27591929834653334       0.27739348166850208     
  0.28306689613829011       0.28079031124503273     
  0.28943622557683069       0.28129796235166876     
  0.29829267240547652       0.28008519074684474     
           7
  0.47302623189348147       0.35552551532859300     
  0.46853049963894794       0.35131359123009259     
  0.46294218329816528       0.34333590172920420     
  0.46273992077065246       0.33331790437932740     
  0.46944037424726648       0.33474863335405947     
  0.48163604545066707       0.33292745173652422     
  0.48772001497211104       0.33905273815729214     
           6
  0.27993817063919318       0.60534142429785209     
  0.27646081596026656       0.60048948550887360     
  0.26391031147591842       0.59833731290532344     
  0.26832154307305706       0.59460014756639257     
  0.27374566636054132       0.58275690151479265     
  0.28268287449976021       0.58313615568825161     
           6
  0.60475693533805353       0.46829981313240493     
  0.60134568493599183       0.47290475728126874     
  0.58339178962370009       0.46386037878661579     
  0.57958505473569666       0.45914882688629227     
  0.58948479970107526       0.45245987361362860     
  0.59964353861357000       0.44894153457345592     
           3
  0.72702255965163387       0.27608424915649993     
  0.71484261800043292       0.25982132271519698     
  0.72678567975632657       0.24915353504443027     
           4
  0.44522306067516665       0.44509502279883434     
  0.42663850028895195       0.45660876156059527     
  0.42884728363667679       0.43736450457795251     
  0.44178254705377673       0.43803921589400524     
           7
  0.66678566432273267       0.67129691185988460     
  0.65382349904468029       0.67040373052365831     
  0.64560059715152140       0.67121514898928725     
  0.64790715913653973       0.65712243609524856     
  0.64524462781170122       0.64814805329505154     
  0.66364332312657526       0.64800274037620886     
  0.66850158909597834       0.64438386568279227     
           8
  0.73691760774518922       0.60413754713633372     
  0.73182030632138750       0.60108736444326016     
  0.72468640083069336       0.60185648532277303     
  0.71932884062345059       0.60262265347512245     
  0.71596571643728912       0.59697790180686183     
  0.71156517232961403       0.58262421824299748     
  0.72248529478140500       0.58066268200022164     
  0.73566642029150064       0.58976148884858171     
           8
  0.35402539867942889       0.77575776208305014     
  0.35154193184270471       0.78234289709406102     
  0.34336978670565549       0.78887103985555806     
  0.33263389585997127       0.78025556925786832     
  0.33096615756800074       0.76968673058534054     
  0.33928654044116396       0.76902413015009441     
  0.34084236118389466       0.76276928515540110     
  0.35431048587663289       0.76555652353365611     
           6
  0.53797354853227553       0.86433260588669003     
  0.53530863492321856       0.87180931060206779     
  0.51822376881559107       0.86583800471310013     
  0.51721845876456551       0.86014335153883936     
  0.52279427052670968       0.85567207217717878     
  0.53144761872797031       0.85863404185524328     
           4
  0.73166347891483252       0.85523847169309730     
  0.72970612958990455       0.86357397162654037     
  0.72368421052631582       0.85526315789473684     
  0.72009568136211066       0.84607622396336468     
           7
  0.47169536749518159       0.67257483862416034     
  0.45906636150713914       0.67856614526526260     
  0.45245673759133986       0.67847410875287095     
  0.44801207390244069       0.65697442244363602     
  0.45700997884927480       0.66066243143911851     
  0.46918904779681930       0.66225782752758255     
  0.47373858848190120       0.66698582983658783     
           4
  0.82428861458176417       0.47027250988601965     
  0.80893340225745003       0.47041614571233725     
  0.81578947368421051       0.46052631578947367     
  0.82691744576413495       0.44950491280392296     
           4
  0.81256330438334157       0.75830541374640337     
  0.80261781121167486       0.75872113200971913     
  0.80795935972953836       0.74305212315264979     
  0.82819115713205327       0.73648311312781856     
           4
  0.82589002287134294       0.32285385458737015     
  0.81409449894722941       0.32762389244253870     
  0.80456845934784127       0.31652850299725582     
  0.80882470785355498       0.30653688537501600     
           7
  0.28858772029362056       0.48253030309334388     
  0.27436377139116280       0.48688670654927324     
  0.26592157667527233       0.47390264780225827     
  0.27054937051598910       0.46631318503163549     
  0.27573210432986933       0.46472701918640863     
  0.28231814991097348       0.46396895311000486     
  0.28813765881604020       0.45978052259061775     
           4
  0.44444373687557942       0.58429097372754746     
  0.42832088547394881       0.59072125600290171     
  0.42486490732596016       0.57795877324457745     
  0.42699209035650715       0.57126637566500660     
           5
  0.13212332742230729       0.74892543596070404     
  0.12032914634279832       0.74801959389775319     
  0.10572900112305886       0.72829492172005772     
  0.12091263724117357       0.72546704547358054     
  0.12974923507279071       0.72959301106343843     
           6
  0.81977801306259956       0.64141110940404900     
  0.80423972068485561       0.64324082872596322     
  0.80297151339229322       0.62526303036671649     
  0.81024991963975379       0.62404217829572661     
  0.82444698952738671       0.61985127968432840     
  0.82712106096127092       0.62506479090152134     
           3
  0.86842105263157898       0.18421052631578946     
  0.86118320229094825       0.18917285649380342     
  0.87922958312029487       0.17089744560385572     
           6
  0.57287260705224941       0.17846343317969507     
  0.56506652950642322       0.18006449864583524     
  0.56839372650645281       0.17502748594283371     
  0.57339600370468979       0.16272938409395538     
  0.58473604521367473       0.15708014511480961     
  0.58795458875396300       0.16183393175795777     
           8
  0.35026645569364190       0.17815961557763543     
  0.34465676779361737       0.17817602934307530     
  0.34484697227445948       0.18324992061492937     
  0.33916507778775090       0.18422820706421028     
  0.33139185687958622       0.17314939794934048     
  0.33013610765794404       0.16683891323007760     
  0.34510123853312796       0.16345241348339917     
  0.35230436322614878       0.16800258940130738     
           4
  0.14473684210526316       0.36842105263157893     
  0.13698282443187090       0.36939526179605786     
  0.14323695533053679       0.35442575801161041     
  0.15197283337201609       0.36045836203352583     
           6
  0.10109486416796770       0.57113857600309603     
   8.5440731257068234E-002  0.57494622855046340     
   7.8251117674406387E-002  0.57151673093190847     
   7.8255360306817415E-002  0.55808744629998064     
   9.5275731783391313E-002  0.55341011721469835     
  0.10299499325560191       0.56143490026548026     
           5
  0.23395589798950331       0.84449359254384770     
  0.22809289664716817       0.85207642878006684     
  0.21996083044395209       0.85432955196304616     
  0.21351811586369016       0.83497579902860897     
  0.22823618967635234       0.83132642011211455     
           4
  0.55099901019990349       0.60673258271746433     
  0.53748455469174461       0.61612526682702051     
  0.52545947586427155       0.60409545348488203     
  0.54418876595517518       0.59597791126331556     
           8
  0.73484012960189771       0.45413106707352885     
  0.73086377055606044       0.45129828244770043     
  0.73417829240092447       0.45919049038080700     
  0.72869457393109849       0.45799492839423123     
  0.71314168425891589       0.44044847358956019     
  0.71316323157682304       0.43540834621099700     
  0.73589292847896492       0.43886341307864996     
  0.73332212731533697       0.44636411359336670     
           6
  0.46868203288315197       0.21034275250090179     
  0.45711550085069186       0.22245010381097891     
  0.44840292322872410       0.21259668188781353     
  0.44807807072227535       0.20409895928421137     
  0.45409067877961545       0.19714502440613418     
  0.47127263785135376       0.19674376520306025     
           8
  0.69592207114293858       0.33815201454758320     
  0.69319695147739413       0.35056801864465581     
  0.67436387546716781       0.33730483527665878     
  0.67557357416919983       0.33226110498355949     
  0.67133673978178177       0.32960497854491483     
  0.67901512085117555       0.32843449196544011     
  0.69169495231784706       0.32931492900309711     
  0.68767031803675183       0.33422727184833462     
           4
  0.57614066484244308       0.35319394333137627     
  0.56578947368421051       0.34210526315789475     
  0.55875403840220395       0.33140411188697028     
  0.57227065962328882       0.33016549573523901     
           4
  0.41512595334712882       0.99652309658066818     
  0.40434594977274352        1.0091218627793652     
  0.39817202526181539       0.98811173506156935     
  0.40744536493671840       0.98883987188234668     
           5
  0.28860722616775419       0.70926380970674141     
  0.28143809164596167       0.71108505786345855     
  0.27889292720445080       0.69754103999243455     
  0.29667109383944690       0.69060073472996020     
  0.30287418572644992       0.69341570675497577     
           5
  0.34765336256007318       0.39151222278679776     
  0.33406126219250865       0.39520093751323171     
  0.32986768784844611       0.38524456086468312     
  0.33501292514321024       0.37484592037045084     
  0.34635977637650317       0.37066744108230931     
           3
  0.67133779051340092       0.53141042081313306     
  0.64431389353155355       0.52148638962507576     
  0.65301197391117927       0.51364521300934030     
           7
  0.73158259880965759       0.65428144398825527     
  0.72296059649491184       0.66973854358322571     
  0.71505823541130287       0.66307113324864164     
  0.71129648418005098       0.65178303229870505     
  0.71058015102082517       0.64477109927072029     
  0.72856552873083347       0.64628382161598297     
  0.73379721002431364       0.64825093895594699     
           5
  0.72080495849772586       0.13788380380467130     
  0.69892438515481936       0.14188845707573750     
  0.70074885907425577       0.13167648289823480     
  0.71631334654294254       0.11818655004452649     
  0.72456552288778020       0.12922466474799504     
           3
  0.80306472975572452       0.20419638853184693     
  0.78947368421052633       0.19736842105263158     
  0.78719596515820656       0.18781307095602223     
           7
  0.62877725435198628       0.87898704371178793     
  0.61873110485164695       0.88237599725356297     
  0.61512930302852964       0.87607602596178824     
  0.60772628647843752       0.87310664161710860     
  0.62186224886741837       0.85870450392899378     
  0.63098629866114775       0.86412876559535390     
  0.62961867247929826       0.86992184626586466     
           7
  0.40507403891216381       0.79131985505177449     
  0.40046484022775408       0.80074234880689188     
  0.38088054583708997       0.78729777244768762     
  0.38541575750203511       0.77715848682203637     
  0.39458980161991203       0.77548527879624074     
  0.40265479713008040       0.77577778507934536     
  0.40694400787596446       0.78312622342775640     
           7
  0.40603347587262917       0.65706339588835261     
  0.40365438094458750       0.66663291047146223     
  0.38274278786440852       0.65888391794068635     
  0.38286126573768603       0.64474162176865801     
  0.38871989509144211       0.64841398104843695     
  0.40090882288612195       0.64623660581234454     
  0.40762283811074074       0.64963908000013904     
           7
  0.16762529932097384       0.22629720699384603     
  0.16856357599297797       0.23516462647424097     
  0.16281770422097205       0.23418930807494359     
  0.14876811935728859       0.23159491566073270     
  0.14760249595155761       0.21479528281032403     
  0.15344379184185158       0.20959481356214210     
  0.16406004452823145       0.21285165307817697     
           4
  0.20608067555963919       0.18863336763155070     
  0.19174779970154196       0.19818392487423539     
  0.18449043261992426       0.18582413782350549     
  0.19104032481587491       0.17058258041948376     
           4
  0.22432740196241802       0.25634714951101240     
  0.21052631578947367       0.25000000000000000     
  0.19730651676306651       0.24055200835466189     
  0.21979946947879200       0.24760228962696590     
           3
  0.26902967513014608       0.64447518713290552     
  0.27631578947368424       0.63157894736842102     
  0.28589362272301555       0.63757307910934469     
           6
  0.66639034819052245       0.40165204224151152     
  0.67036015151574446       0.40728310723803735     
  0.65654254486270847       0.40572695323383379     
  0.64593999786677392       0.40686109952920763     
  0.64382844240289272       0.39375531818009579     
  0.66499988554837108       0.39081863406193901     
           5
  0.67453541605297662       0.56400688899064644     
  0.66501520804271552       0.56618781044026423     
  0.65766220576931878       0.55645629887306436     
  0.66734296343453081       0.54110678613802954     
  0.67105263157894735       0.55263157894736847     
           5
  0.66759361316263155       0.20408846883132287     
  0.64970608310179412       0.20888717319706204     
  0.64423603636230908       0.18326676036087663     
  0.65565905938616109       0.18827945153952633     
  0.66326019000422354       0.18803381208118816     
           4
  0.63157894736842102       0.27631578947368424     
  0.62170783918133554       0.28413691185134815     
  0.62863076043477029       0.26798936385166533     
  0.64366135706583405       0.26332812484546853     
           8
  0.16759400628174748       0.51332720076151017     
  0.15547375059237706       0.51162881322550524     
  0.14919183112154574       0.51147689163353760     
  0.14428455901178935       0.51055657185990799     
  0.15038448327170179       0.50238245583991936     
  0.14832194233955517       0.49395690290355410     
  0.14855675554812758       0.48615281306288782     
  0.16475928738991624       0.49139343668841884     
           7
  0.20728734286859618       0.74176273124934922     
  0.21002868069358860       0.74771971030151763     
  0.19460791122888468       0.74760218592853500     
  0.18823685662493705       0.74634474901334369     
  0.18891362765682795       0.73807259924754764     
  0.18694345949734661       0.72867743115759687     
  0.20289018361791672       0.72780820083598652     
           4
  0.39035008190953208       0.51860004764945233     
  0.37988547292624159       0.52196269903783332     
  0.37598227645323140       0.50599023164564771     
  0.39553032567965296       0.50340878552817869     
           7
  0.72032425187973326       0.50515851559615677     
  0.71367127745675285       0.51084630377873630     
  0.69765225573326251       0.51114769690292350     
  0.70117607760728506       0.50611184640623352     
  0.69733554582602875       0.49827729336555893     
  0.70223447027383346       0.50012380465694062     
  0.70788900559561341       0.49124114025949822     
           6
  0.73393729366580951       0.75040122213162597     
  0.73503198664560010       0.76136609209775485     
  0.71645305336449172       0.75447430962943973     
  0.71195871318487669       0.74541391949801816     
  0.72087200104718840       0.73919604832356212     
  0.72622304024362028       0.74181152822639795     
           7
  0.89174685000395459       0.54874470487121740     
  0.87637643769199514       0.54762777103506111     
  0.86801079483836552       0.55022274784716296     
  0.87157649404550153       0.54289250528844113     
  0.88224051977321893       0.52996384411282749     
  0.89259604198319864       0.52910929090899939     
  0.89406035064856448       0.53828976698119357     
           7
  0.14040579976075515       0.93085742679481287     
  0.13160296980767738       0.92936681205656779     
  0.11890659452230834       0.93288510604896469     
  0.12100805913972049       0.91761937673181748     
  0.12838517943989602       0.90902652654924232     
  0.13917796427175574       0.91352687040706460     
  0.13942038313636029       0.92057076474652189     
           7
   9.1859263228057972E-002  0.33229683103653840     
   8.9806070781339745E-002  0.33976592675511463     
   8.0942667773792124E-002  0.33704647630941464     
   7.1822534769087190E-002  0.34096154940164436     
   6.7223224406868440E-002  0.31886158990490626     
   8.7665243772512141E-002  0.31485946568831569     
   8.6889763080886542E-002  0.33057744638366549     
           3
  0.86328153907710914       0.36297060670167147     
  0.84164158051758842       0.34369796126832064     
  0.86156962192498732       0.34425946435388044     
           7
  0.53571882838262519       0.79518653256213345     
  0.53716787751836581       0.80210571691513655     
  0.51999233613033546       0.79738870944637608     
  0.51821023639796293       0.78541184671991271     
  0.52548994749206490       0.77787648296100964     
  0.53137686762505942       0.77686579270614731     
  0.53913142094535449       0.78489421356540667     
           3
  0.91331595126219722       0.85201773352733656     
  0.92293772576349253       0.83391560642392193     
  0.93052407260905334       0.83940472522111675     
           4
  0.85147309693407569        5.9798213948182355E-002
  0.83146255109734946        5.6593157370014663E-002
  0.83847114788047861        3.9895708355882610E-002
  0.85476471681851407        4.9963072451914302E-002
           7
  0.48727733875185336        9.2533875175951130E-002
  0.47409845645001075        9.2891600247902786E-002
  0.46117572670517865        7.6909765233204433E-002
  0.46098537872908552        6.9424149278605712E-002
  0.47318127706534491        7.1420389617653124E-002
  0.48533829931572581        6.9662845921119529E-002
  0.48174718423237173        7.3504494703080014E-002
           8
  0.39433427962654238       0.27610693252012708     
  0.38302078177964050       0.27595439312257491     
  0.38204743764350985       0.27085455701496958     
  0.38398602824595834       0.25793696943758082     
  0.38948947668146372       0.25179323434140499     
  0.39864184483550780       0.25299800162066882     
  0.40710156163680300       0.24977998869714579     
  0.40407531700299953       0.25705603591424714     
           7
  0.27135248669320372       0.39828650461253851     
  0.27409209259233458       0.40338007489676286     
  0.26878352955534796       0.40853467709144425     
  0.25388703912708027       0.40751333145270113     
  0.25035333344222060       0.38765731915032575     
  0.25449887124505033       0.38112548456247808     
  0.26281760919703434       0.38106176305647915     
           7
  0.21131211801441527        6.8165270239664399E-002
  0.20973446735625573        7.4710626065400215E-002
  0.20483926428877311        7.8919215471055931E-002
  0.19021307940278198        7.3466979609388652E-002
  0.19015001726469513        5.8649184738796295E-002
  0.20383110773126670        5.3628397060918299E-002
  0.21015195195272698        5.8352011150992616E-002
           3
  0.67123202666132620       0.92801355994263091     
  0.65789473684210531       0.92105263157894735     
  0.65914118118513598       0.91220137994184858     
           6
  0.75858076709911770       0.94499779462563271     
  0.75531610739441657       0.95603156995905780     
  0.74223142829118649       0.95793857958478823     
  0.73714316513475731       0.93732414149458665     
  0.75529634129844814       0.93451855608448919     
  0.76067427819959976       0.93728265220367202     
           5
  0.59425880254967656       0.56523451935114599     
  0.58037577253170425       0.56566556919422306     
  0.58387719686201700       0.55138010101040780     
  0.58347321101242755       0.54040653207543887     
  0.60032144387611730       0.55183766260727485     
           7
  0.50000000000000000       0.43421052631578949     
  0.49610026762129134       0.44821403518903913     
  0.49246457845424835       0.43727085829832163     
  0.48771215943526963       0.44042006993135147     
  0.49081210179632467       0.42899868035958078     
  0.49541316846939082       0.42412681789291046     
  0.50072865163390590       0.42229852231746051     
           7
  0.67166559498416012        5.9347458682243365E-002
  0.66114726715292027        6.3699646600190368E-002
  0.65281021416945539        6.6638395077065565E-002
  0.64663580155107925        6.5669714668117177E-002
  0.64658590070271071        4.6093162589365813E-002
  0.66637748108579764        4.1004834287934021E-002
  0.66707206496840143        4.9662574575000423E-002
           3
  0.87563433054669626       0.11098813498842929     
  0.85716035540037760       0.11693343427687036     
  0.86640383180642555        9.5915787644672013E-002
           5
  0.78635205631329663        6.5773068960461964E-002
  0.76487033225555878        7.9156260510851839E-002
  0.76730454849705021        6.3923377874821330E-002
  0.76556803398350937        5.5480419977268491E-002
  0.78532451119306490        5.3559507082205415E-002
           7
  0.47155320810478524       0.80255389784207665     
  0.46103298129606290       0.80323504040220428     
  0.44876826148001525       0.80260402596798286     
  0.44660728761958035       0.77803026019252630     
  0.46088385294240325       0.78240088898636850     
  0.46830334373375221       0.77980215425592370     
  0.47355043547019487       0.78656696377427338     
           6
  0.36937330712482908       0.31946669409175293     
  0.35099354218747758       0.32707910096384479     
  0.34161416728217614       0.32365620567884462     
  0.34315306531824463       0.31543212169258955     
  0.35625893530296560       0.30249435784114831     
  0.36642503490366035       0.30970682862581789     
           8
  0.53757373363323480       0.26170690655337031     
  0.53398117550850055       0.26954042804601225     
  0.52278035327612571       0.27070730641043889     
  0.51750993193447381       0.26727279077216504     
  0.51319902631126735       0.26248444871013460     
  0.51505211161858000       0.25297789437164631     
  0.52297242846943703       0.25073212377484355     
  0.53967880493998932       0.25056866663779459     
           7
  0.53346360606535981       0.49391631760336091     
  0.53871400342732323       0.49974863687268389     
  0.51633051278220365       0.49649787905628867     
  0.51683938512417849       0.49085936666939112     
  0.51473838901678781       0.48575427472926824     
  0.51572763200583960       0.47561544000225980     
  0.53848957532912911       0.48437979252583463     
