   76.000000000000000     
   100.00000000000000     
          75
           8
   18.000000000000000     
   26.000000000000000     
   11.000000000000000     
   30.000000000000000     
   21.000000000000000     
   19.000000000000000     
   15.000000000000000     
   16.000000000000000     
   29.000000000000000     
   26.000000000000000     
   37.000000000000000     
   16.000000000000000     
   12.000000000000000     
   31.000000000000000     
   8.0000000000000000     
   19.000000000000000     
   20.000000000000000     
   13.000000000000000     
   15.000000000000000     
   22.000000000000000     
   28.000000000000000     
   12.000000000000000     
   6.0000000000000000     
   27.000000000000000     
   14.000000000000000     
   18.000000000000000     
   17.000000000000000     
   29.000000000000000     
   13.000000000000000     
   22.000000000000000     
   25.000000000000000     
   28.000000000000000     
   27.000000000000000     
   19.000000000000000     
   10.000000000000000     
   12.000000000000000     
   14.000000000000000     
   24.000000000000000     
   16.000000000000000     
   33.000000000000000     
   15.000000000000000     
   11.000000000000000     
   18.000000000000000     
   17.000000000000000     
   21.000000000000000     
   27.000000000000000     
   19.000000000000000     
   20.000000000000000     
   5.0000000000000000     
   22.000000000000000     
   12.000000000000000     
   19.000000000000000     
   22.000000000000000     
   16.000000000000000     
   7.0000000000000000     
   26.000000000000000     
   14.000000000000000     
   21.000000000000000     
   24.000000000000000     
   13.000000000000000     
   15.000000000000000     
   18.000000000000000     
   11.000000000000000     
   28.000000000000000     
   9.0000000000000000     
   37.000000000000000     
   30.000000000000000     
   10.000000000000000     
   8.0000000000000000     
   11.000000000000000     
   3.0000000000000000     
   1.0000000000000000     
   6.0000000000000000     
   10.000000000000000     
   20.000000000000000     
           1
  0.52631578947368418       0.52631578947368418     
           8
  0.29700436805718400       0.29152207617479142     
  0.30178273911955805       0.30087282006848493     
  0.29411750086042998       0.29697396528038211     
  0.28844575937954486       0.29912340547656252     
  0.27803741174067265       0.28773812011224198     
  0.28605809999466408       0.27773037071706280     
  0.28912702642936550       0.28168062149250273     
  0.29976995463299722       0.28135177245260179     
           4
  0.48221494360663270       0.34616495838524025     
  0.46489475089046711       0.33936902911363415     
  0.46877127919854855       0.33080568636851926     
  0.48313523002517911       0.33512087988235473     
           5
  0.27115560357027124       0.60546827331053521     
  0.26812295428702132       0.58983658484564294     
  0.26363725461278259       0.58477182263380278     
  0.27086996243667960       0.57811443380499461     
  0.28466284993489394       0.58789179053970997     
           6
  0.60164421896662612       0.46274389469167038     
  0.59824816935452052       0.46862289293982268     
  0.59200522199695782       0.47383868773070631     
  0.57946255677259717       0.46221561179576409     
  0.58949816744770955       0.45117103779364953     
  0.60417082663121968       0.44685485479390896     
           7
  0.73653066444907467       0.26820011415309919     
  0.73648060103413404       0.27413637488480974     
  0.71509876241596215       0.27158999794130995     
  0.71102111964759662       0.26118584006125489     
  0.71082744796110930       0.25432876188650094     
  0.73425452439109529       0.25693784021760702     
  0.73305838814731028       0.26396525276619481     
           3
  0.44729737491258265       0.45367903308208224     
  0.43214076231729676       0.45877015050504716     
  0.42039571806272530       0.43635484952755554     
           3
  0.64493483177134159       0.66674380274647638     
  0.64561106023072168       0.64935263679254251     
  0.65789473684210531       0.65789473684210531     
           3
  0.73298639974969293       0.59754159751563940     
  0.71367542055307431       0.60200427902591980     
  0.72760251946201437       0.57962221160115912     
           6
  0.35003446371218533       0.78215308907310421     
  0.34379829702475923       0.78835133009723013     
  0.33322066267206413       0.78451623349782607     
  0.33103035209537501       0.77529152302190174     
  0.35140139892034022       0.76474681351643481     
  0.35047428045746376       0.77394499971726050     
           3
  0.52639868034641957       0.87755957301308962     
  0.52497417800021540       0.85952224257784526     
  0.53499070054509779       0.86660429405383110     
           4
  0.73159126647522577       0.85610197430509405     
  0.72738210712642526       0.86665911490542624     
  0.71716478327235222       0.84587269323245251     
  0.73763404561254453       0.84782213524565808     
           7
  0.46784555605623734       0.67824749395014505     
  0.47243883668487840       0.68374092877145576     
  0.45992716410670681       0.68460001195331799     
  0.45220655106969443       0.68210454846642454     
  0.44931879370258437       0.67259534439803192     
  0.44641910367287585       0.66024936435249704     
  0.47051847599005514       0.66410774354959179     
           6
  0.82747843918507757       0.47251329898797167     
  0.81338368185856291       0.47332219184511537     
  0.80446825282614276       0.47179848619446896     
  0.80232001895021265       0.46363015567677335     
  0.81812155610157555       0.45167948405600433     
  0.82390075540189156       0.44788918700276320     
           8
  0.82824235675054558       0.74964302548901174     
  0.80829806694579021       0.75844539991371906     
  0.80321424866984481       0.75604592973855833     
  0.80397166380917573       0.74739597269440561     
  0.80629354441860956       0.73655775766067366     
  0.81746431664101338       0.73875160709856502     
  0.82433092380796236       0.73646555992327878     
  0.82879645678326719       0.74152944340755556     
           8
  0.82907335955587602       0.32903246949902487     
  0.82170209104727532       0.32299610392863926     
  0.81917650717065960       0.32784687918288991     
  0.80429962868947491       0.31750269791159985     
  0.80644706993499216       0.31234928908182313     
  0.81345454148386753       0.30498509715134764     
  0.82822357339318031       0.31043637300216553     
  0.82863230347723260       0.31641108299043424     
           5
  0.28996529843011060       0.47452930893779538     
  0.27582719200374683       0.48114167951842107     
  0.26368635495230980       0.47247316998511024     
  0.26238009605996437       0.46459872539619740     
  0.26941125032284841       0.45983893917846430     
           8
  0.44244896777716231       0.58510386276302229     
  0.44744211507361659       0.58882991678197016     
  0.43424136534502933       0.58884769999979580     
  0.42287424400678386       0.59128735560567758     
  0.42430056608584288       0.58341879775489147     
  0.42517228967360826       0.57528622876588642     
  0.42883210349635814       0.56801645630280551     
  0.43617628069344772       0.57065025631403932     
           5
  0.12303482098135426       0.74773185145969057     
  0.11349263068238458       0.74764234602728052     
  0.10882627394634076       0.72849674917154794     
  0.11756690953274983       0.72975420326408103     
  0.12717331703423704       0.73582960226532101     
           8
  0.82543425119030656       0.63290243503508259     
  0.82176093720019028       0.63923544807470789     
  0.81694642978532539       0.64393255000326055     
  0.80435056687303574       0.64205814706251074     
  0.80344728853490710       0.62826127207985738     
  0.80391576892348171       0.62163685940670765     
  0.81138748839550756       0.62124841598677571     
  0.82465410385161364       0.62667821684602787     
           3
  0.86610926720166215       0.19524802089148788     
  0.85460242415613852       0.19372568487736413     
  0.87843129806079745       0.17052831492170667     
           4
  0.58604601320178085       0.17080322377805740     
  0.57089109160135554       0.17606982263507984     
  0.58169099729626350       0.15902516580390114     
  0.59134593524674373       0.16164481457916935     
           3
  0.34650713205743711       0.17942703539561808     
  0.34210526315789475       0.17105263157894737     
  0.34365062370768318       0.15846375145917158     
           5
  0.13303922060372456       0.38042310633002785     
  0.13571587437341004       0.37254779698165030     
  0.13487486288612319       0.36020232414118980     
  0.14228252726186144       0.35655250655800341     
  0.15378616532582945       0.36069885594419332     
           5
  0.10240022388040192       0.56390050382428780     
   9.8361062434719398E-002  0.57886041414232203     
   7.9754217222879259E-002  0.55477391887326000     
   8.6205972595819733E-002  0.55660585922808403     
  0.10010409524962816       0.55563111719041747     
           8
  0.23505853068910965       0.84767598751284701     
  0.23617816601079017       0.85417075980267987     
  0.22999203393403347       0.85394862670781646     
  0.22007001888713359       0.85353021929614836     
  0.21042330979085055       0.84798757707285932     
  0.21091645314618898       0.83219760897949246     
  0.23294169879568405       0.83062446237552279     
  0.23605950040994927       0.83691284962844992     
           7
  0.54867027318745909       0.61531550910519106     
  0.53982910432843323       0.61909949341960113     
  0.52560319422337554       0.61873903396738439     
  0.53131303131276142       0.60722589451860276     
  0.52733660834511664       0.60331877607442985     
  0.53694732249289079       0.59704077165647518     
  0.54713177854271478       0.60207432188878018     
           6
  0.73215297612292263       0.45500817752036443     
  0.72392026584929003       0.46044056049182303     
  0.71023761023227228       0.43915586462048650     
  0.71837994048901155       0.43994027387335377     
  0.72624645759005957       0.43732432225125345     
  0.73698363343505835       0.43929170714212434     
           5
  0.45576915969689658       0.21879475154625433     
  0.44643858579029588       0.21646323497424269     
  0.45176036691008004       0.20750439685280389     
  0.45214140173991429       0.19992607620563585     
  0.47219608053409462       0.21050194982819809     
           6
  0.69562717435521848       0.35295388041941439     
  0.67900326435548797       0.35512292244830124     
  0.67878781394362830       0.34941670638463024     
  0.67109247024932417       0.34794704797693099     
  0.67514208413372512       0.33919086007008264     
  0.69499924479268715       0.33475253007216255     
           6
  0.57755393350969841       0.35189724679946160     
  0.55564039166596713       0.33845662128145465     
  0.55721952782221362       0.32863296261450575     
  0.56424254257675188       0.32829780557072241     
  0.57208242008039500       0.32987124737243839     
  0.57686888227572219       0.33398431686916324     
           5
  0.41758354595144798        1.0069908445455904     
  0.40115620833354304        1.0082788129229672     
  0.40004778909258543       0.99257722502775669     
  0.40353120511087232       0.98632181769214178     
  0.41635399254414351       0.98903230439330070     
           6
  0.30252343998203818       0.70165144071423913     
  0.28845089891646120       0.70866313170742945     
  0.27568376429463154       0.70922216370217728     
  0.28097842269441153       0.69633287747874584     
  0.28456565951280982       0.68379936796163809     
  0.30285342483091171       0.68342816569997389     
           3
  0.34666167891540750       0.38887602779905239     
  0.34210526315789475       0.38157894736842107     
  0.35370794226807428       0.38384909086959995     
           6
  0.64993960996948308       0.53665598973746254     
  0.65023657945469238       0.52844488137832613     
  0.64434248875484090       0.52192013122072689     
  0.65127936880803450       0.51441757726295112     
  0.66317607957236491       0.51559061165255937     
  0.66916748767289569       0.51951490212474905     
           5
  0.73337623678340169       0.66246604513126095     
  0.72437375019498207       0.66650959357267936     
  0.71442836015312861       0.66865861460752585     
  0.71603270687295639       0.65887286023084479     
  0.71548278947032362       0.65254869865171317     
           5
  0.72192248013830562       0.13709900702255803     
  0.71066150577524800       0.14411151576769449     
  0.69669438127956362       0.14342013810299389     
  0.70063747770534601       0.12386438203731694     
  0.70882819899314420       0.11884984384724691     
           4
  0.80003651802694054       0.20665653959993421     
  0.78947368421052633       0.19736842105263158     
  0.78445679123107637       0.18997965408659004     
  0.80130973398769823       0.19583474756479211     
           4
  0.62059647844251087       0.88168314024620875     
  0.61549563738150137       0.87563241337911935     
  0.60851726548578200       0.86366323051585636     
  0.63248664189075998       0.85755064082057586     
           6
  0.40204408299926214       0.79271057284189783     
  0.39582327342086243       0.80281012258074946     
  0.38453640241330922       0.79825376510839452     
  0.38106999790827800       0.77972591466352981     
  0.38738746716352435       0.78421660997170228     
  0.39712082604465515       0.77733858835598491     
           4
  0.40732416339951943       0.65743552396401450     
  0.40496195821763592       0.66842031034758054     
  0.38764990087988854       0.65713034021088057     
  0.39251265412071890       0.64419382883228693     
           8
  0.16567416553690223       0.22611702534719597     
  0.16306627753244202       0.23169071412932621     
  0.15189084852744730       0.23596552725092790     
  0.14536188343688694       0.23574304550600844     
  0.14411776011893052       0.22711363971754017     
  0.14741570343529248       0.21057614180823256     
  0.15575142730550387       0.21354405606971380     
  0.17176922191442748       0.22086361761006867     
           3
  0.19736842105263158       0.18421052631578946     
  0.18467842773424395       0.18201027514101498     
  0.18520885912627660       0.17152881763192526     
           7
  0.21746112088875566       0.26411384655424441     
  0.20883480861325890       0.26362357418244109     
  0.20056630621790614       0.26064422035065821     
  0.19997388619272591       0.24610521131546828     
  0.19916170565025598       0.23815525181806038     
  0.21985432484595635       0.23746916235451274     
  0.22288328513067224       0.24758999083445898     
           5
  0.28622943345277246       0.63253017653788923     
  0.28857758993663507       0.63963454520813590     
  0.26839390996405998       0.63580619377990577     
  0.26351757136624449       0.61812909462496124     
  0.27691529285642769       0.62394261355686675     
           4
  0.64794833931421991       0.40819812711782116     
  0.65023812608622811       0.39461510104269726     
  0.65401867063139019       0.38282159862601628     
  0.65789473684210531       0.39473684210526316     
           4
  0.68260377100924929       0.56427146757300961     
  0.65811638983520793       0.56375921351751890     
  0.65884805253553647       0.54596405198104558     
  0.67845159870151894       0.54403238585964786     
           6
  0.67168113813721264       0.21111245144883381     
  0.66563779903959930       0.20998103783703512     
  0.65029260853672421       0.20909101146289244     
  0.65890078904956029       0.18729144067619535     
  0.67154878579887389       0.18978209765089779     
  0.67011418846312043       0.19979376217786943     
           4
  0.64448910158197814       0.27865616719235997     
  0.61790503259091234       0.28895811900818474     
  0.62355594507191381       0.27567650802214888     
  0.62030189537450175       0.26731719154663314     
           3
  0.15760142555778894       0.51320436492036292     
  0.14404642229011222       0.49074744613755727     
  0.17031004586769186       0.48952764476483701     
           8
  0.20804989728179071       0.73475334246713386     
  0.20463533778191259       0.74023241799094130     
  0.20770954638070738       0.74822479311936696     
  0.19029029502593509       0.74300940687564054     
  0.19004936010740650       0.73266112504670577     
  0.18800200510273807       0.72525983254404680     
  0.20160271901277654       0.72511358023768679     
  0.20824274290386638       0.72772675607502624     
           6
  0.39500007265050741       0.51688798808059566     
  0.38645971212319857       0.52049021891637071     
  0.37076691460764338       0.52409845233868424     
  0.36920419104625224       0.49907283167121569     
  0.38271457807604392       0.50603643920772312     
  0.39093418519460621       0.50633988247262995     
           5
  0.72295586646224086       0.50292645542474812     
  0.71358545576182264       0.50893960567317253     
  0.69862356046122387       0.51021626909746987     
  0.70092618132484241       0.48637526721357843     
  0.72079719578607582       0.48881723848558095     
           4
  0.72129184118857059       0.76242707672783339     
  0.71327614263667438       0.74331647248457999     
  0.72676584499044927       0.74157356046347367     
  0.73461890982602851       0.73882593661265250     
           6
  0.88766161875689853       0.55202633158065639     
  0.88134262378280659       0.55013794882223666     
  0.87067786167849759       0.55069032862178935     
  0.87266522198952745       0.53833822672161924     
  0.87646611656820672       0.52962690737281126     
  0.89161171490995816       0.53713471511129340     
           8
  0.13985453408147941       0.93011784886487547     
  0.12411249562472580       0.92524059001662706     
  0.11879707327799623       0.92809105011389292     
  0.11974288051763765       0.92229937393438821     
  0.12090162684441544       0.90825114838240883     
  0.12773639031075659       0.90742433966311253     
  0.13754109225545449       0.91331628152486921     
  0.14557103091567300       0.91755476364813049     
           6
   8.9536696090520174E-002  0.33159656822744521     
   9.1540294434629951E-002  0.33795146560810424     
   7.1568335720384985E-002  0.33364358524884474     
   6.5457358656564060E-002  0.32552364110617527     
   7.3859888430969634E-002  0.32149561964006795     
   8.6687454611218712E-002  0.31978729923389621     
           5
  0.86821415323734175       0.36613873100877675     
  0.85580146614281938       0.36418775579287616     
  0.84141758708768521       0.36387965607419437     
  0.86715737067694698       0.34269768850562471     
  0.86601328229140917       0.34889630978558933     
           8
  0.53746849350594450       0.79869123550245413     
  0.52993956594965996       0.79791575917750346     
  0.51476279379732104       0.80312603146618911     
  0.51837404477613724       0.79876754746064738     
  0.51492690931583440       0.79339877069918685     
  0.51787389957594732       0.78161271669878318     
  0.53586555332893415       0.77562661663357935     
  0.53652170119968356       0.78792689700605034     
           8
  0.92246996819114269       0.85268839138533148     
  0.91598115626788901       0.84943853205175779     
  0.91114758218789471       0.84437795421930706     
  0.91208142615875532       0.83523510395663381     
  0.91643887638031640       0.83143657330109422     
  0.92287208499864770       0.83224897000712494     
  0.93083777111521759       0.82990758017268973     
  0.93442277572096610       0.83634741102451293     
           6
  0.84604322255159226        5.9718013913167424E-002
  0.83326781888111201        6.2524491177158248E-002
  0.83436098015760807        4.7746023869803103E-002
  0.83355881212451144        3.8605894282348958E-002
  0.83899721650392955        4.0824406857988382E-002
  0.84882008422400301        4.1332774388668371E-002
           6
  0.48460649009504009        8.4995439816366911E-002
  0.47863058115199675        8.7359866544113138E-002
  0.47374722008599762        9.2881490566859959E-002
  0.46772382230375997        8.7962934219424596E-002
  0.46096289015598690        8.6889669841855019E-002
  0.47813536029845727        6.8233322372258626E-002
           5
  0.40577469569529429       0.26274876826449844     
  0.40426636381806313       0.27628703844705588     
  0.38265212603915161       0.26562751489270153     
  0.38210004663263608       0.25121162324396984     
  0.40794873127999842       0.25264531114075656     
           3
  0.27022870464812870       0.40683295979483275     
  0.25459990077974909       0.38442472296622598     
  0.26315789473684209       0.39473684210526316     
           5
  0.21061946021687508        6.3634172429678226E-002
  0.19223984602187660        7.3780106028528650E-002
  0.18846437868329224        5.7925942644934669E-002
  0.18339894764679526        5.3865044812212805E-002
  0.19906696232246868        5.7407659316208580E-002
           8
  0.66490160511173624       0.93179420710465344     
  0.65567182053325612       0.92872477697663114     
  0.64793780311952009       0.92690250739941038     
  0.64557624486315568       0.92051510179439844     
  0.64573864825052363       0.91025712205299303     
  0.65301373198447976       0.90968492388889910     
  0.65770766682421922       0.91216953336081363     
  0.66309872486009358       0.90949998726208314     
           4
  0.75200568767236087       0.96059360168871655     
  0.73691645380484105       0.94007115996906365     
  0.74840451150695131       0.93656399030460602     
  0.75893142355028853       0.93526130916580541     
           4
  0.60319426770166762       0.56456445637369224     
  0.58395848300219588       0.56179293797251839     
  0.58478274039960487       0.54675804492791802     
  0.59210526315789469       0.55263157894736847     
           7
  0.51197266283279530       0.44088187446314009     
  0.49848483337482691       0.44585747711742019     
  0.49218939742736140       0.44449468623888022     
  0.48605240947525485       0.42288578049885500     
  0.49242364876850714       0.42724729055750188     
  0.50851832510778450       0.42744491150687020     
  0.51125961664865338       0.43262399329427426     
           3
  0.65789473684210531        5.2631578947368418E-002
  0.65790427248221206        4.3426679621019315E-002
  0.66851837978964013        3.8871204282760266E-002
           5
  0.87332032377552804       0.11293660381184487     
  0.86406051396664185       0.11364437163300499     
  0.85660470212034479        9.8941588797918978E-002
  0.87486867443959104        9.4112423402356218E-002
  0.87975954012307811       0.10174062874645667     
           6
  0.78788830064736481        6.9438353832300542E-002
  0.77667621399833242        7.8999665748109793E-002
  0.76799063860507699        7.1051594784991817E-002
  0.76294816177127300        5.7351012981002855E-002
  0.78270958001817315        5.3738907172961634E-002
  0.78783559444711126        5.9202390997339788E-002
           3
  0.46052631578947367       0.78947368421052633     
  0.44963727479629606       0.77716499332549049     
  0.46006535090144718       0.78118578118415993     
           3
  0.36530844779727539       0.32619834162086014     
  0.34246417897310905       0.31779768607067732     
  0.35658009867935397       0.30547900989639226     
           4
  0.53740657309551620       0.27674666791439489     
  0.52319714312409604       0.27091712262792178     
  0.51695360989554728       0.26628618375536112     
  0.52631578947368418       0.26315789473684209     
           6
  0.53925494168367893       0.49638563291476157     
  0.51434922113655179       0.49786576321392667     
  0.51299263422454910       0.49148036788399690     
  0.51328110742302802       0.48169751438679093     
  0.51824329783530854       0.47354246148072010     
  0.53866091660295712       0.48311552457906620     
