   76.000000000000000     
   220.00000000000000     
          75
           8
   18.000000000000000     
   26.000000000000000     
   11.000000000000000     
   30.000000000000000     
   21.000000000000000     
   19.000000000000000     
   15.000000000000000     
   16.000000000000000     
   29.000000000000000     
   26.000000000000000     
   37.000000000000000     
   16.000000000000000     
   12.000000000000000     
   31.000000000000000     
   8.0000000000000000     
   19.000000000000000     
   20.000000000000000     
   13.000000000000000     
   15.000000000000000     
   22.000000000000000     
   28.000000000000000     
   12.000000000000000     
   6.0000000000000000     
   27.000000000000000     
   14.000000000000000     
   18.000000000000000     
   17.000000000000000     
   29.000000000000000     
   13.000000000000000     
   22.000000000000000     
   25.000000000000000     
   28.000000000000000     
   27.000000000000000     
   19.000000000000000     
   10.000000000000000     
   12.000000000000000     
   14.000000000000000     
   24.000000000000000     
   16.000000000000000     
   33.000000000000000     
   15.000000000000000     
   11.000000000000000     
   18.000000000000000     
   17.000000000000000     
   21.000000000000000     
   27.000000000000000     
   19.000000000000000     
   20.000000000000000     
   5.0000000000000000     
   22.000000000000000     
   12.000000000000000     
   19.000000000000000     
   22.000000000000000     
   16.000000000000000     
   7.0000000000000000     
   26.000000000000000     
   14.000000000000000     
   21.000000000000000     
   24.000000000000000     
   13.000000000000000     
   15.000000000000000     
   18.000000000000000     
   11.000000000000000     
   28.000000000000000     
   9.0000000000000000     
   37.000000000000000     
   30.000000000000000     
   10.000000000000000     
   8.0000000000000000     
   11.000000000000000     
   3.0000000000000000     
   1.0000000000000000     
   6.0000000000000000     
   10.000000000000000     
   20.000000000000000     
           1
  0.52631578947368418       0.52631578947368418     
           8
  0.29379684445236864       0.30250992989758474     
  0.28730156331338191       0.30351223849093312     
  0.27614749114983017       0.29954558630037786     
  0.27844949574672245       0.29359205873645555     
  0.27823892054326782       0.28508826277198451     
  0.29523247730825064       0.28165718298347336     
  0.29961015042995626       0.27880410480154366     
  0.30332615979449018       0.28392551989860187     
           5
  0.48120789589519652       0.33951051587826209     
  0.47415352051003917       0.34942386867847958     
  0.46346638640443799       0.34115592220556235     
  0.46654105400389895       0.32861765234201357     
  0.48137552195728844       0.33229482265848997     
           7
  0.28508708387192450       0.60023413484173116     
  0.27686252998146865       0.60152550392502924     
  0.26671709238164742       0.60263845156570461     
  0.26751970180403151       0.59095194172028653     
  0.27193385239182405       0.57978411392573326     
  0.28892260737956466       0.58038477159107105     
  0.28868957660297334       0.58990112654997817     
           4
  0.60507794790632574       0.46874983317918417     
  0.57957394215306068       0.47009513484075499     
  0.57861335231150213       0.45339617410218130     
  0.60163850776356986       0.45149091248798534     
           7
  0.73314913207131671       0.26386464739083132     
  0.73736756237076062       0.26789902831393020     
  0.72770317855274036       0.27599309892128432     
  0.71530991387582654       0.26153386619581104     
  0.71160237283552041       0.25751423045538191     
  0.71337336953407027       0.25235281885205590     
  0.71910893641362050       0.24960422487600872     
           4
  0.43883260817012271       0.45675789241325565     
  0.42224833032235731       0.44714285200861537     
  0.42431495642356531       0.43949263379592923     
  0.44607006322728343       0.44515204548354609     
           4
  0.67062539437195268       0.66565675456496043     
  0.66526140979946324       0.67142889276780293     
  0.65015203811619660       0.65139101204591277     
  0.65820985724604320       0.64405037101373530     
           8
  0.73131781971536947       0.60107066430549216     
  0.72350651323416493       0.59952422043157683     
  0.72057927502300612       0.60434213094614253     
  0.71226392960915674       0.60493410250591750     
  0.71773719285190574       0.59987907813696806     
  0.71650251274465693       0.58049129958495049     
  0.72947161071100453       0.58492189634627623     
  0.73637238245312575       0.59193848033023444     
           3
  0.34210526315789475       0.77631578947368418     
  0.34241159491832512       0.78423110734251633     
  0.34057682176206611       0.76256915418342031     
           5
  0.53926663638879990       0.87680200493491556     
  0.53252782468501647       0.88032114324758193     
  0.52621384944048610       0.87806414766572216     
  0.52231043813233113       0.85848094599599745     
  0.53682081562980766       0.86646817706300017     
           5
  0.73589712954904840       0.86087539643854238     
  0.72500559400807929       0.86313096666931644     
  0.71453235928982195       0.86274623640930947     
  0.71004634094038288       0.85232550010597341     
  0.72684989242118492       0.84716842733343289     
           7
  0.47100831012920336       0.67743498651207779     
  0.46323752864030493       0.67911042781588682     
  0.45788006589408969       0.68151462345669989     
  0.44706893809455184       0.67941978290099592     
  0.45278262770918620       0.67616589692758788     
  0.44894713123021157       0.66822446177148143     
  0.45771597199850866       0.66336023166069291     
           7
  0.82956678741586820       0.46276101322791935     
  0.81818329978004367       0.47258299730134384     
  0.81210648454249412       0.47371948354260318     
  0.80840731415494615       0.46916006276888000     
  0.80895895623633851       0.44798076188396158     
  0.81788295394759369       0.45229290677476980     
  0.82230930164486971       0.44840641375399165     
           4
  0.80274057940881893       0.76019617068701828     
  0.80834951948945910       0.74761115652865340     
  0.81999545945262675       0.74259464478565895     
  0.82948242951717666       0.74668495352865061     
           3
  0.82316270321710505       0.32653971790139025     
  0.81578947368421051       0.31578947368421051     
  0.82775178367004176       0.31793093803611694     
           8
  0.28560306366125954       0.48264916085418630     
  0.28852915045126770       0.48672438424790182     
  0.26310340204932825       0.47582273780269480     
  0.26551805746803009       0.47077193679754564     
  0.26279184464750921       0.46481528520653798     
  0.27843614533220717       0.46522782201836277     
  0.28467756265685984       0.46254183329731058     
  0.28902371116088960       0.46651082040944475     
           6
  0.43421052631578949       0.57894736842105265     
  0.43188511199366469       0.58688462516174433     
  0.42537439832844082       0.58271808797979352     
  0.42050688730593327       0.57218070108564745     
  0.42148118349556901       0.56503663126471082     
  0.42683094138857680       0.57436231370624924     
           8
  0.12648292455452978       0.74112663208524276     
  0.11993600547232725       0.74984717387777522     
  0.11643014164095851       0.74600808619010994     
  0.10941384105683277       0.74620802860591118     
  0.10601882525501310       0.74121720714256467     
  0.11646580893101720       0.72407670807082225     
  0.12884325603829597       0.72689567063168836     
  0.13125873770554641       0.73573162898217792     
           8
  0.82737561773534762       0.63839504542290837     
  0.81413976195280191       0.64153183270837488     
  0.80572189290434337       0.64195829785845504     
  0.80715999907383273       0.63442946355435459     
  0.80305515831293128       0.61882975213148672     
  0.81283766631671350       0.61889402846825248     
  0.81946741467202966       0.61827668968385741     
  0.82499537014980751       0.62859184543024405     
           3
  0.86207591686645357       0.19489498819315815     
  0.86842105263157898       0.18421052631578946     
  0.88032914098367188       0.17889120644132434     
           4
  0.58971132644385371       0.17122698431228620     
  0.57460555860896023       0.18351391401024345     
  0.57180657462488571       0.16903029165607281     
  0.57853317486966049       0.15798864610135693     
           3
  0.34210526315789475       0.17105263157894737     
  0.33005549377525989       0.16772470798056499     
  0.35608703261899893       0.16367633289027100     
           6
  0.14455599121890278       0.37932769040248615     
  0.13481376763257463       0.37844195770613204     
  0.13572506289648811       0.35750888922665569     
  0.14970575718959012       0.36030729858524735     
  0.15375392065398236       0.35541897078165424     
  0.15223869576995669       0.36608675252058237     
           4
  0.10360723501239788       0.57017692231063255     
   8.0588289064126906E-002  0.56346503748411392     
   8.9684500318829463E-002  0.55292808073375210     
  0.10135281632114829       0.55679975955998318     
           5
  0.23547889961904087       0.85154929587167394     
  0.21857277614138965       0.85572803806784226     
  0.21225320709422543       0.84419120918405532     
  0.21221538748062355       0.82994848551290301     
  0.23307492535023228       0.83840269881755836     
           7
  0.54190779364529751       0.61648025642703841     
  0.53164981521915566       0.61853917169058992     
  0.52566349831960646       0.61544748855316689     
  0.52941189936299204       0.60007446635063533     
  0.53339097859740092       0.59213532192325324     
  0.54176202294898379       0.59558811364805475     
  0.55041502051414037       0.59265694232545096     
           4
  0.72368421052631582       0.44736842105263158     
  0.71630649248415534       0.44591503422306300     
  0.72617733427044406       0.43361652618134922     
  0.73161271787096371       0.44155494618788516     
           5
  0.47222999877356059       0.21566441677267403     
  0.44975982502796819       0.22427438708296693     
  0.45144953119335907       0.20862630569956175     
  0.45730736428657504       0.19891591408169076     
  0.47388638595985433       0.20492563746360240     
           7
  0.69816596843620304       0.34416645649001365     
  0.69823204730217669       0.35319625857661274     
  0.68060986625246678       0.35499486126244501     
  0.67695762791360370       0.34836044547090350     
  0.67311390056807863       0.34330818214261083     
  0.67820037637344122       0.33388261085497389     
  0.68691215591980515       0.33032277610540051     
           5
  0.57784940443625399       0.34674493233470366     
  0.55531870722162668       0.35495944934395302     
  0.55377496197911369       0.33820667299349205     
  0.56007331282676354       0.33207005289428909     
  0.57795606082615902       0.33163444943789233     
           7
  0.41599032379630690        1.0060316732946630     
  0.41118940452678582        1.0131441805131132     
  0.40462001064229380        1.0113166196701753     
  0.39415648869800424        1.0047040663599878     
  0.39427534403876174       0.99690586612472276     
  0.39396883413171735       0.98599645064144803     
  0.40063574131223861       0.98851596494515381     
           5
  0.30271844157093697       0.70261511953111011     
  0.28962901965372867       0.70954486218839286     
  0.27605333956215850       0.70675846367166395     
  0.28947368421052633       0.69736842105263153     
  0.30339359856403630       0.69546088898375313     
           5
  0.35404435829525965       0.38897942217757531     
  0.33557879794194323       0.39512680151386725     
  0.33060068927660452       0.38994939796326755     
  0.34861333929153798       0.36966157299127389     
  0.35502117445090003       0.36769828262098808     
           3
  0.66174375272343000       0.53551727895153967     
  0.65789473684210531       0.52631578947368418     
  0.66033273378813484       0.51813508216103266     
           5
  0.72277881665839572       0.66503230355879861     
  0.71531725534802626       0.66667855481138949     
  0.71383631267634284       0.66038102643748187     
  0.71633618724144732       0.64710989043378131     
  0.73629612352635798       0.64707228528705041     
           6
  0.71946029975012038       0.13425958318318554     
  0.71523269930182998       0.14557292572376995     
  0.71062941835630844       0.14147458022081943     
  0.70203543252259226       0.11939343109695949     
  0.72325749874079537       0.11992665462247874     
  0.72399083902029659       0.13032656623999542     
           4
  0.79664126685871250       0.19770991491039935     
  0.78109980003983215       0.20267694042869994     
  0.79045097887802185       0.18412964277350918     
  0.80173635404951682       0.19179055280287580     
           7
  0.62260274921797354       0.87646345299867590     
  0.61628411190349286       0.88058625532713741     
  0.61040011516728510       0.87424033700068693     
  0.60796716719495614       0.85429888107588259     
  0.61914121016209200       0.85497399884782355     
  0.63226833669941185       0.86035428427037886     
  0.63083176379838080       0.86540769236458881     
           3
  0.38909931198930475       0.80171216349910712     
  0.39432265076351369       0.77644683619826138     
  0.40827865771801869       0.78800118357678361     
           8
  0.40778667338605418       0.66344684095867512     
  0.38999670728519709       0.66978900781157402     
  0.38202425626850028       0.67141299796589349     
  0.38314932596972229       0.65626311045770747     
  0.38704093969284309       0.64703471558667147     
  0.39969563614467041       0.64914699595804648     
  0.40470186926102175       0.64684587148289685     
  0.40599283596574859       0.65191014145736148     
           4
  0.16752463123384531       0.22907281790325174     
  0.15789473684210525       0.22368421052631579     
  0.15533473032829134       0.21489511867760758     
  0.17052711686835542       0.21791023819431377     
           6
  0.20114366551248924       0.19631877946844098     
  0.19271073282975545       0.19777636604550777     
  0.18593430695653332       0.19050568073692753     
  0.18849663107573628       0.18175664051135074     
  0.18583227880800057       0.17042273962581145     
  0.20646279954604868       0.17111543235675095     
           5
  0.22091192664454504       0.24643407199545145     
  0.22230747417441321       0.25799398046600347     
  0.19648503551869220       0.24575556707795629     
  0.21436419885940941       0.24156274359153687     
  0.22138697636671245       0.23724017226477026     
           6
  0.28979955084054265       0.64296615752152519     
  0.27463244797955938       0.64121779449594640     
  0.26733540523705901       0.63991083550197736     
  0.26369821655121989       0.63201031539272912     
  0.26603347199655852       0.62000241390693733     
  0.27855710697543701       0.62247991508972300     
           4
  0.65814918240332887       0.40619795473269232     
  0.64906221326869318       0.40259680831854383     
  0.64859227964544597       0.38479670584994696     
  0.67002596171675999       0.38307885492587451     
           5
  0.66881653398837426       0.56472647591455205     
  0.65875270826689725       0.55348187267609072     
  0.66019913016373977       0.54449012205774827     
  0.66993433362305344       0.54036885677255131     
  0.68494691602340529       0.54363820326100432     
           6
  0.66617547440334635       0.20826873618077338     
  0.64914116882766271       0.20471621503296566     
  0.64569195281774749       0.19262471012310015     
  0.64875841308072257       0.18337108188181339     
  0.65779657211503395       0.18572787859484693     
  0.66889192652169638       0.19140261232656453     
           7
  0.64476868561135803       0.28894346377638763     
  0.63983104205437702       0.28598147588192335     
  0.62947906718904922       0.28996611227572411     
  0.61785727981778582       0.27723919833367805     
  0.63739286608050683       0.26290820561729028     
  0.64030905098795710       0.27003290398708008     
  0.64537752309786867       0.26871498432341273     
           8
  0.16766905730994869       0.50368171827999375     
  0.16122440287381393       0.50821494606719575     
  0.16147347111894964       0.51403470224180581     
  0.14688278781296527       0.51211106860576050     
  0.14641116861374323       0.49422655991569003     
  0.14549991308394095       0.48758237041402136     
  0.16671369715346865       0.49014286709292532     
  0.17031656772027129       0.48616014431548998     
           7
  0.19736842105263158       0.73684210526315785     
  0.18716617950225425       0.74358342082679851     
  0.18549518885293589       0.73484235058525127     
  0.19036176655129103       0.72969335844986083     
  0.18667768163139298       0.72446976977558153     
  0.20965755607193046       0.72414341544862548     
  0.20768659870172151       0.72972905184790060     
           3
  0.39378880185343773       0.52375458626429472     
  0.37788560236778723       0.52177055679238737     
  0.37861053904717890       0.50391143812045402     
           8
  0.72089601734843156       0.51149722409513398     
  0.71582412293597153       0.51178664320483735     
  0.70916072080122727       0.51168629489773043     
  0.69812579432285682       0.50480126120441138     
  0.69680419669571658       0.49333432360946161     
  0.70987855416318613       0.48742199688600951     
  0.71537731534144466       0.48723473680671270     
  0.71985338026314816       0.49983862828486936     
           6
  0.73405313848672415       0.74849535327341155     
  0.72521770157246035       0.76388092564161558     
  0.71612998897196256       0.74778434848348696     
  0.71146602569987727       0.74062063119019950     
  0.72178444668004171       0.73759723061648674     
  0.73509642353658478       0.74279922054605496     
           3
  0.89233435241663361       0.53712353897512377     
  0.88157894736842102       0.53947368421052633     
  0.87578210522103406       0.52919135494863945     
           8
  0.12771773913737589       0.93289489890932875     
  0.12156341392069558       0.93059434854670930     
  0.12282350765506171       0.92518785105315893     
  0.11767930051415094       0.92465521817303242     
  0.11774716984836577       0.90728728161437966     
  0.12371318772031735       0.90815403817519313     
  0.12780564388091928       0.91332125668014974     
  0.13941164442025633       0.91492450912702705     
           6
   8.7567204423682071E-002  0.33357121199196638     
   7.3136825633832211E-002  0.34260400817076686     
   6.7398488559391068E-002  0.32703900580271400     
   8.5223405802468219E-002  0.31497423329524793     
   9.1495452076639117E-002  0.31865775374349747     
   8.8800206215210620E-002  0.32475153823488545     
           7
  0.85702654383986299       0.36341317196629797     
  0.84938037502107022       0.36931863982719670     
  0.84308596280897219       0.35691670007978105     
  0.84527204035467396       0.35148699712874593     
  0.84396410944672073       0.34375605540616055     
  0.86733379561529667       0.34213936261010208     
  0.86495790598447375       0.34909016917333480     
           5
  0.52912450384893606       0.79802558848283911     
  0.52072037409590610       0.80340783839615326     
  0.51858708011425858       0.79212868839324357     
  0.51260886984146692       0.78405973522881289     
  0.54037185156888645       0.78795064253704516     
           8
  0.93352934973257096       0.84691363207271908     
  0.92859553401334194       0.85179597490115233     
  0.91739292133903116       0.85111596483553320     
  0.91001187287280161       0.85017826652436046     
  0.91385475422767248       0.84101196492883834     
  0.91088949965264054       0.82828036996389465     
  0.92616604874845698       0.83356210461054958     
  0.93177597514521715       0.83755410548050924     
           8
  0.85430316844745025        6.0113626676761192E-002
  0.84583343870274474        6.4514514831070083E-002
  0.83647259136235763        6.1788641993018645E-002
  0.83085465679946768        6.4428738920463260E-002
  0.83083237051389980        5.7049036823744605E-002
  0.82945695230317618        4.4861764958999711E-002
  0.83454261611744673        5.0034128577590063E-002
  0.83658724387057848        3.9843573690242648E-002
           8
  0.48770020114522911        8.1824685271562753E-002
  0.48365199306709800        8.5963189965726911E-002
  0.46308535475754148        8.5629843750464285E-002
  0.46260089886248734        7.7959541713599131E-002
  0.46102564139208091        6.8237065730634261E-002
  0.46755110511960224        6.6102277254497299E-002
  0.47739257779469602        6.8608362743883072E-002
  0.48157401991122489        7.2373875549910399E-002
           3
  0.40163098251809964       0.27170201671323091     
  0.39473684210526316       0.26315789473684209     
  0.40687883462154079       0.26300124518605233     
           7
  0.27366676172552129       0.40084670092471048     
  0.25618935921623515       0.40686228234569871     
  0.25005179199576533       0.40376268241350333     
  0.25178725975682709       0.39461287139481122     
  0.25406382538147382       0.38478257511893976     
  0.26132882762048459       0.38424110653517668     
  0.26778225857339710       0.38598945029214476     
           3
  0.20580179374945706        7.1727216473848388E-002
  0.18832691320537615        6.3639328723051905E-002
  0.20294740899789085        5.8210178090630268E-002
           6
  0.66500389028906770       0.92795196204797226     
  0.64833645733795486       0.93300255908205343     
  0.64760335053088258       0.92652661857758900     
  0.64456453708096983       0.92027405776160753     
  0.64963929834703749       0.91167770885967314     
  0.66925160590426702       0.91577339949003889     
           4
  0.76178611948005293       0.95400831952602216     
  0.75000000000000000       0.94736842105263153     
  0.75050529309486047       0.93806365331937913     
  0.75771681360163079       0.94249692498475324     
           4
  0.60308144301517219       0.56073958604029017     
  0.59068237706595561       0.56175864647441576     
  0.58092165441647381       0.56065492042254350     
  0.59439532374729509       0.54365061431125339     
           7
  0.51055776388324381       0.44302348563208332     
  0.50226441971105062       0.44620442626158868     
  0.49641760696103926       0.44341824180399897     
  0.48645047777009298       0.44738328348066897     
  0.48614646276013040       0.42191546487537224     
  0.50270660791592869       0.42136332002134358     
  0.51400215423073115       0.43050022049215642     
           5
  0.67116788905855740        5.4944446719304575E-002
  0.66223292811284007        6.4088704537548044E-002
  0.65593068320391956        6.1267975235794782E-002
  0.65839661192217658        4.2370375027390793E-002
  0.66504818964051082        4.1453241045621911E-002
           8
  0.88239883320091206       0.11558076277286541     
  0.87656221378270394       0.11464349080436539     
  0.87285853217277987       0.11899916311845191     
  0.86815267261463369       0.11381129569949384     
  0.85430619045565226       0.10711068946817365     
  0.87167045454863368        9.1997380806587314E-002
  0.88251038677727567        9.8042085121437944E-002
  0.87855318232193458       0.10644474189768982     
           4
  0.76264185136340057        7.8039649269381145E-002
  0.76642442183528070        7.2050828016005417E-002
  0.78670755077721988        5.2613856266855434E-002
  0.77631578947368418        6.5789473684210523E-002
           3
  0.46171162226441748       0.79814584359280683     
  0.46052631578947367       0.78947368421052633     
  0.46008218513033183       0.78166797416831346     
           6
  0.36272669030431876       0.31902643023579064     
  0.36719414318294863       0.32811305971677279     
  0.35682323416529199       0.32456715898739330     
  0.34693638108420316       0.32196945801462401     
  0.35782369219600851       0.30520404520405053     
  0.36630248934117376       0.31197361063640311     
           8
  0.53697796010694143       0.27554081187313484     
  0.53080498712341295       0.27052300516112826     
  0.52813158518496983       0.27656170382487644     
  0.52194712317723102       0.27616335152518456     
  0.51358845206207071       0.25470699085149734     
  0.52146330126550289       0.25090333805997789     
  0.53642714736496699       0.25416868197791920     
  0.53594190997978208       0.26160894450257782     
           4
  0.53901401753715872       0.48621839622928859     
  0.52255873850031365       0.49806111267687614     
  0.52005342416308731       0.47639613700273392     
  0.53280196932370094       0.47409979141924113     
