   1.0000000000000000
   50.000000000000000     
          50
          12
   6.0000000000000000     
   6.0000000000000000     
   5.0000000000000000     
   3.0000000000000000     
   4.0000000000000000     
   5.0000000000000000     
   5.0000000000000000     
   5.0000000000000000     
   5.0000000000000000     
   10.000000000000000     
   8.0000000000000000     
   2.0000000000000000     
   8.0000000000000000     
   1.0000000000000000     
   8.0000000000000000     
   8.0000000000000000     
   9.0000000000000000     
   1.0000000000000000     
   4.0000000000000000     
   7.0000000000000000     
   10.000000000000000     
   5.0000000000000000     
   3.0000000000000000     
   5.0000000000000000     
   9.0000000000000000     
   6.0000000000000000     
   8.0000000000000000     
   10.000000000000000     
   2.0000000000000000     
   5.0000000000000000     
   4.0000000000000000     
   8.0000000000000000     
   3.0000000000000000     
   9.0000000000000000     
   9.0000000000000000     
   10.000000000000000     
   8.0000000000000000     
   3.0000000000000000     
   6.0000000000000000     
   9.0000000000000000     
   6.0000000000000000     
   3.0000000000000000     
   1.0000000000000000     
   3.0000000000000000     
   9.0000000000000000     
   5.0000000000000000     
   9.0000000000000000     
   3.0000000000000000     
   5.0000000000000000     
   3.0000000000000000     
           1
   0.0000000000000000        0.0000000000000000     
           5
  0.94854647763020250      -0.23425038777561630     
  0.92090513416386466      -0.23208558331784579     
  0.91067728726928487      -0.22631825603278818     
  0.91289047135997103      -0.26157732030603398     
  0.91895294254065618      -0.26839744835224416     
           3
 -0.22959999665233685       0.57829872847141139     
 -0.23924748683262023       0.54016238545163242     
 -0.22371706019047791       0.54241606619526406     
           7
 -0.61342448901722313       0.54702379619671582     
 -0.64867551860637007       0.56554825509038908     
 -0.64888019704124689       0.55480343873622640     
 -0.65023055742088565       0.54157154787043582     
 -0.64712985909922516       0.52986653300844688     
 -0.62516918272143407       0.53384010946611715     
 -0.60717613889667288       0.52892414086968620     
          12
  -2.1163293677300528E-002  0.93438750244085023     
  -2.5508344202510726E-002  0.95090742781749582     
  -3.7234937961651081E-002  0.94799074886245915     
  -5.1150165269976768E-002  0.95204593164757645     
  -5.6123479281770194E-002  0.94214732806392998     
  -5.8608033862349987E-002  0.92354369373608114     
  -4.1833946878735581E-002  0.90935433802523913     
  -3.5415101552293868E-002  0.91535950754522621     
  -2.9634743293204556E-002  0.91907760546721406     
  -2.2336279696157039E-002  0.91390900815989418     
  -1.6728429813779255E-002  0.90867671409862583     
  -1.8823442182583975E-002  0.92146631969835524     
           8
  0.41512538284091760      -0.61968595553527583     
  0.40048731492430312      -0.61494375658140166     
  0.39571608041612810      -0.60878798663153166     
  0.39001133886329309      -0.61535076831063862     
  0.38359018971004560      -0.61108656011719542     
  0.37289646221922407      -0.64599703471962799     
  0.41872075463213992      -0.64567908983032551     
  0.41925235295507707      -0.62724873663492609     
           6
  0.35458690355791345       0.63244092484464365     
  0.34971988500192230       0.64541743278257202     
  0.31185313967811978       0.64545350848064131     
  0.33614018415610231       0.60584966976088694     
  0.34253788756172132       0.59945113987573706     
  0.35721199659242631       0.61257440739157298     
           9
 -0.87028733370196698      -0.76351152117747989     
 -0.88349137634350028      -0.76008558394075609     
 -0.89024526420768324      -0.76332427897640720     
 -0.89313795305961474      -0.78286933467346864     
 -0.90360588106831241      -0.79498211570187360     
 -0.89476262368141046      -0.80139275075524219     
 -0.88570548530468074      -0.78936061290416160     
 -0.88479942279160706      -0.79699415010978092     
 -0.86832136627167367      -0.78960843549137594     
           4
  0.50600216885731197       0.18790604666710145     
  0.47051779685144596       0.20382809475727606     
  0.46589275281397546       0.16852756912970185     
  0.48296230834005299       0.17230872801705668     
          12
 -0.40641281430737813      -0.32506670037994362     
 -0.40283553616493462      -0.31223122583922308     
 -0.40401255324765012      -0.30248022072309722     
 -0.42145222231757823      -0.30505576675572055     
 -0.43385501695016626      -0.30724812346641511     
 -0.44878909023654578      -0.32949889557393269     
 -0.43725572284744724      -0.34081135864235867     
 -0.43256262949347946      -0.33756104674328236     
 -0.42589948921410148      -0.34083336956549365     
 -0.41692145742296671      -0.33562115519958219     
 -0.40951830885202267      -0.34498201037491194     
 -0.40529420625706264      -0.33670241629404213     
          10
 -0.19543489552119489       0.87454707834675471     
 -0.19202098274153082       0.88512941154897506     
 -0.21029125847028013       0.88463927937102305     
 -0.21740358429512491       0.88287854449489778     
 -0.22833742536246673       0.87853216082117924     
 -0.23570340751687474       0.87568164583110308     
 -0.23070579990246809       0.85297467499890356     
 -0.21308008602188985       0.84705848403389172     
 -0.18954859391957057       0.84623252527019821     
 -0.19684664294231255       0.85836887293046904     
           5
  0.64712254314774187      -0.16983272686204728     
  0.63651255186470967      -0.16910301259671653     
  0.63067363971288692      -0.17714048894124307     
  0.65278933788606497      -0.21316451863743335     
  0.67793166847865993      -0.18299472159037114     
          11
 -0.88718028705942220       0.36115289878832285     
 -0.87874133194320503       0.36921548273647342     
 -0.91000264850041435       0.37581773698581250     
 -0.91028295244722857       0.36776960727017310     
 -0.92113483694449350       0.36915304143114402     
 -0.91324499572741757       0.35833975194705486     
 -0.91525993587392562       0.34518894223867402     
 -0.91900899184074691       0.33568146878699667     
 -0.91039244217604065       0.34019814410932220     
 -0.87595669699183554       0.33633124583529905     
 -0.87960228446937172       0.35117585249003647     
          10
  0.38365554281920528      -0.11041841595450054     
  0.36771115336464683      -0.11359421806277151     
  0.36018500942803083      -0.11384509056454056     
  0.34113935263585965      -0.11487932892256281     
  0.34480266609067944      -0.12574220439536188     
  0.33889951150629766      -0.13572675833707248     
  0.34477560428693793      -0.13966178634218746     
  0.35485149942144367      -0.15181301364528416     
  0.35604130826473313      -0.14253207814405416     
  0.38032844107330005      -0.13166154989374562     
           6
  0.52614517195313792       0.80001180356973478     
  0.52428609641540569       0.81001834717318966     
  0.49162432285146901       0.79424121131526204     
  0.48185321486233279       0.78502153291465127     
  0.51937855567911262       0.77880590366372304     
  0.51739122210245048       0.78873055981943341     
           9
 -0.82130821144879507       0.51075253894598549     
 -0.82501335046191560       0.50451038378329904     
 -0.83357173653553340       0.49775328713726008     
 -0.83212954695487062       0.48668512481618376     
 -0.83114493672052459       0.47647867842382519     
 -0.81492438568593484       0.46707164656484307     
 -0.79234329405786319       0.46353803411756295     
 -0.80327922820874142       0.47300299028573789     
 -0.79607039652099199       0.48007453336418177     
           3
 -0.37658348164816990      -0.37683454692118501     
 -0.36878485492242574      -0.40200615225872588     
 -0.33743805014583489      -0.39251195364831881     
           6
  0.51405170684015145      -0.39269793977772349     
  0.50507930644315169      -0.40124290259096396     
  0.49265004085448150      -0.40742446463804949     
  0.48465042472764402      -0.42897567453129937     
  0.49223133510943384      -0.43907125990358525     
  0.52677938905016564      -0.41697709105566821     
          12
  -3.0290009516269752E-002 -0.62245817253014302     
  -3.6180201587385309E-002 -0.61054094535530457     
  -3.9768705766918204E-002 -0.61609324590795367     
  -5.1323012295185239E-002 -0.61377633098249651     
  -5.9038296627933265E-002 -0.60857317684340695     
  -6.3884906552953535E-002 -0.64450716687697618     
  -6.5275937897003602E-002 -0.65543882887990024     
  -5.5058961070908047E-002 -0.64794021782826761     
  -5.1788885135125744E-002 -0.65432377271371067     
  -3.0807733504282585E-002 -0.65265155283949350     
  -2.3756561119371085E-002 -0.64991099133661034     
  -2.7475078976637486E-002 -0.63606240587265694     
           5
 -0.27803021004955286       0.37899430946561186     
 -0.31140760210149326       0.38730677573241751     
 -0.31357421067495067       0.37253404583231409     
 -0.30973937314086941       0.35407847509912571     
 -0.28302140507340573       0.36250830522340499     
           9
 -0.76446848149797453       0.41121310445784914     
 -0.75939614433849600       0.41974072671354357     
 -0.80198259331202038       0.41019540330987009     
 -0.79838632484674021       0.39927266990477195     
 -0.80115070205001204       0.38071052038265663     
 -0.78250398108051855       0.38843227972137145     
 -0.77339245604362783       0.38373491298756646     
 -0.76705575261723924       0.38089542376231705     
 -0.75374284364820610       0.39456344383187480     
          10
  0.11302162892722643      -0.10963984265684668     
  0.11340204833707812       -8.4604150143258422E-002
   8.4250470034232139E-002  -8.8242517097395098E-002
   7.2629196467253715E-002  -8.4675340533663546E-002
   7.6486927774061270E-002 -0.11027363175530253     
   7.8826680604062505E-002 -0.12485307236807286     
   7.4707651414006510E-002 -0.13079656437309661     
   8.7256368856465621E-002 -0.12556928403062634     
   9.8178087349536119E-002 -0.12900782678544179     
  0.11994399941960969      -0.11612171602999999     
           8
  0.75865347134026295      -0.53585049503921456     
  0.74900632925822019      -0.51914655609035854     
  0.73669404682950479      -0.51878394227394231     
  0.71928082704364049      -0.51773452458329872     
  0.72599286747219061      -0.53196855250627628     
  0.72631231569237731      -0.55187974794308314     
  0.72209670871112830      -0.56434294689377296     
  0.73486721886732553      -0.55466993439868406     
          12
 -0.45266526252448358       0.27537474618327978     
 -0.45792263722482268       0.29226804427877767     
 -0.46927651809822646       0.28284309670969404     
 -0.47629808723601852       0.28774636116894320     
 -0.49152302670378462       0.27588716223773524     
 -0.49743792496711831       0.26448577550157215     
 -0.49858158199254499       0.24704172542171970     
 -0.47102124490374708       0.25511698909751557     
 -0.46171410905010041       0.25573436547456435     
 -0.45403635248627927       0.25666933186731766     
 -0.45968478162621162       0.26574317193330388     
 -0.45169229609530359       0.26543004571463408     
           5
 -0.22826610938476177       0.45081259899515214     
 -0.22453034482119530       0.43289063729195476     
 -0.22399454928986237       0.42388388232014856     
 -0.21492902860985877       0.42982800678310695     
 -0.19444042686452687       0.43248962839243554     
          10
 -0.72445353873850060       0.97418271636578346     
 -0.73985788229985361       0.98444619643862952     
 -0.74912419881560732       0.98402230430582871     
 -0.75488119815201771       0.98097926114970535     
 -0.75496966449454139       0.96381928747631507     
 -0.76213199993902414       0.95437338758235069     
 -0.75813629598557264       0.94516101114630324     
 -0.74151589390756201       0.94444857333496934     
 -0.72217523705352737       0.95557957285211959     
 -0.71922202359238585       0.96357604395846053     
           8
  0.50604367099520786       0.76420785908897848     
  0.50649309913040474       0.77331812238095832     
  0.47548148460347006       0.76354004343882398     
  0.46193895959581094       0.76090905433779987     
  0.46872163661485194       0.75810912669774655     
  0.47076440668987135       0.74909959652132829     
  0.46204518170894043       0.73356170072070381     
  0.49987530962546439       0.75496419377903357     
           3
  0.46376599434707821       0.52599469432017010     
  0.46334785116200278       0.50380284450688595     
  0.48034396432402499       0.49798306165256939     
           5
  0.34095585669802708       -1.1578855637968018E-003
  0.30281626346861806        1.8164155323003049E-002
  0.31100544106749861       -7.6514334251316894E-003
  0.32320943337065167       -1.5423778585421807E-002
  0.34918715575810361       -4.8952037145175570E-003
           9
 -0.90541007282470576      -0.60215787365510676     
 -0.91204146708747424      -0.60421799288804157     
 -0.90787243457407207      -0.59069515763909686     
 -0.91809479520860204      -0.59069984737262649     
 -0.93540340067134975      -0.59503011520877724     
 -0.94324930004612273      -0.62952299953635515     
 -0.93206507329898280      -0.63006685151505593     
 -0.91683212757168098      -0.63061583307800906     
 -0.91713462099624909      -0.61968415670311483     
           3
 -0.83949359826532588      -0.63423903431690931     
 -0.83405886670150775      -0.65867301300364223     
 -0.83601403053938184      -0.64695930024816639     
           5
 -0.39445638896214030       0.37513082716290946     
 -0.41202381124984561       0.38095792279498586     
 -0.42389319726158120       0.37863180150486503     
 -0.39572063176698347       0.33958317076457328     
 -0.38551539759327047       0.34568220257184873     
           3
  0.11269171630297777       0.57247961139002423     
   9.7434852857112147E-002  0.56296185575187740     
  0.11886594396872298       0.53334872908926623     
           8
  0.58165796149571625       0.81217604029042789     
  0.58264104086430824       0.82523012800884921     
  0.55550364963955023       0.82208574982536919     
  0.55307487812712075       0.81022203998900244     
  0.54744262840361424       0.79728456289994609     
  0.56071402122233138       0.79904777233275670     
  0.56795724683671023       0.79630050222236115     
  0.58564167347732299       0.79737377241019936     
          12
  0.98538871565724606       0.51017336334935404     
  0.99354826402539775       0.52526703695297661     
  0.98797239366992451       0.52909149648745446     
  0.98083982800491321       0.53008833179331249     
  0.96779836599377966       0.52257841326342669     
  0.95053324107872028       0.51417878786462146     
  0.94617432032486293       0.49354095971818535     
  0.95227775606877696       0.48935511813637872     
  0.97283041167729534       0.49079453189648781     
  0.97907947145379104       0.48462206404426134     
  0.99182651774911490       0.49185632554151665     
  0.98293390690285409       0.50160988138576934     
           3
 -0.69211912745748605      -0.28188742371094394     
 -0.70441102199193029      -0.28179403474053721     
 -0.72736465812556195      -0.31791198288876255     
           6
 -0.24411366161074483       0.14865222281413065     
 -0.25385537381100926       0.14358961960749414     
 -0.26319169621589333       0.14233182495812763     
 -0.26867342054032584       0.11180539856018279     
 -0.24093020731809328       0.10712276211477803     
 -0.22641686421703114       0.11269176618169557     
          12
  0.56769228079551548       0.90955600442024886     
  0.56232106202442877       0.92367400412084000     
  0.55415649770183906       0.92225677395282080     
  0.55292992916876715       0.93202306516477440     
  0.53385802906795754       0.93082569205706112     
  0.53050752304782334       0.90814527984996141     
  0.52086476357259048       0.90052810177883191     
  0.52535619799697253       0.89479262791234448     
  0.53459903700988776       0.89254848853715574     
  0.54506055904370043       0.89497563934761182     
  0.54928959371098096       0.88816898324397608     
  0.55418113972207017       0.89550705443933665     
           3
   3.6587585766369918E-002  0.16879299536496056     
   1.1469783792318174E-002  0.15895733147462870     
   1.2792123369995219E-002  0.14215175730674232     
          11
 -0.88416207610690001      -0.36355888045708656     
 -0.89801880735256245      -0.35615626923813543     
 -0.90280449043571120      -0.34788872468542864     
 -0.91588686476910297      -0.35715491568597685     
 -0.92398145468402060      -0.35826735220702105     
 -0.91568609407289425      -0.36309766828735834     
 -0.91998054020703124      -0.37788604921726660     
 -0.92060796024147129      -0.39012867800699480     
 -0.88702600384072150      -0.38961377245356760     
 -0.88068276881017915      -0.38065618034142168     
 -0.88619701215789826      -0.36985229306860468     
           4
 -0.50621559350837375      -0.41355204444840504     
 -0.51143094189908389      -0.42516948298063401     
 -0.50784424646620607      -0.45001678745931822     
 -0.47820199060336205      -0.42984620230345072     
          10
  0.30198310773387033      -0.47043275750056168     
  0.30368047663948566      -0.45481415619845056     
  0.29036845017785412      -0.45364987436937271     
  0.27607121170695742      -0.45239317721383021     
  0.25874221830431321      -0.45645498702842013     
  0.26736954236124560      -0.46681228091167132     
  0.26585848476366869      -0.48644359760666483     
  0.27204637029509343      -0.49198591078073250     
  0.27879974893528220      -0.49730574341682360     
  0.28291297200910959      -0.49096605719069936     
           4
 -0.61541552319419934       0.85092711305821545     
 -0.65250648754880891       0.85822851122905452     
 -0.63091486057314006       0.83230293573288161     
 -0.61542798884792815       0.83737605018781569     
           3
  0.11463178961083134      -0.90928143575935239     
   9.6090389974132356E-002 -0.91050016896808195     
  0.11303048299893569      -0.92704429614923334     
          12
 -0.20398036271005149      -0.33429155776340291     
 -0.21135205975289695      -0.33521261304723859     
 -0.21824198134808259      -0.32224986768505759     
 -0.22695727406674576      -0.32068802638897109     
 -0.23274022585049509      -0.31900569843443649     
 -0.25003696435472528      -0.31984717381579542     
 -0.24202220233861274      -0.33767777190136183     
 -0.25138239202328932      -0.34815457932381005     
 -0.24241064922376562      -0.35066185728942628     
 -0.24263012045370613      -0.36508020609383512     
 -0.21884164324542382      -0.35785943462958641     
 -0.21017827371718464      -0.35027803030827848     
           6
 -0.69662097590164473       0.35332417100816527     
 -0.70513938661420361       0.33257583995465090     
 -0.68936223084083181       0.31747346809253896     
 -0.68090075521248306       0.31211994073756977     
 -0.68115383684574371       0.32068908137921998     
 -0.67236272509542516       0.31968303934369574     
          11
 -0.16329213174645973       0.77829433448075935     
 -0.16200042600022097       0.78551369854132103     
 -0.16890808046211084       0.79437892222981266     
 -0.19329708213687907       0.78604117904388759     
 -0.19754767165677697       0.77350399106958811     
 -0.20714649323629530       0.76950410370939470     
 -0.20358206146791216       0.76238974876768673     
 -0.20394107063454081       0.75426745024193553     
 -0.18619253223223353       0.75509161280593207     
 -0.17690591530872499       0.75377589421237512     
 -0.16503586889355734       0.76720141598494662     
           4
  0.17471600323959743       0.38463213722873446     
  0.16256133850344451       0.38862638872351324     
  0.15540660822646879       0.36003115460702256     
  0.18660689569550509       0.35649870701932473     
          10
   7.1646266654733601E-002   2.4076397400089759E-002
   6.1502755666911130E-002   2.6573259268975538E-002
   3.3698139069341618E-002   2.8035058011257014E-002
   3.3312971137758898E-002   2.1170550439222884E-002
   3.7559412040207539E-002   1.2971719781160511E-002
   2.8365816849050880E-002   1.0030259215281764E-002
   3.1072457057806833E-002  -1.0987156181125043E-002
   4.2626914719886340E-002  -1.0763965120322308E-002
   5.9032146482663334E-002  -2.5990730940018709E-003
   7.1429574302241977E-002   7.3728470419298546E-003
           7
  -6.7041575682519977E-002  0.62802248371233493     
  -6.4024291773394748E-002  0.63507548765655242     
  -8.7095610411608376E-002  0.62964927333283849     
 -0.10210405588288278       0.63115985546914455     
 -0.11175193645606170       0.63545197389163033     
 -0.10685425794814693       0.59888953472212447     
  -7.4402380733923773E-002  0.61420394923940091     
           4
 -0.26984431646837248       -6.4014753749573466E-002
 -0.28502452066983586       -5.8855254492450715E-002
 -0.28701935762395647       -7.7060273606618129E-002
 -0.26896921715579125      -0.10214885325919583     
