   1.0000000000000000
   50.000000000000000     
          60
          12
   6.0000000000000000     
   3.0000000000000000     
   7.0000000000000000     
   7.0000000000000000     
   5.0000000000000000     
   4.0000000000000000     
   8.0000000000000000     
   3.0000000000000000     
   10.000000000000000     
   3.0000000000000000     
   5.0000000000000000     
   6.0000000000000000     
   5.0000000000000000     
   8.0000000000000000     
   9.0000000000000000     
   1.0000000000000000     
   10.000000000000000     
   2.0000000000000000     
   4.0000000000000000     
   3.0000000000000000     
   10.000000000000000     
   9.0000000000000000     
   8.0000000000000000     
   4.0000000000000000     
   5.0000000000000000     
   4.0000000000000000     
   1.0000000000000000     
   4.0000000000000000     
   1.0000000000000000     
   8.0000000000000000     
   6.0000000000000000     
   5.0000000000000000     
   4.0000000000000000     
   4.0000000000000000     
   3.0000000000000000     
   9.0000000000000000     
   4.0000000000000000     
   9.0000000000000000     
   5.0000000000000000     
   1.0000000000000000     
   1.0000000000000000     
   9.0000000000000000     
   6.0000000000000000     
   3.0000000000000000     
   2.0000000000000000     
   6.0000000000000000     
   1.0000000000000000     
   8.0000000000000000     
   10.000000000000000     
   1.0000000000000000     
   1.0000000000000000     
   4.0000000000000000     
   2.0000000000000000     
   1.0000000000000000     
   9.0000000000000000     
   2.0000000000000000     
   1.0000000000000000     
   9.0000000000000000     
   6.0000000000000000     
   1.0000000000000000     
           1
   0.0000000000000000        0.0000000000000000     
           7
  -3.9037768866039171E-002 -0.35895617925914397     
  -3.6216788602770736E-002 -0.35138200440432238     
  -4.9808566855971043E-002 -0.35169458767983819     
  -7.5354556190203759E-002 -0.37808576679088807     
  -7.3455348371660178E-002 -0.38915067040348439     
  -5.8932496788791866E-002 -0.39276447357145394     
  -4.8829071680822497E-002 -0.39150084834712401     
           7
 -0.79186288113413972       0.77921403225000918     
 -0.80223968927629019       0.78950178392059067     
 -0.82259270673059937       0.79001653275029016     
 -0.82246099362899772       0.76765065448731962     
 -0.80600697692328993       0.75342204655525458     
 -0.79652286647722992       0.76594092133943736     
 -0.78648824916700466       0.77350723785747189     
           6
  0.66766747592811015      -0.89681269110756578     
  0.64603255366325052      -0.88557679605826112     
  0.63802839524959043      -0.88961776522425107     
  0.63152586122285592      -0.92342580209783853     
  0.63812248127245019      -0.91828292237464071     
  0.66928136556841300      -0.91803474588590506     
          10
  0.34486459128567293      -0.44661967061007801     
  0.33747536982613985      -0.44604930495784761     
  0.31811495855416994      -0.44386955709205828     
  0.32227596480324971      -0.45404384567575040     
  0.32656485231120252      -0.46154307418749996     
  0.31783468104777302      -0.45875085565220286     
  0.31833593331612331      -0.48654093410271171     
  0.33470064843994307      -0.48113500454664149     
  0.34314384597881575      -0.47718778164354075     
  0.34802894586594968      -0.48173008968908032     
          11
 -0.42203288062502681       0.57338203405552612     
 -0.41647393842208419       0.57960356478275943     
 -0.43010553267039253       0.58092394479124054     
 -0.43828756476869829       0.58369104680759254     
 -0.45187094167308367       0.59041585445189604     
 -0.44364940351823212       0.58080665173587309     
 -0.45037932305589962       0.57136725284812417     
 -0.45149459064691749       0.56531449688150015     
 -0.45258904872587763       0.55123633376895964     
 -0.41457543757083964       0.55665666177573303     
 -0.41936994868247324       0.56319829537572386     
           7
  0.73767790624464935       0.58372088803425748     
  0.72738105889873250       0.59626895587393292     
  0.70960894981143763       0.59439187760209367     
  0.69802868382281913       0.59221811469721408     
  0.71063995078635978       0.57053776251546606     
  0.71859834483353746       0.56568013635051584     
  0.72550067909293892       0.56600539347469925     
          11
 -0.59748054149617069       0.27935938390619836     
 -0.60949881902091252       0.29455005708743048     
 -0.61413426838374596       0.29116093051363140     
 -0.62086935304349244       0.28435404392009800     
 -0.64030130197992496       0.29167697268031995     
 -0.64106040974158540       0.27894029068005044     
 -0.63376007505064857       0.26025486997306241     
 -0.61802634690039882       0.25962494515809131     
 -0.60330948510636750       0.25208151475922413     
 -0.60386757802036817       0.26369941205406072     
 -0.60752598231164279       0.26876785285627930     
          11
 -0.74881894282342898       0.44077202198759791     
 -0.75445238646401835       0.43460289578409128     
 -0.76751979773361179       0.43721837707613764     
 -0.78359670640336521       0.43906869094631779     
 -0.78229340854326768       0.43012965216284305     
 -0.78435685916381992       0.40876871421255873     
 -0.77607870183725525       0.41160938018726856     
 -0.76681913399727797       0.40683487570041676     
 -0.75695019593549073       0.40255435505506915     
 -0.75386065720879925       0.40693331135895094     
 -0.74715995819480718       0.41719832374748139     
           9
 -0.81472441717379973        4.3890552879190248E-002
 -0.82333985054760606        5.2064022193235610E-002
 -0.83200145071030807        4.4575382676341792E-002
 -0.84868773970199940        4.5761959856358010E-002
 -0.85058376148207115        2.0931892990154289E-002
 -0.84766007222741557        1.0603064120459763E-002
 -0.83648642620273383        2.1083102399769068E-002
 -0.82392444884184290        2.0698229697904108E-002
 -0.81948371224257022        1.6209185353358031E-002
          12
  0.48959967204834720      -0.28508936552996311     
  0.49600228065810315      -0.27603750892240564     
  0.48453621219185572      -0.28191197345476637     
  0.47173996419824366      -0.28343398558490601     
  0.45908473129490174      -0.28514743103998330     
  0.46064352373821987      -0.29323952524834695     
  0.45551821777931900      -0.30091830700228994     
  0.45531811327596544      -0.30997272954211974     
  0.48886127059001550      -0.30758608378533958     
  0.49310772650294898      -0.31269137718433204     
  0.49870655171586847      -0.30697649084009188     
  0.49721146094545704      -0.30156300899152072     
          11
  0.18303134249604450      -0.42609455462753193     
  0.17707593812144959      -0.43217323320742801     
  0.16592157499012081      -0.43161519966551903     
  0.15557616799965962      -0.43022460600479812     
  0.14407704893713361      -0.45492412773985397     
  0.14497034262406680      -0.46771393610020329     
  0.15316074125177770      -0.46402885701726987     
  0.15951255567303529      -0.45896909528614438     
  0.16573605096884664      -0.46394361712370019     
  0.17370265350445990      -0.46500525676354709     
  0.17572828920471739      -0.45310065067987826     
           7
 -0.49164912617882772       -3.2733476566137600E-002
 -0.49472737250444043       -2.6206486089843720E-002
 -0.50278988604147723       -2.7152104020105972E-002
 -0.51401130131843087       -3.5505493554598089E-002
 -0.52865014597650073       -5.8368845180355192E-002
 -0.51783924781343083       -6.2487219893534410E-002
 -0.49876122397497674       -7.0288451869771618E-002
           9
 -0.93643450737066136      -0.74576663098680751     
 -0.94319996249008198      -0.72635351887210253     
 -0.94955464049542060      -0.73482017871640470     
 -0.96104681910411793      -0.73231421202766123     
 -0.96854872125507019      -0.74727112647564131     
 -0.97042276459468002      -0.76048042080092404     
 -0.94475379320915343      -0.76903380386231346     
 -0.93083201297913398      -0.76782657885558503     
 -0.93139021112188936      -0.75797726123967080     
          10
  0.17382762104443145       0.43449087196603392     
  0.17630814778106374       0.44439664546479024     
  0.15126440704593677       0.45168207844793229     
  0.14601682814801659       0.44614454932819242     
  0.13916777562406366       0.44689822913537491     
  0.14937435175499458       0.43768807530663245     
  0.14755384848503100       0.42989954077379455     
  0.15531712549280904       0.41036907966775632     
  0.17978641752093125       0.40813788818566082     
  0.18014681813365743       0.42800744869315399     
           3
 -0.88257236451894638      -0.18629221351909267     
 -0.91282224680522905      -0.20364857518815652     
 -0.90107491395638195      -0.21102774329280963     
           7
   2.1803335082009483E-002  0.38287558475068340     
   1.8784123233114736E-002  0.39772511559738544     
   1.3911780390546831E-002  0.39306827397635519     
  -7.7531312780297380E-003  0.39220721567002109     
  -4.6863539078955078E-003  0.37180692861780573     
   6.0895077655117704E-003  0.36020794613434359     
   3.1810294472874173E-002  0.37280884595181601     
           5
  0.27456425052981737      -0.57650328591308930     
  0.25603168226293155      -0.56910896780409648     
  0.23381496352094874      -0.58687008455782208     
  0.26251368876901265      -0.61197881332646797     
  0.26689406694181966      -0.60232066191314115     
           3
 -0.79188342893025132       0.98159585735335630     
 -0.81269175958545403       0.97701411969986751     
 -0.79705685666712323       0.97011882491719759     
          10
 -0.50766871082738085       0.87577264742307559     
 -0.51634299448072829       0.87871937831804225     
 -0.52302179400185567       0.87874826620389912     
 -0.53038683735885772       0.88318776525637332     
 -0.54852074685329788       0.88263614121394363     
 -0.54332995989133936       0.87282015291618642     
 -0.54798464000171121       0.85926936922847597     
 -0.52691900444552819       0.85040270250497363     
 -0.51252415151209085       0.84214085615600043     
 -0.51498407594547368       0.86544847660739233     
           4
 -0.30233053611510219       0.28885224436511636     
 -0.31742570367447492       0.28864373101594576     
 -0.31743273940270544       0.25983696572076909     
 -0.29555476337147724       0.26396200410262410     
           6
 -0.17116904762028362      -0.65890365602887868     
 -0.20511633787194528      -0.65590593450313339     
 -0.20781419903455622      -0.69612128287672570     
 -0.18717106280082993      -0.69523789564508109     
 -0.17417003142484724      -0.69546626041026471     
 -0.16790312588369113      -0.68638654134013910     
           5
 -0.10683754119148839       0.73379260053128958     
 -0.11767500733476205       0.73859652733612369     
 -0.13830750911264481       0.73756100131650271     
 -0.14408194910099906       0.73189831372410619     
 -0.11690443297084878       0.72044559571096689     
           5
  0.70368739627450527       0.41148702857820652     
  0.69977427279827831       0.42874064350014757     
  0.66963722503773304       0.42949705531902416     
  0.67515603699622917       0.38734860116112124     
  0.70494520907309899       0.39834367323951025     
          11
 -0.59730344691717985      -0.12545081489684087     
 -0.60012539462692061      -0.10456350307450522     
 -0.60602731226470929      -0.10611778690405423     
 -0.62502088164551484      -0.10997399043300841     
 -0.63627225565095169      -0.12990877467143680     
 -0.63427456554668582      -0.14047220504154559     
 -0.62823463374362176      -0.14482454138600898     
 -0.61671056292959692      -0.14797452758689111     
 -0.60115494584823470      -0.14578609817183294     
 -0.60398046819105666      -0.14025628500831505     
 -0.59744259223429863      -0.13855546375509142     
           9
  0.49238477463112523      -0.81959432958231915     
  0.47895536778243175      -0.81893364910754052     
  0.47181908428262459      -0.81576415041761574     
  0.45946960848860191      -0.82157420637224576     
  0.45773161239246374      -0.82902681608834727     
  0.45792478029461464      -0.84711313088571472     
  0.45482706800302236      -0.85470111386479830     
  0.47415541763741709      -0.85908449000544918     
  0.48075705903324983      -0.85899056312728428     
           8
 -0.16917846722844959      -0.83116601373926058     
 -0.17062811431664379      -0.82224367700616230     
 -0.17842252658243629      -0.83406854243473449     
 -0.18323374711649854      -0.84003401436686342     
 -0.18444227437331862      -0.84825438965338762     
 -0.17963242701931789      -0.86536795501563035     
 -0.17051068721071361      -0.86110748683090244     
 -0.15047889632565328      -0.84919268097173739     
           7
  0.84991090153338877       0.22644010130728817     
  0.83662268562131492       0.22986479805317511     
  0.83641723415193125       0.22038663651993967     
  0.82821934264546115       0.22493282274384593     
  0.82573085946543923       0.21546718380726054     
  0.82624112662892712       0.20502636932236756     
  0.85469282663622959       0.18725085607548941     
           5
 -0.12672343969280531       0.92562428182552470     
 -0.13736335010519293       0.94136677184709083     
 -0.15286045714595983       0.93868668488945817     
 -0.16267289967409390       0.90861772981678068     
 -0.13551667130226103       0.89715253406405393     
           8
  0.98108332013599808       0.45663432257763198     
  0.94990350450169325       0.46236401887469109     
  0.93866931418736843       0.46290737393204312     
  0.94687450637861870       0.44689971819453400     
  0.94495811830508891       0.43754423348048155     
  0.95530278490411669       0.42370988099832269     
  0.96866618254430392       0.43166642159915358     
  0.98258476267897243       0.42381100358241325     
           3
 -0.28141614058058162       0.60373369246999342     
 -0.31255576430759763       0.56942702196841777     
 -0.29666462649791275       0.57582103055880285     
           9
  0.19237153842660429      -0.94393430083596497     
  0.18574606797616372      -0.94203091266821959     
  0.16811557042813186      -0.93407490604136401     
  0.16132751549172447      -0.93672604172182194     
  0.15326884989514586      -0.96244204344676243     
  0.16646367586018085      -0.97022399625732270     
  0.17751722786620672      -0.96570295033451825     
  0.18398321617345376      -0.96474114689732493     
  0.18585438147642849      -0.95518165476144523     
           6
 -0.24165589371648799       0.27946849050226280     
 -0.25396274749163777       0.27446495314238922     
 -0.27913768540967115       0.26806595036157332     
 -0.26649733630461891       0.24323419564946946     
 -0.25366374595174518       0.24627020636419303     
 -0.24081674362869598       0.25111440212883768     
           8
 -0.95723007131762294      -0.84539422679396981     
 -0.97000761274991920      -0.84556457965269838     
 -0.96377537353394660      -0.83774411395094694     
 -0.97534778809967992      -0.84212309103818461     
 -0.99107388523890649      -0.84740284257096121     
 -0.99907522450904807      -0.84878382615787706     
 -0.98921256551972825      -0.86915399868974030     
 -0.96989228684543050      -0.87502192256673483     
          11
 -0.54966663725522591       0.57383846994921961     
 -0.57365221081610851       0.56663850447696129     
 -0.58600377344231858       0.57047641948576733     
 -0.58743044296874469       0.56309040101626096     
 -0.58453114918803140       0.54523907743846745     
 -0.59294013267919798       0.53494968034252288     
 -0.58754631815358804       0.53859462947255987     
 -0.57460399971623288       0.53544781502419558     
 -0.55788058090528958       0.53220307648356602     
 -0.55956698279950423       0.54218838728123675     
 -0.55556478527540343       0.54619743023466460     
           6
  0.90273265258360269       0.82847681083833802     
  0.88319143444573633       0.83288801214397168     
  0.88666316659151356       0.82091598960202539     
  0.88373025190091115       0.81035699512476522     
  0.88706085148256009       0.79660202277520153     
  0.91606530878746129       0.81169698597879170     
           7
   9.4465034330659434E-002 -0.67412327461090860     
   7.8339961753948015E-002 -0.67677927330508547     
   6.1405601294025627E-002 -0.68584342568332923     
   5.9390752301229574E-002 -0.69534127761363240     
   7.0621238471761633E-002 -0.71341881785725481     
   7.8074167747578180E-002 -0.71656454413658777     
   9.4120423924603139E-002 -0.69693498884367999     
          11
 -0.25287696149514688       0.68318223890658669     
 -0.24585709144410958       0.69119172639759685     
 -0.25325969119978359       0.69051986649739627     
 -0.25069141686402574       0.69939467375734021     
 -0.28668254897319484       0.69754642106294029     
 -0.28551750210033933       0.69053373565975040     
 -0.27817207689845969       0.66942142022817730     
 -0.27725976754464865       0.66317840831997210     
 -0.26737174215713833       0.66664905433756849     
 -0.26526135924129990       0.67181660748606187     
 -0.25738007625490372       0.66787280935930016     
          12
 -0.71842009503100623      -0.92575683568351108     
 -0.73827449341400631      -0.90784558890104949     
 -0.74412610006590763      -0.91352896413756945     
 -0.75002493529045366      -0.90799848813494000     
 -0.75824426938915968      -0.90606707332028025     
 -0.75565868328850372      -0.91928295018001605     
 -0.75306741502252317      -0.92644139350608601     
 -0.74979776844208212      -0.93604218779279202     
 -0.74977431842340603      -0.94440995974273279     
 -0.74360670094992409      -0.94937449117940131     
 -0.71861039839112573      -0.94896888204042418     
 -0.72294677059847035      -0.93456052452801042     
           5
   3.1159535132644398E-002 -0.72814992587036409     
   3.3919305101757405E-002 -0.72074589552008739     
   7.3347632706267634E-003 -0.71603731077751664     
   1.2428013422954097E-002 -0.75518551519148758     
   3.9314068935259502E-002 -0.74586728818304793     
           3
  0.61490141868849280       0.13918909301380894     
  0.59110812286488557       0.14366317121799210     
  0.59541710192199404       0.11607173306467461     
           6
  0.23593030124832270      -0.75945590482003278     
  0.22737919194437334      -0.74350042232373514     
  0.21571634204178280      -0.74729988168929118     
  0.19296712956590537      -0.77041127648209629     
  0.21192537088614125      -0.77893611295864995     
  0.22972968122185064      -0.77250896703583682     
          11
  0.96003678315016627       0.29481805604228056     
  0.96672914953786282       0.29920069689362450     
  0.94659244870819581       0.31291883353549416     
  0.92710432750467608       0.31530301965083196     
  0.93101451465507645       0.29341993609949096     
  0.92695084258832072       0.28479952411235820     
  0.93430797587922121       0.28157962270239528     
  0.92762873734614515       0.27423003676846941     
  0.94104496171622776       0.27561823597001633     
  0.96169322337957186       0.27320199971250653     
  0.96185859797899909       0.27992860095208993     
           8
  0.16055655478962522      -0.11222130315292742     
  0.16285100707925337       -9.9173592817854817E-002
  0.15563185884027014      -0.10234961979309232     
  0.13365311037659991      -0.10074526779722436     
  0.12319466117261783      -0.12095805620110965     
  0.12136891545732852      -0.12741365024813076     
  0.13101730373305703      -0.12660158355943757     
  0.15770009710884506      -0.13468676013817893     
           3
  -3.9088489717182141E-003 -0.12330720361323386     
  -3.2299651476453230E-002 -0.15533999361979720     
  -1.6656219864396596E-002 -0.15305761156604178     
           4
  0.81688881888360187      -0.95059161303647488     
  0.80234750033111013      -0.94430265156501014     
  0.77962900425990422      -0.94309838795741530     
  0.77592516090956376      -0.98618246027344059     
          12
  0.45577581853871518       0.36221322336331602     
  0.44635389156015953       0.36622061755937968     
  0.45187280583190942       0.37051310179574498     
  0.44305520082301769       0.37961122508975131     
  0.41551520743138171       0.38101350643098730     
  0.41993147398236613       0.36774859634524892     
  0.41360923154840795       0.36777027024082504     
  0.41844320885752612       0.35371662469923615     
  0.41717090493695319       0.34691449062194057     
  0.41639341084009207       0.33820818966745547     
  0.42961272116019428       0.33944255663319928     
  0.45373428032253121       0.35136318932900451     
           9
  0.29018149833648421      -0.33735303556091195     
  0.29493141419746444      -0.33314393475214371     
  0.29627848097198278      -0.32200058146821420     
  0.28633224017606007      -0.32002768684460309     
  0.28108210707034592      -0.32377242682043078     
  0.25865755980951027      -0.34624141599740160     
  0.26530448341046481      -0.34535257977802314     
  0.27343524126223706      -0.36018011206730777     
  0.28302808756050579      -0.35371351025538800     
          11
 -0.70388522373112206       -2.4537031421064399E-002
 -0.70607478511019883       -1.8816230087934191E-002
 -0.71182706654261563       -9.8309443392910964E-003
 -0.74618159907186421       -8.9861729576667000E-003
 -0.73606840980587118       -2.2501781981800709E-002
 -0.74588416469696273       -1.8798902204481473E-002
 -0.74082909296540744       -2.8791431469809149E-002
 -0.74063787211800458       -3.4880535880640044E-002
 -0.73745046296508809       -4.0283628904311766E-002
 -0.72157564771169791       -3.9894666733570644E-002
 -0.71324206654793176       -4.4694119202595237E-002
           9
 -0.46815374781898889       0.83568049650281839     
 -0.47662032457151771       0.84129106551964372     
 -0.49618586998143199       0.83932604135297317     
 -0.49957494474261649       0.80943722153975284     
 -0.49213797922906866       0.80631670003573996     
 -0.48455464170486778       0.80359578700773993     
 -0.47665141565969471       0.81067810144278007     
 -0.46301433014889060       0.81220665112536006     
 -0.45762032220062626       0.81910245480869814     
          10
   4.2692799965652152E-002  0.20289255341454723     
   4.5518970007806490E-002  0.20824862292940705     
   3.9630516860858035E-002  0.20938523896280942     
   3.1155692822907650E-002  0.21054776051215407     
   2.4584766852971129E-002  0.19003168222069400     
   2.1978989867881462E-002  0.17694888116764351     
   1.8868144869442389E-002  0.17224629190261051     
   3.3199654549148819E-002  0.17268700900267042     
   4.0695157363224620E-002  0.16953298764452737     
   4.8901428560503571E-002  0.17166018623197435     
          10
 -0.93562521600078041       0.86415684945570026     
 -0.94316844989489235       0.87007908032483205     
 -0.94964258509020760       0.86635660773642253     
 -0.95190916011068849       0.87462856458409166     
 -0.95920568126407679       0.86796539179333809     
 -0.97645312084290459       0.87410091341376017     
 -0.97194101717761738       0.86160144005886385     
 -0.96102731029220734       0.84125623974948016     
 -0.94819412188277163       0.83753678709929580     
 -0.94065809616876384       0.84463075183396541     
           4
  0.36091291347696575       0.71373827556210223     
  0.33695953052291966       0.71090952473944646     
  0.33688963124496835       0.69886770818995347     
  0.36888653158220391       0.69642323599422040     
           5
 -0.36282723315591114       0.91482734292805568     
 -0.36278324622450403       0.93857394648539427     
 -0.39417289780410175       0.90585695418075607     
 -0.38568222881054109       0.90267244434763061     
 -0.36804863933223886       0.90196115023715451     
           6
 -0.26772113711597639       0.81525493610835498     
 -0.29148003219570001       0.81652464277584680     
 -0.30490402620886981       0.81871613082199091     
 -0.27370714444061095       0.78676743112702363     
 -0.26615808314758366       0.78934357475352168     
 -0.26758621090339529       0.80217045453980640     
          12
 -0.79804074790461477       0.33043486289811669     
 -0.78975688889969509       0.33966091790998526     
 -0.81396791838894256       0.34453872510914135     
 -0.83027355397073166       0.34821274863378765     
 -0.82461181595695254       0.33799045012323098     
 -0.83231482935451662       0.34178013872923652     
 -0.82648540406193427       0.33243228419320692     
 -0.83092748495698532       0.31432774938996066     
 -0.81194183218133331       0.31929364871713928     
 -0.80667102769582522       0.31269139258795847     
 -0.80196675910231940       0.30996998109261820     
 -0.79506620206974321       0.32514674650193537     
          12
  0.94978774100571395       0.10603272448748437     
  0.93136914916211211       0.10601032860978002     
  0.92754786646073795       0.10158426266486209     
  0.92323215632440969       0.10548917144680159     
  0.91609010194475304       0.10111021158184380     
  0.91022287368542931       0.10120263762266132     
  0.91204093605645575        6.7966983719622134E-002
  0.92931036119789734        7.3571936648866521E-002
  0.93560839239674021        6.9124270008268096E-002
  0.94794700147362898        7.1182849243449017E-002
  0.94173963943480909        7.8980864110305624E-002
  0.94812334114669283        8.3314004943140549E-002
           9
  0.44419568242520813      -0.70071246724611103     
  0.42581455830740317      -0.69711382918061038     
  0.41854782692922549      -0.69503520491933690     
  0.41518649424125026      -0.70587659568074035     
  0.40805999618262268      -0.71712862523653675     
  0.41395654440502483      -0.71637538673205348     
  0.41554948798370639      -0.73186702287718031     
  0.42565039249544123      -0.72824569902906866     
  0.44613911337237527      -0.72878236022148646     
           9
  0.32374303376140656       0.83929132887716540     
  0.31126878221668508       0.83827912919651071     
  0.28448133462736236       0.83157396086553548     
  0.28358152390061964       0.82427460022259791     
  0.28918186021761444       0.81066525322392702     
  0.29633714503587039       0.81380139693928755     
  0.30443690074306573       0.81457713519660446     
  0.31394684604582318       0.81408885111755469     
  0.32307880243570342       0.81117396265615149     
          11
 -0.43005664383899078      -0.88596070383815395     
 -0.43284742045088198      -0.87783706491051061     
 -0.44572078356615163      -0.87851350014779916     
 -0.45534249411389549      -0.87816658797466984     
 -0.46389301821435514      -0.89709694996408285     
 -0.46712626584994998      -0.90183812317522705     
 -0.46648555114129164      -0.91119366332544516     
 -0.47174915600577305      -0.91775145521408452     
 -0.44283067492499889      -0.91657538570727615     
 -0.44341295729115876      -0.90901737501375468     
 -0.43534519297879387      -0.90926469521989917     
           7
  0.29658817020784412      -0.73809485739133773     
  0.29261320229520826      -0.73166941582865441     
  0.28111018370868457      -0.73246551831775375     
  0.26270792760360606      -0.72626131405787275     
  0.26741989186977810      -0.73380563366366525     
  0.27173439682136713      -0.75796608235824947     
  0.28863621612712931      -0.75916479349865629     
