   1.0000000000000000
   50.000000000000000     
          44
          12
   1.0000000000000000     
   9.0000000000000000     
   1.0000000000000000     
   3.0000000000000000     
   3.0000000000000000     
   8.0000000000000000     
   4.0000000000000000     
   5.0000000000000000     
   5.0000000000000000     
   7.0000000000000000     
   2.0000000000000000     
   7.0000000000000000     
   7.0000000000000000     
   9.0000000000000000     
   5.0000000000000000     
   1.0000000000000000     
   4.0000000000000000     
   2.0000000000000000     
   3.0000000000000000     
   6.0000000000000000     
   7.0000000000000000     
   1.0000000000000000     
   10.000000000000000     
   2.0000000000000000     
   3.0000000000000000     
   1.0000000000000000     
   8.0000000000000000     
   7.0000000000000000     
   1.0000000000000000     
   3.0000000000000000     
   10.000000000000000     
   3.0000000000000000     
   10.000000000000000     
   4.0000000000000000     
   3.0000000000000000     
   2.0000000000000000     
   4.0000000000000000     
   1.0000000000000000     
   2.0000000000000000     
   2.0000000000000000     
   6.0000000000000000     
   1.0000000000000000     
   4.0000000000000000     
   5.0000000000000000     
           1
   0.0000000000000000        0.0000000000000000     
           4
 -0.42337988686190769      -0.54696776411915804     
 -0.44404394979969941      -0.56295025691545120     
 -0.43893641949613965      -0.57578828101492063     
 -0.40717088221132197      -0.57116567992368672     
          10
 -0.10120414323869240      -0.28501683189449833     
  -9.8997034021654870E-002 -0.26867290458749421     
 -0.11884560251018898      -0.26114393386952173     
 -0.14330985623803269      -0.27784112542095668     
 -0.14192133306432539      -0.28474578647022059     
 -0.11338564813748055      -0.30424645583258325     
 -0.10465738373232147      -0.30354713324081622     
  -9.5724000073343335E-002 -0.30214609637014739     
  -9.8184478909170425E-002 -0.29456287421931404     
  -9.3467246927280132E-002 -0.28700940172461570     
          12
   8.8151351584883603E-002 -0.25874748614973009     
   8.0970706610205376E-002 -0.25580881579714038     
   6.0966486318484198E-002 -0.25315486438169582     
   4.6356468907847226E-002 -0.24977622643867198     
   3.9138179513540414E-002 -0.25284775593691600     
   5.1484934018610387E-002 -0.27632602303121523     
   4.2694273083820802E-002 -0.28125788437798582     
   3.8899292017659209E-002 -0.29885934718165819     
   5.0884294146635423E-002 -0.29218408102643889     
   6.3838586331375902E-002 -0.28831942966098822     
   8.2382409589857569E-002 -0.29091685222844638     
   9.0922062438216600E-002 -0.27459086380303110     
           6
 -0.70565739518025328       0.30003411851873685     
 -0.70455372031740671       0.31022719665905851     
 -0.73838201668559544       0.31308171488127112     
 -0.73710248041039850       0.30224963637069369     
 -0.74739519710395064       0.27611896159092497     
 -0.71828409896375800       0.26627827257425779     
           6
 -0.84008260712263905       0.57845079267155874     
 -0.83339504630599526       0.59175085945692218     
 -0.87536497159594495       0.58328554121939424     
 -0.87538736042266529       0.57255960768993464     
 -0.86647586404839427       0.57166412764917562     
 -0.84413811445999043       0.56894121590918401     
           7
 -0.75197265619385767      -0.59624657393065505     
 -0.76708908906732753      -0.59179525164994473     
 -0.78818486392316633      -0.60452170458661580     
 -0.79737268042428378      -0.59986518683832235     
 -0.79543169452096718      -0.61727557057338966     
 -0.78068577948191809      -0.63444782423245294     
 -0.76285924955385387      -0.62901270482242477     
           8
  0.29150188328525467      -0.39676963300343027     
  0.28622615299810106      -0.39081070935477380     
  0.26757932720228078      -0.39600813950784736     
  0.25586342320429700      -0.42337793421405373     
  0.27734929045386841      -0.43450400870560252     
  0.28993963263595368      -0.43742133370830705     
  0.29207170677589994      -0.42883282538103656     
  0.29524463212125368      -0.42146251474559643     
           3
 -0.32989496111117333       0.12890114113176795     
 -0.34668392505074552       0.11925648006878539     
 -0.34415049721603636        8.4367960434924311E-002
          11
 -0.29442928747532859       0.92275642571621741     
 -0.30275328720416822       0.92750494218369528     
 -0.31312897391224848       0.91692624513495247     
 -0.34120896193395017       0.91850017886305124     
 -0.33443024432432650       0.89717356314303054     
 -0.33171182360318929       0.89028597820830990     
 -0.33971364265483256       0.87870227564141035     
 -0.32483868516496850       0.88919132660280531     
 -0.32863951851924750       0.87767705088401682     
 -0.31057979100967903       0.88571666734213927     
 -0.29318545160945458       0.88636383182612821     
           8
  0.59056805691579117      -0.33250160404530138     
  0.59530071943692608      -0.32672354215174060     
  0.58080536303223762      -0.32849935651073536     
  0.55770334162338953      -0.32396193361476255     
  0.55735967683570253      -0.35537337917405520     
  0.56600680862491559      -0.36046421761759811     
  0.57487198801739525      -0.35645975956773585     
  0.59742685515309690      -0.36571882548134227     
          10
 -0.16265767686346658       -9.0913544364702628E-002
 -0.16809802810278124       -8.3904236613266903E-002
 -0.18621873520797377       -7.2361981980280016E-002
 -0.20119904492449042       -7.7913817225363502E-002
 -0.21149443493619252       -9.6751653414718697E-002
 -0.21164741906309084      -0.10901433407023692     
 -0.20156769831830426      -0.11152239205977045     
 -0.18759419170935870      -0.10696224289540847     
 -0.17944716955730539      -0.10944497838762809     
 -0.17217989285421639      -0.11861649798333682     
           3
  0.90563087132113929      -0.82617785400503729     
  0.87124898392403993      -0.83178093945596299     
  0.90141747642283909      -0.87813883077261523     
           5
  0.23620433551614634      -0.55188914519752119     
  0.21644458473408631      -0.56607658714945419     
  0.22037158683768132      -0.57519930790372964     
  0.21645583205205524      -0.58593610099478677     
  0.24301352523196962      -0.58330403939315956     
           4
 -0.20508106937283932      -0.32904522489484089     
 -0.22463406437221445      -0.36724910865698429     
 -0.19784006343749033      -0.36196316399884382     
 -0.18403482879450672      -0.36549192294575694     
           7
  0.84328391485653420       -8.2409443753507408E-002
  0.81849450108668798       -8.0625303831137085E-002
  0.82689893410817650       -9.1337185915978447E-002
  0.83572186466562504      -0.11850604065006598     
  0.85544973496754440      -0.11790086104954629     
  0.86832265157152821      -0.12390988029226986     
  0.86704681475232048      -0.10312434170965132     
           3
  0.43104991545129046       0.35119163591826252     
  0.38509762396229380       0.30914073070739700     
  0.39913624657528157       0.31141632832674004     
          11
  0.24729223331116029       0.64008092399987360     
  0.24483173380472076       0.64731673516712829     
  0.22414334114265394       0.64021094037699255     
  0.20677748154204531       0.64821409740090263     
  0.20493735130193905       0.63733682038321471     
  0.21191514531853586       0.61959638547718832     
  0.20129666697088525       0.60183574767386816     
  0.20981051080866822       0.60217606924533307     
  0.22546469299684482       0.60104714369731216     
  0.24146753885635180       0.61089930762755051     
  0.24142757752856872       0.61817212916163544     
           7
  0.98390003572969476      -0.67923957346125874     
  0.98758880284784789      -0.67118384576846424     
  0.96367511426307151      -0.67805620027978719     
  0.94387867676733561      -0.68215767813514683     
  0.94792846860738733      -0.71648516775144910     
  0.96009046251507657      -0.71183699078982932     
  0.98606822113778436      -0.69040854229458815     
          11
 -0.78224108569577200       0.28982270923576381     
 -0.78926365221031580       0.28619792546936357     
 -0.80334555118232076       0.28770271616901955     
 -0.82561229743579723       0.28264285307597531     
 -0.82487366855579680       0.26763381577999540     
 -0.82628524174832108       0.25269988773212793     
 -0.81699482617590191       0.24905716902371439     
 -0.81484826273912891       0.24005080543289059     
 -0.80763024485939627       0.23855898948212745     
 -0.79332425881753199       0.24320821682699884     
 -0.78261340394053791       0.24684228118770693     
          11
 -0.53536431144312047       0.66536266338588246     
 -0.56193458363913185       0.66020826519223175     
 -0.56524031859362511       0.66630861345061443     
 -0.57424817606177037       0.66658538760138386     
 -0.57157708537698193       0.64757133281149504     
 -0.57665822458551885       0.63395482032524730     
 -0.56602795178094667       0.64105170865916072     
 -0.57604669648059093       0.62391822261217023     
 -0.56339744378255185       0.61886730123698142     
 -0.55866786283632208       0.62507663043587447     
 -0.53923405381019096       0.64460713790027513     
          12
  0.49069850099069467      -0.45571681215495868     
  0.49350855368571461      -0.43702141742355244     
  0.48247459186922081      -0.43989095328344630     
  0.46078942757212704      -0.43605936531649131     
  0.45248643548400175      -0.44379850852347774     
  0.45426827097354017      -0.47266176302914176     
  0.46044235456522120      -0.47252945454860334     
  0.45739679618379170      -0.48039836873606123     
  0.46642700507700802      -0.47057781887824646     
  0.47689464721757835      -0.48120307008581992     
  0.47837417949881905      -0.47299326620119331     
  0.49453179698251626      -0.47305925136801180     
           4
  0.22640742693990759       0.18655911268978786     
  0.18847441360706876       0.18841059593548862     
  0.22955320926631237       0.15552307774752155     
  0.22199760222689818       0.17549323128921832     
           6
 -0.88755832765860831       0.69903722273306113     
 -0.89051881756925133       0.71088508514868187     
 -0.90709901496191381       0.71101889660161122     
 -0.92578030574534620       0.70102468376051363     
 -0.88797545619206431       0.68627972372807844     
 -0.87694819119195788       0.68104246004024360     
           5
 -0.24672836227934708      -0.68016647746016490     
 -0.27757602026410561      -0.66386421994354106     
 -0.29141544149802912      -0.71267652755129673     
 -0.27108728999573845      -0.70224148359884997     
 -0.24245989167711623      -0.69479078273858985     
          10
  0.51083180256913163       0.54983974390696810     
  0.50807628267048577       0.55988101330005247     
  0.48370626541369444       0.56031728860841601     
  0.47009330785937720       0.55760267906184868     
  0.46825951722315662       0.54882853107684548     
  0.46447431795285909       0.53895982114815910     
  0.46787597391172819       0.52608159457997361     
  0.47089553892503688       0.51486634465876335     
  0.49297590412670778       0.52081767428917836     
  0.50238733176291228       0.51431613886821403     
           7
  0.19380223874449487       -4.4193596988425538E-002
  0.18486985554315968       -2.8779942253885787E-002
  0.16358694681180957       -5.3267636675121958E-002
  0.16163511824816088       -6.1419954929907386E-002
  0.18411510830320543       -7.5778993752293716E-002
  0.19453671570095868       -7.6760716427581976E-002
  0.19753569108197366       -6.8462839148758364E-002
           9
 -0.82226816882262943       0.82351040624572402     
 -0.82957957801286686       0.82207336865821090     
 -0.82825515698613827       0.83449315482029429     
 -0.83965010806835061       0.82237945154879233     
 -0.84653878005842131       0.82351818090079998     
 -0.85470721874022171       0.83161637809349320     
 -0.85558084036217608       0.82340416107293157     
 -0.86780309917298393       0.79812639540211205     
 -0.84309192002353550       0.78703540888611645     
           8
 -0.26865960291080504      -0.20871153239547205     
 -0.27670747380107785      -0.21093903574944617     
 -0.29668938962649577      -0.19897699633634733     
 -0.30688109416814202      -0.19854192962653508     
 -0.31227333696447951      -0.21854676855320956     
 -0.31344866307652125      -0.23184656696106831     
 -0.29913764792328268      -0.24711965822359683     
 -0.26873323528013499      -0.24511493876679924     
          11
  0.16591313155960788       0.52653051808420759     
  0.17139804657232038       0.53737839550866207     
  0.16813643055964483       0.55385964457632153     
  0.14228682929644493       0.54521677110350331     
  0.13866313170993344       0.53409543023084416     
  0.13312514648042936       0.51909246372351447     
  0.13708627685951880       0.50910740509416830     
  0.14460271649289685       0.50975351588760764     
  0.14215693079045377       0.50316774713723678     
  0.16538415777103238       0.51402849882708923     
  0.17458118195999159       0.50745570042398669     
           5
 -0.69714997987732230       0.93950568451397343     
 -0.71178126960978660       0.95092348666643745     
 -0.73475722430918911       0.93310892898688025     
 -0.69170474898732071       0.91006207238446168     
 -0.69537687511948199       0.92057491257009350     
          11
 -0.61270273914164097        9.3578248632528588E-002
 -0.63642075185405877        8.5362586404511082E-002
 -0.64220934844014443        8.8421585547711706E-002
 -0.65752455413008637        9.4389172566188062E-002
 -0.65383729647732836        7.7075315362849783E-002
 -0.65923507690642491        6.8446076128735267E-002
 -0.66106890406883356        5.9058032499808358E-002
 -0.66005686217692283        4.3651373503030472E-002
 -0.65298773386758102        4.6490791380793678E-002
 -0.63283753170404589        4.2859212892258150E-002
 -0.61578464830281632        4.9218043365760647E-002
           9
 -0.41790161528542602       0.80464059043803482     
 -0.42338870085835678       0.80953540416223613     
 -0.43478284483826696       0.81098666928366725     
 -0.43657352071102296       0.79571619652568815     
 -0.44073543204442556       0.77346674719753261     
 -0.44334288822444418       0.76529669217111151     
 -0.41155285998457425       0.76375240092810159     
 -0.41476829568468426       0.77303671222547832     
 -0.40420641449531464       0.77958825207094962     
           8
 -0.42368613973420122      -0.70397455386091390     
 -0.43039100642532535      -0.69479467261337213     
 -0.43380314591087393      -0.70144318873446276     
 -0.46123950042692513      -0.69254335014788737     
 -0.45407997089628482      -0.73702950802232003     
 -0.43783540036558577      -0.73792794087222791     
 -0.42577013125727664      -0.74001126823636587     
 -0.42050223977705276      -0.72104712974121987     
           7
  0.48566115251825503      -0.71574946228180558     
  0.49434620449738531      -0.71019522963477077     
  0.47346603806390630      -0.70259840284068709     
  0.46326176858649792      -0.70444902453526059     
  0.44311088295524148      -0.71230448803905344     
  0.44925816449580563      -0.74484787878239000     
  0.48247860799396136      -0.72811942314847777     
           3
  0.42459089790940285      -0.32313190105869150     
  0.42105590288189487      -0.35790493813919155     
  0.42411132338275664      -0.34095327286644139     
          12
 -0.31258837061570766       -5.7113974112141426E-002
 -0.32719459044574223       -4.2132695722088248E-002
 -0.32836562708956024       -3.5562698430157469E-002
 -0.34405464689569570       -4.5493353807073832E-002
 -0.36156662459961358       -3.8802212451258408E-002
 -0.35259382334723349       -5.3812540858010828E-002
 -0.35272786132575712       -6.0987086202454792E-002
 -0.33753746362655385       -7.5670704076723397E-002
 -0.33016408501017597       -7.7179456092550808E-002
 -0.32222231552250635       -8.2606137223569562E-002
 -0.32267527072624985       -7.0822922902280136E-002
 -0.31699851744981428       -7.3593744793279597E-002
           8
  0.77313593624031507       0.29486282302059375     
  0.75756296266298317       0.30305915586708154     
  0.74827232073519834       0.30289751994590636     
  0.75114133880840939       0.26815809118988310     
  0.74726882387993065       0.25302742285470736     
  0.75843637288536792       0.25549508358540030     
  0.77172969540920899       0.26510329985382786     
  0.79037054051593081       0.27422988180555530     
           6
  0.55103144473129684      -0.92533243394607623     
  0.53789131342957264      -0.91919732022233125     
  0.52863648180581391      -0.94417473722501211     
  0.51852811769607099      -0.95306604342049561     
  0.52811668737418194      -0.95906919454384443     
  0.55545708810469774      -0.96174210776869240     
           6
  0.43574538314796379       0.72835866567553642     
  0.43953671188713267       0.73679876544972700     
  0.42712696670607503       0.74605867596455855     
  0.40585761626716665       0.74055201566208739     
  0.42632855612891996       0.69633607045375234     
  0.44019094141623111       0.71331884944851287     
           4
 -0.30462044698842050      -0.59430502939980312     
 -0.33614324873614182      -0.59268860401777268     
 -0.34717202441756179      -0.61284136116628107     
 -0.33568877881423581      -0.63123724691846339     
          12
 -0.92736993108824872       0.11748691165813431     
 -0.91873093790280114       0.13228044994009031     
 -0.92522847813210796       0.12703529355582308     
 -0.91781384126508470       0.14005110255324621     
 -0.92650160753881439       0.14110101731153082     
 -0.92936373429733388       0.13499288187411279     
 -0.96753378325804307       0.12195711953448410     
 -0.95924517293092304        9.6875192474538963E-002
 -0.95042080690887198        9.3832191315372515E-002
 -0.94058322235069391        9.5158390501139847E-002
 -0.93560827807320202        9.9548785981402169E-002
 -0.92959614403668311        9.3406351188773676E-002
          12
  -7.9985626333660451E-002 -0.83592104801219491     
  -9.6592787616176179E-002 -0.81895966268791609     
 -0.10670998936116109      -0.81971521418492355     
 -0.11936923766215213      -0.82599050141133690     
 -0.12530985354390167      -0.81897826436661381     
 -0.12135978831388949      -0.85826539332553198     
 -0.12587485638021972      -0.86256422492334095     
 -0.11880314407409220      -0.86851886980385540     
 -0.10925150896245973      -0.86860171888314153     
  -9.2695897512393377E-002 -0.86416509365107230     
  -8.6721027921009358E-002 -0.86993149697874972     
  -7.7643956974110279E-002 -0.85584986193398838     
          12
 -0.61330912082127442       0.90502255645117013     
 -0.62909329740276565       0.91471417652516707     
 -0.63684568709208444       0.91742602756634273     
 -0.64516775375388369       0.90244030504324790     
 -0.65099989478467102       0.90477397640783397     
 -0.64476740516157194       0.89429381692254695     
 -0.65480766349420516       0.88114377839081870     
 -0.64748396927261664       0.88016215094625794     
 -0.64120142328097751       0.87540662971890382     
 -0.61321499084035380       0.86814294693008864     
 -0.60906343633493543       0.87299507853890324     
 -0.61221358606993215       0.88285137401388625     
          11
 -0.11171973529896842      -0.56690061264980063     
 -0.12032906615553909      -0.55316906013152700     
 -0.14284048543909514      -0.54480809752962911     
 -0.15961347938507423      -0.54716155995995375     
 -0.15890853983403302      -0.55393088496486842     
 -0.15219235308870246      -0.58174780211435007     
 -0.15588415012954809      -0.58850414376166982     
 -0.14904222776934681      -0.59201445126876018     
 -0.14063405412087276      -0.59208091234603255     
 -0.12899761902203410      -0.59476248714114122     
 -0.12245352570390484      -0.59044901797741822     
