   1.0000000000000000
   50.000000000000000     
          18
           8
   8.0000000000000000     
   10.000000000000000     
   7.0000000000000000     
   7.0000000000000000     
   1.0000000000000000     
   10.000000000000000     
   8.0000000000000000     
   10.000000000000000     
   2.0000000000000000     
   1.0000000000000000     
   5.0000000000000000     
   10.000000000000000     
   2.0000000000000000     
   5.0000000000000000     
   6.0000000000000000     
   7.0000000000000000     
   1.0000000000000000     
   9.0000000000000000     
           1
   0.0000000000000000        0.0000000000000000     
           7
  0.34680036305876588       0.80367264191323828     
  0.35995228124799045       0.82233729145764445     
  0.33589076698116893       0.83122335882123910     
  0.28495817197601003       0.82211416297196149     
  0.29853346380446610       0.77124965817877322     
  0.30546967480765019       0.75243628516858185     
  0.34675933062790376       0.76723784085945224     
           3
  0.62224062918619805       0.24071375695158537     
  0.59591825053298231       0.21834307808503312     
  0.64838512410256732       0.21278016064675850     
           8
 -0.37239819238667643      -0.31905525724988226     
 -0.39275906685815698      -0.33055558802612223     
 -0.43929951712238696      -0.33217900542720186     
 -0.42143241519237723      -0.34723919658243363     
 -0.43483098920055530      -0.34731563443765645     
 -0.37374834403805307      -0.39409878051078473     
 -0.37187731880807523      -0.38289609171428068     
 -0.37896859751329143      -0.35751652897515673     
           3
 -0.86322398724956806       0.60259385684590605     
 -0.88283575988864726       0.60720068266193905     
 -0.88626964052056467       0.53862748934415960     
           3
 -0.29621959040860840       0.95160455705350233     
 -0.34295896242648488       0.95433920639912784     
 -0.26931463550708351       0.88572561651511017     
           5
  0.96825333552085013       0.89018211705814909     
  0.91412161784067292       0.92054278087664110     
  0.92114913389380138       0.88494987922288815     
  0.92377053717191615       0.85205942442461280     
  0.94656457792918469       0.85130683453788314     
           7
 -0.35031575872557191      -0.51015132768589766     
 -0.40610547029549648      -0.50316057186244811     
 -0.41638080084007872      -0.51161424687141066     
 -0.40633028771579160      -0.52578268420143970     
 -0.42597716404390190      -0.53961595353938308     
 -0.41289608206346234      -0.56840025226602919     
 -0.34918220673126421      -0.56456294438831212     
           6
  0.32491798062373933      -0.22285873259780736     
  0.31396871258574000      -0.20887738972650396     
  0.25275729301236022      -0.20351465782471675     
  0.24565783840513228      -0.23389782214103946     
  0.26714834858511294      -0.26098046557916088     
  0.30845210049446525      -0.25421491457284040     
           6
 -0.79757963337833704      -0.23772896603174709     
 -0.81119107888610453      -0.22295174303676754     
 -0.83554013357676360      -0.22942775382424824     
 -0.85856821658202909      -0.24303963935003126     
 -0.86067511865339230      -0.29944081463804206     
 -0.81961931759916606      -0.29585272489623177     
           6
  0.53865223801494022       0.49371225567149035     
  0.49773330727724069       0.50431315023419787     
  0.48447110064267829       0.50997273517820940     
  0.47583733348017432       0.49369039993521735     
  0.47313421007751211       0.45950525035561535     
  0.54068200173061243       0.47839395769706150     
           8
  -7.5140949773852467E-002 -0.84229753449924227     
  -8.9529057533872122E-002 -0.81693749619554978     
 -0.11538359753542875      -0.81471112997438866     
 -0.13875800357689869      -0.85184856303436296     
 -0.12588908943983046      -0.85395285085197092     
 -0.14341834311939583      -0.87615317837682671     
 -0.12846962366368492      -0.86902312360203160     
  -6.2677537350997001E-002 -0.88274751446854949     
           3
  -9.2839133531518125E-002 -0.38604983009207078     
 -0.10434448757745242      -0.41014500423524547     
  -9.2643067617600355E-002 -0.43840599515937206     
           3
 -0.24727568281252518       0.42042143813188659     
 -0.31183880413086451       0.35034734286895175     
 -0.24987759165384438       0.37270660187452898     
           8
  0.20366426482536937      -0.13489350831642921     
  0.19174249351591732      -0.13584303761348104     
  0.17191734784111773      -0.12481186869869669     
  0.15238385491267689      -0.11095247507332115     
  0.13553336550325618      -0.15611384207391793     
  0.14753210046151408      -0.16803079618795583     
  0.14276065718755571      -0.18171369091846021     
  0.19201849362798279      -0.15113966330337150     
           6
  0.42103364801098886       0.70951869184757710     
  0.41025404111793190       0.71725686581572556     
  0.35302545052415796       0.70930665228734624     
  0.35596796079872101       0.68438405512012823     
  0.35062671715942129       0.64707641261314619     
  0.41986097517190440       0.67797387677655485     
           8
 -0.21754962860835253       0.55610817950803393     
 -0.23931878250643152       0.55405636204227848     
 -0.25766218555502890       0.56559014255233542     
 -0.25215407843825566       0.54963421900755627     
 -0.27045883921347180       0.55743142378971389     
 -0.26523086749602059       0.48727035301381399     
 -0.25923525592976315       0.49983590638174596     
 -0.20891435562078123       0.51604925860165196     
           3
  0.75692288231878435       0.84972307125987045     
  0.73579397193285612       0.83048909916109681     
  0.77118700172407206       0.78173220636896901     
           4
 -0.13919222604039833       0.43210844943366317     
 -0.21019756903619766       0.43671086100173961     
 -0.17969252311345713       0.37516509476775006     
 -0.14998948357575989       0.38814125235552999     
