   1.0000000000000000
   50.000000000000000     
          60
          10
   10.000000000000000     
   2.0000000000000000     
   1.0000000000000000     
   1.0000000000000000     
   2.0000000000000000     
   3.0000000000000000     
   8.0000000000000000     
   5.0000000000000000     
   4.0000000000000000     
   10.000000000000000     
   3.0000000000000000     
   9.0000000000000000     
   8.0000000000000000     
   2.0000000000000000     
   2.0000000000000000     
   8.0000000000000000     
   5.0000000000000000     
   1.0000000000000000     
   4.0000000000000000     
   9.0000000000000000     
   1.0000000000000000     
   6.0000000000000000     
   2.0000000000000000     
   4.0000000000000000     
   5.0000000000000000     
   4.0000000000000000     
   9.0000000000000000     
   3.0000000000000000     
   3.0000000000000000     
   7.0000000000000000     
   3.0000000000000000     
   7.0000000000000000     
   8.0000000000000000     
   10.000000000000000     
   5.0000000000000000     
   4.0000000000000000     
   2.0000000000000000     
   6.0000000000000000     
   9.0000000000000000     
   6.0000000000000000     
   3.0000000000000000     
   7.0000000000000000     
   7.0000000000000000     
   9.0000000000000000     
   5.0000000000000000     
   10.000000000000000     
   2.0000000000000000     
   4.0000000000000000     
   4.0000000000000000     
   10.000000000000000     
   3.0000000000000000     
   5.0000000000000000     
   10.000000000000000     
   9.0000000000000000     
   2.0000000000000000     
   6.0000000000000000     
   6.0000000000000000     
   10.000000000000000     
   8.0000000000000000     
   4.0000000000000000     
           1
   0.0000000000000000        0.0000000000000000     
           6
   3.4305983660881015E-002 -0.62641487694774234     
   2.0701952411556545E-002 -0.60905676839388667     
   4.9981167246214327E-003 -0.64268052710217571     
   1.2528141650715061E-002 -0.64699908576610576     
   2.4068406260023378E-002 -0.64630811186334969     
   2.9417275633231387E-002 -0.63779322701152241     
           4
 -0.94279607511388763       0.48489845450068347     
 -0.97037041814484293       0.49036402179224142     
 -0.97132447109795461       0.46584275331921310     
 -0.95536754420007541       0.45991997875082830     
           7
  -9.4070405465501050E-002  -9.3035099011473762E-002
 -0.12053393545749240       -6.6941713048526322E-002
 -0.12295963459766596       -9.4508623155914268E-002
 -0.11885987664837727      -0.10549181696333464     
 -0.10398278246949122      -0.10329112736752527     
  -9.0452621139510803E-002 -0.10998290328300551     
  -9.3472125121587785E-002 -0.10004325483011355     
           8
  0.70347485883010574       0.25647249207582828     
  0.69963340244575278       0.27075821260729527     
  0.69205259053661283       0.27120577842703308     
  0.66994266790166768       0.25951245114918831     
  0.67274147517726957       0.25219609859261749     
  0.66867720243404472       0.23348011718952671     
  0.70308564573886900       0.24428656015496750     
  0.70946127372093004       0.24708860247027997     
           7
  0.82805664300025095       0.52702485099363039     
  0.82915334416141739       0.53408113721179373     
  0.79203460383348157       0.54237799566434752     
  0.79162118694165662       0.52589102309531288     
  0.78814574550831018       0.52024240900022811     
  0.81230376611133592       0.51887144182463185     
  0.83166924900110850       0.51248765529249929     
           7
  0.98544457647057038       0.27230125057228799     
  0.97576156212439480       0.27090649186874460     
  0.96880056809260584       0.26855635005649009     
  0.94971222352702145       0.23706119976771994     
  0.95972470754204131       0.23040410006930090     
  0.97319720026578826       0.23834596901617680     
  0.98490313714715760       0.25076652811468408     
           6
  -3.4211231560320708E-003  -6.3041216366716127E-002
  -9.9716925161382995E-003  -5.4473270003877215E-002
  -3.0090615788000992E-002  -5.5017236108551262E-002
  -3.5628189577378455E-002  -5.9870716348034425E-002
  -2.2862670108591332E-002  -8.2868066036686394E-002
  -8.8238609051037933E-003  -8.2494703607111530E-002
          10
  0.60447218003923286      -0.83462192143837388     
  0.60265543051822590      -0.82404255679420468     
  0.59255785138507711      -0.81649560228372042     
  0.57881717144528666      -0.81500269797232450     
  0.57163962946469038      -0.83444409283986598     
  0.56449476760351847      -0.84128703499472379     
  0.57547571349733107      -0.84958020952456570     
  0.58403022358721268      -0.85310004239423298     
  0.58832512795998426      -0.84891654297302144     
  0.60165029324263419      -0.85743220197361669     
           3
 -0.42302578377191280       0.33869022623196976     
 -0.44831335340095152       0.31758715716547437     
 -0.41156414838713828       0.31477924998706097     
           6
  0.65360629993889519       0.52916771900235871     
  0.65390259302017539       0.54489462740051375     
  0.63139158285482588       0.54504846680011876     
  0.61654481177955056       0.51583186513967505     
  0.63452124938943810       0.50831373822665560     
  0.65070991614037599       0.50648439424190339     
           9
 -0.82209503034417386       0.56418947461539903     
 -0.83265637798462144       0.55869568650457202     
 -0.84342211801795453       0.56152363556450213     
 -0.85060087715766841       0.56634680694467854     
 -0.85957916432989134       0.55814138338761321     
 -0.85146628843167782       0.55582137440089097     
 -0.82319103971947072       0.52403867397222670     
 -0.82798202263778609       0.54515729313307437     
 -0.82188873302552712       0.54316246517596412     
           7
  0.20334737434352229       0.76945457107224047     
  0.18203114039207194       0.77032180507571302     
  0.17010164592739715       0.75716314452390843     
  0.17512391390146831       0.73249417767477865     
  0.19218275129408041       0.73173823949983541     
  0.20473646504274515       0.72663091472564612     
  0.20433802491203604       0.73825156854320861     
          10
 -0.70401426642734044      -0.79909440463794845     
 -0.69914676421161015      -0.78635125920143456     
 -0.70524558538275117      -0.78788262230065642     
 -0.71714237107279366      -0.78796122205780694     
 -0.73187072183513402      -0.79462744387931883     
 -0.73340915775192195      -0.80217408457778971     
 -0.73420543019389406      -0.81343851504972697     
 -0.72814917777126087      -0.81181835552078419     
 -0.73552311802891746      -0.82274498715453259     
 -0.70179105964816757      -0.82071464054639898     
           6
  0.95404403317531072       0.48529209167811416     
  0.94823056404386996       0.49448698929498708     
  0.93376606614745294       0.49498129082195574     
  0.92779471787764489       0.48926172262072271     
  0.92564945230646212       0.47919905508967642     
  0.94698314427682684       0.45869922821629106     
           7
  0.96436084764271512      -0.72934724662325623     
  0.94451071494979078      -0.72918526581255938     
  0.93891926853624841      -0.74504874963880974     
  0.93229917231177073      -0.74226346478921446     
  0.93814406968823338      -0.75990016277449168     
  0.95126980044961840      -0.76620985535186714     
  0.96544391221519299      -0.77259566834449522     
          10
  0.74481725151467715       0.90007636890716358     
  0.72807023847189223       0.90926508872357248     
  0.71437724227689947       0.90719422017345719     
  0.71588555363568251       0.90037236939711141     
  0.72021151775499714       0.88992071451789190     
  0.71051484399592657       0.88255900097520223     
  0.72419410103907678       0.87732274219644357     
  0.73369042599665013       0.87152411429698051     
  0.73579018699329846       0.87705450976931232     
  0.74341627315240799       0.87726815104710143     
           9
  0.32274925013234756      -0.53114162494107764     
  0.30441674296950311      -0.51542229653268135     
  0.29840301752041604      -0.51783336427363624     
  0.28786006964729799      -0.52713177964182389     
  0.28537715451156836      -0.53245801723166120     
  0.28312740772017464      -0.55440353088105099     
  0.29411165327369104      -0.55196068430610046     
  0.32320830450389437      -0.55261000236613067     
  0.32483473292187676      -0.54197825883381701     
           4
  0.58933535469635534        2.3199309785225244E-002
  0.55611776309142558        3.6589673621378285E-002
  0.55627082203228606        1.5212439479256663E-002
  0.57446292161193135        9.8949157382723120E-003
           7
   6.6919232054706394E-003 -0.68704103778746828     
  -1.2940024901435702E-002 -0.68700220185878613     
  -2.4487891470883934E-002 -0.68129524122022700     
  -1.7450508839416928E-002 -0.69200133121049390     
  -1.6805452471061421E-002 -0.71782931590585697     
  -1.2628449791113295E-003 -0.71068625805246788     
   9.1659109943872333E-003 -0.69759263947094730     
           3
  0.77859922643396640       -8.7190119154694420E-002
  0.78962491037549754      -0.10383403781853372     
  0.81810967182890659      -0.10260214080261017     
           6
 -0.18056167656976901       0.22186015681227347     
 -0.19459987035268331       0.23183016795711239     
 -0.21862359217972949       0.20957132660072225     
 -0.20737700869616610       0.19371316924869628     
 -0.19381704388812113       0.19599349425002266     
 -0.17659314495839495       0.19670251901795999     
           6
 -0.27619306723982906      -0.23083387674304534     
 -0.27793786963510819      -0.21851587750805818     
 -0.29894593802366126      -0.22598773425685273     
 -0.31142787918097237      -0.22207517411785938     
 -0.28328866877830938      -0.25946440663596254     
 -0.27572318211593344      -0.24915523759222719     
           9
 -0.56565404462309354        8.0893944180459199E-002
 -0.57436513720317739        9.1292076941187461E-002
 -0.58226301461631991        8.4661501969435005E-002
 -0.60337701958061862        8.5567998168634668E-002
 -0.60531759131695606        7.2249928486107104E-002
 -0.60465592679817537        5.7226970759911115E-002
 -0.58654869536492005        5.6614015846542021E-002
 -0.56155269864215773        5.1879438726929558E-002
 -0.57120846217701238        6.1275470518745843E-002
           6
 -0.56309867570657424       0.51351087222405767     
 -0.57218801211843207       0.51719797870461182     
 -0.58946989252927984       0.48114275101755011     
 -0.57679847686790742       0.48651165346329733     
 -0.56591583991246841       0.48063045458219089     
 -0.56395682857056539       0.49081345824341127     
           8
   8.6581547143725294E-003 -0.43450021776092423     
   1.3578277911628729E-003 -0.41568424486311129     
  -2.4942513581441603E-002 -0.41960402419863679     
  -2.2666369366642097E-002 -0.44593197028271186     
  -1.6512137977853253E-002 -0.45226962946850979     
  -6.8582175601424634E-003 -0.44792157155902579     
   1.1080884958410349E-002 -0.45683154500676881     
   6.7360189183998248E-003 -0.45101495449849938     
           6
  0.85175900045272057      -0.21302623347937066     
  0.84827634544559360      -0.20574930349189713     
  0.81775639661143840      -0.20053546241544898     
  0.81660002416569966      -0.22661711861054457     
  0.81140815788533727      -0.23494123472584633     
  0.84112260128209637      -0.22771302221563655     
           3
  -6.3157037988681511E-002  0.95580463074561706     
  -7.4089635361859196E-002  0.92698556037097657     
  -5.1057309825961683E-002  0.92319268439369873     
           8
 -0.52927302689998623      -0.27572903206374055     
 -0.53841582237221763      -0.27610116252761863     
 -0.53947172730525017      -0.26831563556295229     
 -0.55701225374745567      -0.26874147759039996     
 -0.56145776341724685      -0.29975206991429421     
 -0.54011761811076564      -0.30123339575150582     
 -0.52508939222036166      -0.30807952431968566     
 -0.53024531097952998      -0.29361132571560195     
           8
  0.32385673863965664      -0.20293172101629592     
  0.32680021781408297      -0.19370088506205652     
  0.30141251443470707      -0.19834023361568756     
  0.29644136366580015      -0.20897159032351734     
  0.30171129216826165      -0.23029649351665801     
  0.32234329926895516      -0.23757500701675230     
  0.32221875646677195      -0.22886198504152525     
  0.33127909778564285      -0.22793466444038862     
           8
  0.47593203496895470       0.91937488464971184     
  0.46842865794943733       0.92435121376457641     
  0.44774400744137494       0.89655781083095676     
  0.45073692113966690       0.88692885817917433     
  0.45797171897488037       0.88479949177109207     
  0.46771093682565201       0.89165800192980726     
  0.47960224847547855       0.88917712685330197     
  0.47670504523380364       0.89744278051314685     
           9
 -0.62149285603663496       -4.0504158160285242E-002
 -0.63686488846704392       -4.2959167100934371E-002
 -0.65174448043878308       -4.2418901641452039E-002
 -0.65621181650566840       -3.7773514086021046E-002
 -0.65370603030725061       -5.0545561735995823E-002
 -0.65955469836339975       -5.1561317702901621E-002
 -0.66349328803124530       -5.9825749476352524E-002
 -0.65774910698465883       -7.0790141260630185E-002
 -0.62209299905237248       -6.4801927693224626E-002
           7
 -0.46766715885661075       0.67884938081290513     
 -0.49355780103826175       0.67365453503647910     
 -0.50559606684095515       0.66595173744845071     
 -0.50723694795878094       0.63602026533679901     
 -0.49165432738386733       0.64484281549323275     
 -0.48749849010949259       0.63723628811715405     
 -0.47397543135601150       0.64533558759012100     
           4
 -0.60828201966823459      -0.23040970500701144     
 -0.64550801612758757      -0.23591226577650790     
 -0.62629936027606103      -0.23952787139038484     
 -0.60313364664169045      -0.23753495321126222     
           3
  0.64871302179673718      -0.23192422776347454     
  0.61644161220900351      -0.23685669631306758     
  0.65028230731493419      -0.24254465063517650     
           6
  0.30451869988752167      -0.77899330579209414     
  0.28347368704309389      -0.78129159890002842     
  0.28587847864790705      -0.79206811883104600     
  0.29143568262926034      -0.81506087835520591     
  0.31526099556658027      -0.81807964084212415     
  0.31579664239378746      -0.80445668303612194     
           9
 -0.79847726673060415      -0.51255088174837582     
 -0.81714334646329778      -0.51301579259054619     
 -0.81932757641179887      -0.50713235664566003     
 -0.83840328834140210      -0.50519623215179965     
 -0.84177316011478109      -0.52538995268051736     
 -0.82968063001121251      -0.54481560057410117     
 -0.81913813660219736      -0.54315536338385173     
 -0.80818775119623742      -0.52842234280137179     
 -0.80025013094623254      -0.52465430174730987     
          10
 -0.53372892709138753      -0.51945108868430112     
 -0.53203040431488591      -0.50460616903534705     
 -0.54555618808285911      -0.51378342753905459     
 -0.55613802971570059      -0.50594886951418627     
 -0.56798225021709614      -0.51699153443622248     
 -0.56420225800454515      -0.53571432107637884     
 -0.56387276157556832      -0.54331642193086160     
 -0.53733859972356945      -0.54505548472545007     
 -0.53055597220018980      -0.54418016072782527     
 -0.52682782940000916      -0.53990883032416470     
           4
 -0.22551508380283888      -0.31468093952677306     
 -0.24900365660361798      -0.33168336347790500     
 -0.24048502185546008      -0.35678239070931989     
 -0.21350308285156389      -0.34591926388969785     
           8
  -9.7323788000024739E-003   5.2948498176587207E-002
  -1.1831130117066664E-002   6.4387787476246419E-002
  -3.2343883571390800E-002   6.3501156312613674E-002
  -4.7454649809854497E-002   6.9453800707531682E-002
  -3.7481008533293704E-002   3.6065829254665761E-002
  -2.7420305841550502E-002   3.4835557567974740E-002
  -1.2742985860600010E-002   3.3533267783935936E-002
  -1.8641422098858655E-002   4.5769506317432831E-002
           3
  0.55059474463926306       0.98079862335743684     
  0.52055581528911266       0.97594085579069678     
  0.53725883681898923       0.94292853112477382     
           9
  0.89772240894840849       0.77996638696897669     
  0.89949268761460910       0.79333583727216772     
  0.87013243985347954       0.79113285428093771     
  0.86471850656043137       0.76240129757813191     
  0.87361081099030058       0.75657827560000213     
  0.88660365747257930       0.75295048096441897     
  0.88868225666054579       0.76058523422024316     
  0.89809124189755840       0.76267278759845514     
  0.90260715041636663       0.76940012783419665     
           3
  0.19764727745534511      -0.35278910913735884     
  0.18369643270176916      -0.35054882664472925     
  0.18073955563487137      -0.36135124367838672     
          10
 -0.39219910434914468      -0.66427035650156541     
 -0.39789833218405202      -0.65804044816602381     
 -0.39314569409913047      -0.65280028911356736     
 -0.40375515358402125      -0.66192537510493854     
 -0.40967776234370940      -0.65346446839758088     
 -0.41931013350350416      -0.65340502481362273     
 -0.42172205813097524      -0.67307049761889115     
 -0.42545616475468467      -0.68813309099564435     
 -0.42594885378062447      -0.69530603550217140     
 -0.39155313168053124      -0.67469808276182408     
           7
 -0.34406716840490270      -0.48546074933840655     
 -0.34642155893485321      -0.47729919540549032     
 -0.35685761490590667      -0.47891979427958170     
 -0.35640072189924332      -0.49199287176254503     
 -0.34514913816517240      -0.51325453790948483     
 -0.33279232926183550      -0.51836099232337907     
 -0.32786944354693998      -0.51393592670761767     
           3
 -0.80023823884222056       0.94668865885357600     
 -0.81433074009624717       0.93834019376657007     
 -0.77652356764082076       0.91768998179977701     
           4
 -0.62397063092460725       0.32287111911091032     
 -0.64692054472768123       0.32539584298655894     
 -0.65933069409298317       0.32843634390574644     
 -0.62455021112130649       0.28640177285427609     
           6
  0.38046798742301474       0.61074198408404612     
  0.35770208889036526       0.62023754988685587     
  0.35514276326787647       0.62759968792646503     
  0.34008628030186827       0.60674274219055224     
  0.34098517816447904       0.59869959536751716     
  0.36624989782656059       0.59353414608606603     
           4
 -0.78239504208085486       0.25644366849280958     
 -0.79183856082116355       0.25532919920756642     
 -0.81557138882454938       0.24749466250750410     
 -0.79188734837457198       0.24034126074875323     
           6
 -0.86778886274589673       0.92301124000261581     
 -0.88002089319128407       0.92336533890609307     
 -0.90761729733797447       0.91582061033883544     
 -0.90434798120872650       0.90066592285103309     
 -0.90602227234160704       0.89059000170315605     
 -0.87514006784485343       0.89170218479843066     
           6
 -0.37280203070420248      -0.36618545696604060     
 -0.38108308549713266      -0.37300248061015251     
 -0.38229467981916609      -0.38804966140006719     
 -0.38788596825421401      -0.40125800066975614     
 -0.37779563012137857      -0.39634036883311458     
 -0.35832837886408364      -0.39171486484750573     
           8
 -0.88226813603996601       0.15054821809511615     
 -0.89048748050952509       0.15230532998476035     
 -0.90568045006415354       0.16302898526354676     
 -0.91613802109846343       0.15757559454034145     
 -0.91815644264184015       0.13275524453857299     
 -0.90390767641647563       0.12888887018088074     
 -0.89004948713280685       0.13463568877693471     
 -0.88876378644431275       0.14299050361647803     
          10
  0.83902360377394658      -0.34849540798667988     
  0.82620356266968686      -0.34741599493320491     
  0.81461828285265692      -0.34441445287270916     
  0.80450851544750224      -0.36283034781557688     
  0.80424693079956733      -0.37659029096908991     
  0.81855404919115771      -0.38360171739655036     
  0.82303792270757326      -0.37863034792343186     
  0.82709280241520389      -0.38361903713742579     
  0.84163977485266206      -0.38432587305147192     
  0.84036330980436780      -0.37162136166603332     
           5
   5.9180427430215093E-002  -3.0998191985136397E-003
   2.4772596318088213E-002  -3.6171394999370068E-003
   2.3084706477204703E-002  -1.8639748365634791E-002
   2.4879230635655298E-002  -4.4989905193112092E-002
   6.0956254023752404E-002  -3.0650432760039190E-002
           6
  0.30858860878544558      -0.15728866500933350     
  0.30941704151304572      -0.14216262843964628     
  0.26695196275816435      -0.14456440054355948     
  0.27083263012955505      -0.17065145499667461     
  0.29178469676616886      -0.16525249280034071     
  0.30863857005700945      -0.16729540505041146     
           9
 -0.43151669980803919       0.83586895857709320     
 -0.43093617709239962       0.84345786112596066     
 -0.43488185082331432       0.85029565996252066     
 -0.45422380899511478       0.84956714561304714     
 -0.46587567145801234       0.85154814701576520     
 -0.46302762099869882       0.82215615188722391     
 -0.46037773879616872       0.81625223032159622     
 -0.42948468597076134       0.82080683494999718     
 -0.43725133102756247       0.82845185566258661     
           6
  0.89446601920830671        3.8188447507850623E-002
  0.87545678794451731        3.9431133896836328E-002
  0.85598668159974378        3.1541534194448995E-002
  0.86293342551734642        1.7996804565017666E-002
  0.87053751686753933        6.3145686852950668E-003
  0.87935075828800269        1.3320333751611867E-002
           6
  -8.2933499435983382E-002 -0.72522886781449647     
  -8.5705546995552481E-002 -0.71537556327203500     
  -9.8469752531419735E-002 -0.71501630253682968     
 -0.11265065764298164      -0.73336353647741970     
 -0.11655535450966151      -0.75336933304871267     
  -8.2221860421760162E-002 -0.75003631185208197     
           4
  0.48619235588475535       0.83861100639674568     
  0.48408019526311652       0.84828691139829504     
  0.47446955926606510       0.81115699937101449     
  0.50015227744621138       0.81003919579408279     
           9
  0.42886559948671804      -0.96553424801369492     
  0.42155892212374574      -0.96400739713096817     
  0.42658836204241080      -0.95758021026619355     
  0.41328133350726626      -0.95728975270558114     
  0.39719090788848277      -0.95901200349376203     
  0.40252294855362858      -0.96500905781760626     
  0.38987460239642524      -0.98514103953434484     
  0.43292768637485246      -0.98355593311341938     
  0.42887034188200301      -0.97527152953459650     
           3
  0.68408723475151922       0.81824229378027269     
  0.67068318143116268       0.79780612963703312     
  0.67849502047836074       0.78947339338540479     
