   1.0000000000000000
   50.000000000000000     
          38
          12
   7.0000000000000000     
   2.0000000000000000     
   5.0000000000000000     
   7.0000000000000000     
   7.0000000000000000     
   5.0000000000000000     
   3.0000000000000000     
   10.000000000000000     
   1.0000000000000000     
   9.0000000000000000     
   4.0000000000000000     
   7.0000000000000000     
   7.0000000000000000     
   2.0000000000000000     
   7.0000000000000000     
   8.0000000000000000     
   10.000000000000000     
   4.0000000000000000     
   10.000000000000000     
   3.0000000000000000     
   2.0000000000000000     
   8.0000000000000000     
   2.0000000000000000     
   4.0000000000000000     
   6.0000000000000000     
   1.0000000000000000     
   6.0000000000000000     
   4.0000000000000000     
   5.0000000000000000     
   5.0000000000000000     
   8.0000000000000000     
   4.0000000000000000     
   8.0000000000000000     
   2.0000000000000000     
   5.0000000000000000     
   6.0000000000000000     
   2.0000000000000000     
   5.0000000000000000     
           1
   0.0000000000000000        0.0000000000000000     
           3
  0.16186974594385842      -0.85605052562906159     
  0.14536236254272536      -0.86019432995671585     
  0.15194127046622355      -0.88054145612503432     
           8
  0.65631025039555124      -0.11240978886356245     
  0.63012696761893117      -0.11063412566584996     
  0.62698005929136791      -0.12108748193343714     
  0.61882203849924167      -0.11678016323657317     
  0.62139889876692700      -0.13394927424159916     
  0.62888425526232161      -0.14850054402433385     
  0.63781464292261925      -0.15271725375852385     
  0.67048576666938531      -0.13193816515907220     
          10
 -0.48123815777662499       0.88323282166289774     
 -0.49348532758887775       0.88787939110619174     
 -0.51489760444668820       0.88547436961090609     
 -0.52714530360949685       0.88122414425913742     
 -0.52919535582100563       0.87362276445295184     
 -0.52169303977535597       0.86313491242272566     
 -0.50406046444660157       0.84061434012289715     
 -0.49029792060737082       0.84845669140260938     
 -0.47876290889823042       0.84413555115835637     
 -0.48079440194160189       0.86748236685085478     
           3
  0.70903378498561964       0.84014738597983640     
  0.68293027810373963       0.83403294382580195     
  0.72256725430161484       0.81920433527831560     
           4
 -0.46394337686127862       0.42464029753596932     
 -0.49541058913168368       0.40774786840276867     
 -0.47766129769684573       0.38004468735152203     
 -0.45609850906645089       0.38331938020724277     
          10
 -0.39446723741927936      -0.65519360100912938     
 -0.40598958786595102      -0.66285521716134621     
 -0.42007920338513371      -0.66066672304506224     
 -0.44018742448090220      -0.66191453594509853     
 -0.42989694934538475      -0.67856656121280612     
 -0.43693184581458988      -0.67947870266483312     
 -0.43223551943395855      -0.70250511462599696     
 -0.39507538325395886      -0.70497873392425781     
 -0.38724132513295761      -0.70319724454710508     
 -0.38422408372181849      -0.68044495421608131     
           4
  0.22310877870878473       0.98208688955903656     
  0.18674082844506165       0.98057896726177518     
  0.18710283171411521       0.93949670444790545     
  0.21710942554048310       0.96505491651206543     
           5
 -0.40527923826884010      -0.40486026894118277     
 -0.43816019567060377      -0.41201923043248811     
 -0.44470806435007210      -0.43194701662513851     
 -0.44000774210413574      -0.44401006908196983     
 -0.41179148643676450      -0.44426075306139018     
           8
 -0.65015085689137841       0.62815810912452785     
 -0.65603515553707858       0.63421244242256558     
 -0.65095244509303163       0.64270088642761702     
 -0.69369389872640019       0.62967520892485940     
 -0.70023129650174387       0.61714646232475456     
 -0.68627188360834235       0.61825323510869978     
 -0.67157072840800414       0.61049995427583814     
 -0.65167314458360448       0.61186151393124144     
          11
 -0.89912780402878434        4.0571185855750133E-002
 -0.89372343005193866        6.0524352613751928E-002
 -0.92037235031831743        4.7456391544231265E-002
 -0.93857072087281490        5.7636731199982777E-002
 -0.94034394386102371        3.8506767202560528E-002
 -0.93518232839012461        2.4468429263859219E-002
 -0.94428046443904301        1.9095405301086586E-002
 -0.94349879124320368        7.0120173463714165E-003
 -0.92795778408338758        9.6683015243029004E-003
 -0.91736158695530712        1.7527275651832923E-002
 -0.89729017808365719        1.8218673237943704E-002
           8
  0.25617100890498967      -0.37908608362154805     
  0.24034620709650878      -0.37489139035914171     
  0.22420364393943323      -0.37277255860855563     
  0.20149361242033414      -0.38282248569342187     
  0.20737660395299734      -0.41084546780297643     
  0.22595362710628630      -0.40706338007497334     
  0.24188576772582365      -0.40545943357638231     
  0.24971003402601025      -0.39966363059949322     
          12
 -0.51537267645246532      -0.25447252304720702     
 -0.52619313352322361      -0.26639339240001231     
 -0.54893854849881263      -0.25298643726504461     
 -0.56818866470996143      -0.27421866435896697     
 -0.56689904750834730      -0.29094974616569835     
 -0.56449204308770273      -0.29693349585693257     
 -0.55558797874388022      -0.29400499617141784     
 -0.54661083442742564      -0.29911466735594466     
 -0.53580774776920337      -0.29816257811054819     
 -0.52302870308777738      -0.29861686100602075     
 -0.51434189202064917      -0.29437951871588597     
 -0.52609405639088802      -0.28705848954801466     
           9
   3.9372606904572185E-002  -5.0897083266736115E-002
   2.4596969602901024E-002  -5.8671208641743175E-002
   3.1906746911682299E-002  -4.5838987950643062E-002
   1.8592465962809460E-002  -4.9876863707992498E-002
   9.5945266662221182E-003  -5.7097531553576400E-002
   1.5962764010963963E-003  -6.4894102056823583E-002
  -6.4826045595634992E-003  -7.9167204154070858E-002
  -5.3174010106956868E-004  -9.0352895366644551E-002
   1.2744998826974167E-002  -9.9137128236755717E-002
           6
  0.65956521591508310       -3.6899627724627931E-002
  0.62514803515546946       -1.3596173167064376E-002
  0.62016156874932438       -3.4170383789421402E-002
  0.63449719042084285       -6.0174477700069430E-002
  0.65434859726052341       -4.8177418737775507E-002
  0.66395434684074073       -5.3006373142657340E-002
          12
   5.7728843678796923E-002 -0.48666878360808064     
   6.2644318049472777E-002 -0.47915959089860100     
   5.0306624372574091E-002 -0.47867860028012471     
   4.2623436602963471E-002 -0.47356378430224344     
   3.5708650138653597E-002 -0.47881242585239270     
   2.8406589745141042E-002 -0.47433674897621109     
   1.8914058956633634E-002 -0.47727461732134413     
   2.0314504982832150E-002 -0.48574555068005509     
   1.5093648854697876E-002 -0.51204741138305176     
   2.1279491211188144E-002 -0.50761997836358819     
   3.1610696089420812E-002 -0.51406900194153715     
   6.2726468472274310E-002 -0.50333615179902269     
           6
  -2.1920679826385410E-002  -7.0148154906492892E-003
  -4.0761498518877608E-002  -4.9917851216792902E-003
  -6.5742158117449767E-002  -2.0981892204639741E-002
  -6.0593520436001698E-002  -2.8357342738965570E-002
  -3.8469714185171339E-002  -3.6844480965543221E-002
  -2.4775039111074440E-002  -4.5769491749334437E-002
           3
 -0.88992814175216428      -0.33906272029054824     
 -0.87977994324476627      -0.38676178992663757     
 -0.86119617125786463      -0.38194235302441920     
           9
  0.80940042487398922      -0.41012621844569147     
  0.81703779324330661      -0.39859561367348023     
  0.80052758789526757      -0.39397273097319635     
  0.78116511397350019      -0.39296594541516455     
  0.76542703757503772      -0.39225115157596019     
  0.77494791605534097      -0.41862996531091434     
  0.77154639573643069      -0.43751576069247794     
  0.78022299218789859      -0.43637001777427264     
  0.81531706419832062      -0.43458225275773854     
           3
  0.20538502863415262      -0.48024993927194592     
  0.17192514215180779      -0.49570923696433256     
  0.18092460669709054      -0.51904886297251795     
           6
 -0.57284975511112368       0.40421102689550847     
 -0.60826798144640903       0.40529094557318784     
 -0.61831245723324613       0.39801302201065630     
 -0.61057582821607348       0.39196287497560250     
 -0.59825675920557908       0.35943285948615283     
 -0.57936881342406277       0.36274273286625808     
           5
  -2.9780618617292851E-002  0.12218584498927232     
  -5.6740326276164446E-002  0.11186300525765810     
  -4.4327864325720633E-002   7.5523968540514810E-002
  -6.5521170001820311E-003   7.9719515740174371E-002
  -9.4469986731047610E-003   9.0441993239048502E-002
           8
  0.46443135747706948       0.64413313218532309     
  0.46191414404484510       0.65227393059675354     
  0.44200960316881049       0.64637550146537459     
  0.43499523097275800       0.65324392682758381     
  0.43399831492805158       0.64423026920299287     
  0.43243246638743749       0.62634342795343878     
  0.41931801601924823       0.60914920112375925     
  0.42629893116149420       0.60191955920440088     
           7
 -0.25192698812302794       0.44234121904343693     
 -0.27139599237225009       0.45113754873429979     
 -0.27551914501522090       0.44192939710695744     
 -0.29616504086085810       0.45140100016554852     
 -0.30328708121722303       0.44693541282243998     
 -0.26389554871872734       0.40918040222727703     
 -0.25956397553998017       0.43721328067225995     
           9
  0.54156648080968028       0.39155654426029624     
  0.53818042891527818       0.40786796488032223     
  0.50074951879142948       0.41125095274852647     
  0.50091802612780723       0.37740117272031665     
  0.50622728790715832       0.37226779914437230     
  0.52315847545009742       0.36250393282260063     
  0.53094228132764998       0.36262319671444637     
  0.54571447799463046       0.36876572352049275     
  0.54799875297689282       0.37928880398853804     
           7
  0.93518546494736177       0.76766022177202220     
  0.91543510832624320       0.76815972586947312     
  0.88759051201581540       0.77722771884661401     
  0.89103590578491021       0.74676251000188565     
  0.88287341656127738       0.73216404904492682     
  0.89595647232528297       0.72746550145399114     
  0.91644891593698674       0.72389904181875675     
          11
  0.82638033485578333       0.14230817132306026     
  0.82545833187164208       0.15606505172105373     
  0.81879127720218192       0.15600368411030904     
  0.80377175774471132       0.15154801963688483     
  0.79864636909572162       0.15630391796043225     
  0.78769850672208930       0.13849777293084722     
  0.78678507527083541       0.12773096053694671     
  0.79131076354106533       0.10274240958784919     
  0.81972103747866987       0.10403817015008349     
  0.83195915994701330       0.11591833765516062     
  0.82131391759628347       0.12668353661452494     
           5
  0.86502041596490609       0.70774378759374867     
  0.84144215438742720       0.71608992534861182     
  0.84109933564711148       0.68624052191995122     
  0.83504988959790438       0.67022472965105395     
  0.84410065475142526       0.66616719614456754     
           7
  0.32580842980814173       0.28674476491667933     
  0.31076294493263662       0.29544950895397137     
  0.30122699577998546       0.29331612724618472     
  0.29622546655186410       0.30055681105336107     
  0.27900421484416876       0.26799504654161865     
  0.32195562711045056       0.26950110076445755     
  0.31630541539790769       0.27619411224271129     
           3
  0.62746496714605793      -0.90847882640609723     
  0.59508969928035715      -0.90198120552153360     
  0.59014600449857668      -0.93422965824912818     
          11
  0.48829031761869646       0.54707297908563557     
  0.49574673764442617       0.55194280173995525     
  0.46792183686959060       0.55486276935378376     
  0.46122433071342128       0.54875960271462576     
  0.44856620786998408       0.55852186431577366     
  0.45077924185532631       0.55179563176588320     
  0.45625110775330174       0.52598739473482958     
  0.45081068604769042       0.51832668605940013     
  0.45902850086974489       0.50746495217969878     
  0.48003295733481627       0.51144077150853273     
  0.48925795010264234       0.51347902042468341     
           3
 -0.18635900376431214      -0.66709846991086386     
 -0.22384771774422046      -0.67990736332746871     
 -0.18669761193165996      -0.68237592214536591     
          11
 -0.32238778365797793      -0.14777413025743991     
 -0.32862000684716935      -0.14499213700642291     
 -0.33312974143525548      -0.13284579365097404     
 -0.35552816197937870      -0.13179889128107253     
 -0.35493356164685541      -0.14108756707440662     
 -0.37491479848134590      -0.14352655040239193     
 -0.37252198033635431      -0.16315844028456350     
 -0.36808908615356128      -0.17427305582904271     
 -0.35655041781984004      -0.17333245541928655     
 -0.33428597849468539      -0.17839575791302029     
 -0.32862735332957088      -0.15607416937429253     
           3
  0.17341987904340370      -0.56164160026209498     
  0.17198289197108904      -0.60536454220675440     
  0.20456596218197176      -0.60342736559487775     
           6
 -0.42834012680757905        8.5472012508909359E-002
 -0.44477006658086637        9.0434841812560618E-002
 -0.44659673476799089        7.2173798470706541E-002
 -0.41759008301672873        3.7859859988912614E-002
 -0.41328639825687180        4.6733271562498548E-002
 -0.40695285866918585        6.0921527497845476E-002
          10
 -0.50439009697341730        4.8100616198584495E-002
 -0.53229890592158824        4.5654631490532629E-002
 -0.54535539822625190        4.7244050824168535E-002
 -0.54011968697080559        4.2240292875554024E-002
 -0.54238042253536456        3.3978165008674087E-002
 -0.53767686994002439        2.0012446304296341E-002
 -0.52196271943305839        1.0541234822239964E-002
 -0.49677887607225141        1.3536764486852504E-002
 -0.49117141533759584        1.8865000457318735E-002
 -0.49271904845167647        2.6149089570854125E-002
           6
  0.28815711194923260      -0.57047815816501835     
  0.28523217227639242      -0.55918414718512266     
  0.25058944345896317      -0.56159193897186943     
  0.23921147565959625      -0.55900579498558634     
  0.23739131888467971      -0.58021983070128014     
  0.25843401338452499      -0.60791914505200229     
           8
 -0.53237824332566863       0.52308257753621989     
 -0.55065628567897895       0.54290256279260651     
 -0.56193437694267179       0.53825918154222097     
 -0.57177768057265710       0.54037277756598168     
 -0.57228353030863610       0.52402371519923951     
 -0.54571717289741406       0.49814133789819970     
 -0.53353984247673847       0.49980223643519750     
 -0.53507045281890486       0.51221230972691101     
          10
  0.11098897752778669      -0.74073765896970545     
   8.0964099714973467E-002 -0.73642393915835425     
   7.7165323640885602E-002 -0.74476451924265330     
   6.8207605382934688E-002 -0.75033197485005887     
   6.1501473735657231E-002 -0.78901347318964266     
   7.1268442812126576E-002 -0.78159349058512406     
   8.2696550934811180E-002 -0.78439845072624470     
   9.8711931085368076E-002 -0.78866642330838554     
   9.8073918956845266E-002 -0.77846287007768722     
  0.10874954640630860      -0.78430205271638820     
