   1.0000000000000000
   50.000000000000000     
          56
          12
   8.0000000000000000     
   9.0000000000000000     
   8.0000000000000000     
   3.0000000000000000     
   9.0000000000000000     
   6.0000000000000000     
   6.0000000000000000     
   10.000000000000000     
   8.0000000000000000     
   7.0000000000000000     
   6.0000000000000000     
   2.0000000000000000     
   3.0000000000000000     
   2.0000000000000000     
   4.0000000000000000     
   4.0000000000000000     
   5.0000000000000000     
   7.0000000000000000     
   8.0000000000000000     
   6.0000000000000000     
   2.0000000000000000     
   2.0000000000000000     
   6.0000000000000000     
   6.0000000000000000     
   9.0000000000000000     
   7.0000000000000000     
   5.0000000000000000     
   4.0000000000000000     
   1.0000000000000000     
   3.0000000000000000     
   7.0000000000000000     
   1.0000000000000000     
   9.0000000000000000     
   1.0000000000000000     
   8.0000000000000000     
   3.0000000000000000     
   5.0000000000000000     
   9.0000000000000000     
   8.0000000000000000     
   7.0000000000000000     
   7.0000000000000000     
   5.0000000000000000     
   10.000000000000000     
   10.000000000000000     
   5.0000000000000000     
   2.0000000000000000     
   5.0000000000000000     
   1.0000000000000000     
   8.0000000000000000     
   3.0000000000000000     
   3.0000000000000000     
   3.0000000000000000     
   4.0000000000000000     
   5.0000000000000000     
   3.0000000000000000     
   3.0000000000000000     
           1
   0.0000000000000000        0.0000000000000000     
           6
  0.36029388329805900        7.1023934163321173E-002
  0.32685251078805599        8.7258110355264887E-002
  0.32269863792378384        7.9952326368179755E-002
  0.32894434234554754        6.3507344572537441E-002
  0.34848470555165079        4.3711717586160478E-002
  0.34947676939254163        5.2566913918188234E-002
           3
  -7.1759446447515793E-002 -0.87093876447752749     
  -9.3237110722687061E-002 -0.86878573421502703     
  -7.6683474240864399E-002 -0.90704806387403947     
           6
  -7.6412317627648482E-002 -0.73924640252250451     
  -8.3154403574691449E-002 -0.73310482733519533     
  -7.9277625322415057E-002 -0.75382769340530842     
  -7.8512420733980209E-002 -0.76193354822169079     
  -4.9085874633160539E-002 -0.76306998459970976     
  -4.0473458029817090E-002 -0.76615657194561249     
          12
  -9.0616754352716142E-002  0.20903242325462634     
  -8.0901859180701904E-002  0.21890116453587555     
  -9.7870914993995778E-002  0.21886153079176096     
 -0.10569571752982533       0.22015033870258260     
 -0.10965055484495338       0.22508267367672197     
 -0.11422014145157450       0.22081776760195612     
 -0.12066214166391151       0.22478074779858440     
 -0.11942403405246138       0.20270315154037197     
 -0.12324191633339603       0.19488849932503891     
 -0.11456117771742740       0.18281485473160275     
 -0.10529029282037573       0.18305469966367099     
  -9.9115287167964333E-002  0.18194162974019723     
          12
 -0.59258454253391124       0.46336575415375147     
 -0.59884520963731169       0.45978797036727742     
 -0.59691385214142401       0.47011894252511716     
 -0.60112819621965852       0.46487557409885127     
 -0.60898310484367013       0.46937241224750303     
 -0.60971889043915850       0.46272222720131040     
 -0.62250104026351660       0.46968404441555645     
 -0.63249561770746265       0.43458685746900683     
 -0.60892220824500565       0.42816843243727520     
 -0.60372715980465586       0.43651225716480113     
 -0.59948589901037641       0.43123482278309139     
 -0.59834796035655624       0.43838473832679842     
           5
  0.56182091238156617      -0.65217291612906436     
  0.55395525131529444      -0.64322835529612321     
  0.52853243251894844      -0.65856829183707755     
  0.55538260623033098      -0.67870586086944240     
  0.55455135701316560      -0.66962796262608559     
           8
  0.18391677291016428       0.90643815875905331     
  0.17494895044916053       0.90775813335287370     
  0.16873852810368478       0.91540590713232928     
  0.14938633899613279       0.90376426777811969     
  0.14625102979713034       0.88778617908316304     
  0.15304256864504773       0.87956142001660687     
  0.17453384706294009       0.87476626177939021     
  0.17748461360451948       0.89063323798114646     
           7
  0.78295321516011540       0.98176433718116585     
  0.77318629111060422       0.97697534562099431     
  0.77301185898143276       0.96162786170263315     
  0.78448829358831307       0.95144672474232683     
  0.79744681070380907       0.94606565367913931     
  0.80668768287140702       0.95108260899601094     
  0.80924424102938819       0.96110298813246464     
           9
 -0.87540154207743048        3.7239945307983496E-002
 -0.88134227735500614        4.0999785404810640E-002
 -0.89811555426734724        4.4754789407419684E-002
 -0.91675629720392149        4.7309671785927536E-002
 -0.90979978188596244        3.4384148455524885E-002
 -0.91255171796150591        2.7308459416724155E-002
 -0.90412219912575842        5.4654179638301721E-003
 -0.87692671947945011        2.5090800337399174E-003
 -0.87644071002050850        2.3653187454621041E-002
           6
 -0.60970609274009957       0.20552927959223247     
 -0.61079339035179692       0.21626527013026092     
 -0.64905066005826895       0.20839189611549208     
 -0.65015608062323604       0.19228144067360084     
 -0.64430676246679708       0.17967720857212707     
 -0.62773702816811860       0.18051586212155465     
          10
 -0.16411650635651465      -0.47185575185716244     
 -0.17546708132629149      -0.47573792122571584     
 -0.18245998141408443      -0.47254816030591312     
 -0.18463399361426849      -0.48756831306716258     
 -0.18187177137276431      -0.49277705247556430     
 -0.19074972356609357      -0.50861065201581712     
 -0.17082536909871240      -0.50911483702449511     
 -0.16193760893615039      -0.51360271833976912     
 -0.16245224456097124      -0.50666574138048726     
 -0.14934414714680186      -0.49776499926748868     
           6
  0.59136362215140081        5.0182035037479172E-005
  0.57443106082761930        1.1590369336501694E-002
  0.56642694893968770        8.1422174100313754E-003
  0.57537622922771536       -2.7070028769419677E-002
  0.58811486851724715       -2.4657325806271682E-002
  0.59149758117013995       -1.6759831957240467E-002
           7
  0.25754599389342370       0.85680827208449506     
  0.24111517893452103       0.87623671526918723     
  0.23214411254332398       0.86932696004234511     
  0.23455252729930023       0.84292444337331884     
  0.23058049699678962       0.83664026903360100     
  0.25326769768515056       0.84141456766303080     
  0.24757528416559493       0.85252775042056017     
           7
 -0.40729288043292267       0.37378468043520391     
 -0.40676610907876848       0.38564888663129165     
 -0.42166708805450848       0.37923195355007111     
 -0.44027524232811838       0.37401243512094889     
 -0.42718326040666660       0.34351511581712185     
 -0.40981495391153994       0.34156524317939285     
 -0.40893497165374770       0.36459647481259344     
           4
  0.22108194457212507      -0.74849665390743492     
  0.19972242793402106      -0.75114949977025713     
  0.19632262326171698      -0.76856653424036736     
  0.19119613028470298      -0.78197381012174871     
           7
  0.77001411639475825       0.44529245343061341     
  0.77458382906045198       0.45167603433786579     
  0.74062951942505062       0.45710286234390418     
  0.74241027972131624       0.43606096708093545     
  0.73874612052992994       0.41957400440229786     
  0.75000023851615549       0.42248882403962829     
  0.75967599667888219       0.42265591934970703     
           7
  0.70262294610642195      -0.76800054495999726     
  0.68851551927461430      -0.76899601698726006     
  0.68125776109968272      -0.77333965260049198     
  0.66463905914564658      -0.81023060580704853     
  0.68282305925891984      -0.80495529977154057     
  0.68555486673133936      -0.81214400887391913     
  0.69766819701867888      -0.81124158493248999     
           9
  0.17306367613871385       0.33865157939319412     
  0.15705041148730747       0.33961529016026970     
  0.14961362080306956       0.33518759157596079     
  0.14236951175613177       0.32878982546631730     
  0.14419490235306523       0.31719331452718197     
  0.17652921559482562       0.30359800188007274     
  0.17611388641024933       0.31310214227726890     
  0.17228574460648208       0.31801970956470482     
  0.17164712199433019       0.32420261264125338     
          11
  0.21812433516236299       0.49049781857262220     
  0.22039415641798560       0.49559559327527247     
  0.21118112582356463       0.49560190896845441     
  0.19935159214520570       0.49649558359543389     
  0.17633992014638417       0.50067055268692506     
  0.17701094591117583       0.48359537677668984     
  0.18546089424925960       0.48107394652699276     
  0.18539917565835612       0.46217169783823991     
  0.19418832436537917       0.46679726103207592     
  0.20710303153419571       0.46575849512862894     
  0.21600772594832499       0.46813855027934342     
           8
   6.0220009940173506E-002 -0.29422634633039363     
   4.8034922681373105E-002 -0.29758206123850445     
   1.9732293188808762E-002 -0.29350920443630679     
   2.0356386350384066E-002 -0.31243355866554046     
   2.3019296223763249E-002 -0.32030909139881497     
   2.8257506531788299E-002 -0.32719983565433786     
   5.4131270016107770E-002 -0.32455733810321957     
   5.7858399486524444E-002 -0.31442200932420727     
           3
  0.22574492178497954      -0.42104416330319855     
  0.20436045435310768      -0.42642595558465718     
  0.21711651072545962      -0.45532137622767610     
           8
   2.7783941281760007E-002  0.93338211903398616     
   1.9232343675736757E-002  0.94025148571430528     
   2.6118573171274567E-002  0.94959827332685509     
   2.3822377465182632E-003  0.94888934131009572     
  -1.0659549383652055E-002  0.94348142386785949     
  -2.4532622392996212E-003  0.91935474508067927     
   5.5446126561466517E-003  0.91055977418191192     
   1.4005696312900729E-002  0.91002562507395590     
           3
  0.47313096963720330       -2.7542363703680506E-003
  0.43568548940369245       -2.2728394906262356E-002
  0.46247562317058333       -3.3555202383697434E-002
          11
 -0.84373244600385133       0.56685399112159096     
 -0.84687714026631622       0.57830516056303549     
 -0.86070355898566953       0.57853053092592222     
 -0.88013230444915347       0.57635435567449078     
 -0.87805596660360874       0.56994680282820465     
 -0.88077501244874157       0.56016515704923053     
 -0.87345802299999331       0.54160670307389169     
 -0.86534918516638171       0.54612563641617828     
 -0.85889627541217439       0.54035530668491227     
 -0.84531462407215885       0.54622403123463126     
 -0.85039817421129171       0.56019195755726237     
           4
 -0.24436544416728384       0.48501055794009051     
 -0.28704246806355843       0.49139144069171498     
 -0.27985696988924597       0.48482737427620876     
 -0.24919170420415301       0.47189876887908339     
           4
  0.88714397595235139       0.46483226180698023     
  0.84905199523377906       0.45751061116882141     
  0.84868734056768325       0.43917228985363888     
  0.85570746525485453       0.43063632130924034     
           3
  0.21211790774147696      -0.15572028435289459     
  0.18389071048470523      -0.18000597883530475     
  0.21564121202155828      -0.19203156909809332     
          10
 -0.24041665622269029       0.76496591597379127     
 -0.25338340194761594       0.77092176316469985     
 -0.26627850042075912       0.77748684268731127     
 -0.27092920938174042       0.75223767006941089     
 -0.26735445187524493       0.74746267279076750     
 -0.26036452863968546       0.74053196132090904     
 -0.25449837178911233       0.73318963190765141     
 -0.25307657394944988       0.74318737533555168     
 -0.23461233934445666       0.73668128007736711     
 -0.23868258009755977       0.74625024038163390     
           3
  0.19126307094612477      -0.67999335545305473     
  0.17586156347238033      -0.67382985585973587     
  0.16707291009904882      -0.71642135063686918     
           4
  -5.0480479277114285E-002 -0.93861790785865951     
  -8.1155406178675643E-002 -0.94919235283296743     
  -7.3487879149487095E-002 -0.95522331941847172     
  -5.3882573318409510E-002 -0.94822136202511609     
          11
 -0.65841534835297943      -0.70901565592488891     
 -0.67266581356080424      -0.70692485691795048     
 -0.68013805422046081      -0.70537722817523785     
 -0.68653322240954595      -0.70125551712342482     
 -0.68849224961318911      -0.71372121815051526     
 -0.68644106454046649      -0.72625237938199017     
 -0.68665373432245758      -0.73618602511266351     
 -0.66509317178616278      -0.73379812879878648     
 -0.65990700977752670      -0.73593554707195785     
 -0.65028033056341894      -0.72740025232278671     
 -0.64671323862548868      -0.72213744566513371     
          10
  0.39425293554263019       0.56730096393378260     
  0.39996879781726785       0.57996296833913330     
  0.39051680446717135       0.59103967896064868     
  0.37358048650542625       0.58573305694577804     
  0.36554823343846105       0.57222615837711832     
  0.37194538912730818       0.55521735088722257     
  0.36158605551039680       0.54636682160781802     
  0.39164896645536906       0.54739218032701786     
  0.38987283415238339       0.55363474877068053     
  0.39899484651813311       0.55148822673891962     
           7
 -0.47120404264766153      -0.20345242860967055     
 -0.48601650759010945      -0.20352616215203745     
 -0.50606523789222413      -0.21031140932007777     
 -0.50038417701821458      -0.22706448602049892     
 -0.50455782059252219      -0.24261955900995108     
 -0.49952268284957280      -0.23701653911336876     
 -0.46396157133398241      -0.22458004537844647     
           4
  0.38911819585976654      -0.22318301745228647     
  0.37525740476743918      -0.19887105547529976     
  0.35102579443412868      -0.23757549174052045     
  0.36555449048852062      -0.23883195118609407     
           4
 -0.66652533424320715       0.15401299991843789     
 -0.69935015930923505       0.16337496098649787     
 -0.69645418731395003       0.13783909143093123     
 -0.68397817856496990       0.12386576840903746     
           5
  0.43666664567986174      -0.89922335985354285     
  0.40400264827889631      -0.91800012339634607     
  0.39858638992084050      -0.94093864000437133     
  0.41884993753592481      -0.93441719888635666     
  0.43500944864603164      -0.93083993996519687     
           7
  0.29529078218827493        5.9046059276692653E-002
  0.29437155225305583        7.0744187192985933E-002
  0.27312252637049317        7.3469272211843989E-002
  0.25914072266413646        5.4435442511323005E-002
  0.26024661284657191        3.2147753805765691E-002
  0.27343384004969618        2.8543715695387696E-002
  0.28666311495919561        3.7270404567778130E-002
           8
  0.30277002932203489       0.25115054142388166     
  0.29045562351865822       0.25001527988710281     
  0.25847342025457609       0.25627435536537668     
  0.26202450484588430       0.22395671203482675     
  0.28200900914988297       0.21598872243018216     
  0.28316067910289805       0.22246555885597255     
  0.29476976484408379       0.21978379916339905     
  0.29415067164489855       0.23016051140735322     
          12
 -0.88383958627355808       0.48237531980157639     
 -0.88511724772129419       0.48774565872818881     
 -0.88348886410969818       0.49800510072605220     
 -0.89521388707832783       0.49635208614600629     
 -0.90282697137553847       0.49158195033290947     
 -0.91309481404225645       0.49281665801390845     
 -0.92725759900012128       0.48723726009585328     
 -0.92537487717672928       0.46709556855674267     
 -0.91877305792280173       0.46433293399342934     
 -0.91772967650695769       0.45615351875034554     
 -0.90159774327634890       0.45913940632386768     
 -0.88831550288423922       0.47852786761463667     
           9
  0.26941448292136100       0.59442124802805585     
  0.24531722562761504       0.59182011072162621     
  0.25260170334650933       0.58232907234139097     
  0.24863758510461165       0.57014988591036375     
  0.24603389001476353       0.55484617682407378     
  0.25879470229327783       0.55959226611462254     
  0.26812636686963531       0.56295407251269824     
  0.29077150944010749       0.55522265784881053     
  0.28476512359773865       0.56657757396712061     
           6
  0.35129921968053268       0.15968561719531801     
  0.32899747504349025       0.15253048181874557     
  0.32071467946203591       0.14063699154827072     
  0.31507618367980839       0.13212548682764891     
  0.32396979334547671       0.13336819434500352     
  0.35369663489863518       0.13357788723164921     
           4
   8.6075530384465818E-002  0.39723586565331087     
   4.5034182384330670E-002  0.39756460191209586     
   5.0346684468614872E-002  0.38943860793018431     
   5.4900813641917692E-002  0.36536545691202144     
          10
  0.18041523115260300       0.65323716871613446     
  0.18210692157439232       0.66280105606963580     
  0.17021389801133541       0.66131335214119824     
  0.16243299367215844       0.65974307219121908     
  0.14799817595175996       0.66491852318809042     
  0.14532885374996934       0.65760406218514145     
  0.14487075693410253       0.64267769754632265     
  0.16108159751803536       0.62942032924728419     
  0.17373425158652514       0.62170057522005551     
  0.17910029482605846       0.63391168369694406     
           8
  0.93427707725990861      -0.58184361232790716     
  0.93467467912873525      -0.56525371396660151     
  0.92745788105578308      -0.57554598967522974     
  0.89638855730713662      -0.59513453753912704     
  0.91317051500762925      -0.59186454989225645     
  0.91208757686700470      -0.60044093890750883     
  0.93043658776735860      -0.59928963066298180     
  0.92763884064358260      -0.58936452340821688     
          10
  0.19878847666498267       0.79744284465088433     
  0.19860797710226313       0.81899301990235562     
  0.17337860998566745       0.81462511929723569     
  0.17238391451074547       0.80783105474112205     
  0.16398074551322317       0.80962577786881562     
  0.16456365807722173       0.79294419423061713     
  0.17235450021699156       0.77637506899471131     
  0.17958729591484174       0.77779339673937387     
  0.19256011594965683       0.78134646598506152     
  0.19918745966528964       0.79095441486448914     
          11
 -0.54240695629653857       0.38349636907610118     
 -0.54212801022424850       0.39635150736214164     
 -0.55366230851058862       0.40612888733055424     
 -0.57519036104150378       0.39464459218173120     
 -0.58028074412988995       0.38635315028005579     
 -0.57426603222373662       0.37606137337562368     
 -0.58075260003054407       0.37163287230719144     
 -0.58020241130674044       0.36045376576346927     
 -0.55807690231877782       0.36824066306045977     
 -0.54852543874648851       0.36248379908089978     
 -0.53870574433863583       0.37465510947127140     
           5
  0.67301032474856515       0.64902772665810571     
  0.66250069097273268       0.66008769795831934     
  0.63428313135024306       0.65890870804249624     
  0.64261241888861398       0.61895442933365885     
  0.67207547217538821       0.62961120310455898     
           7
 -0.32715427202084718       0.11067294163662179     
 -0.34171615015137186       0.10973030676952425     
 -0.36333709959639088       0.11082174415426647     
 -0.36687953825548469       0.10328755046142303     
 -0.36106568930235311        9.6335482562727032E-002
 -0.36853656596749290        7.4516762211804144E-002
 -0.35979184465517838        7.3107181539774635E-002
          10
 -0.20598439054988463      -0.68899187147829577     
 -0.21059734494797033      -0.68148316969770484     
 -0.20818412166780911      -0.67335982532746930     
 -0.22747261464353483      -0.67915369064109921     
 -0.24187229359146104      -0.68518395489132611     
 -0.24447836104062678      -0.69406890209138250     
 -0.24489778809352208      -0.70714662959435526     
 -0.23694398125544863      -0.71593736175680789     
 -0.21823981633535255      -0.71725208064869705     
 -0.21145872775868310      -0.71595052882956234     
           8
  0.53532753247159759        4.2501360926180468E-002
  0.53567284702889484        5.9827508227667456E-002
  0.51533021952683122        6.6649549835971614E-002
  0.50650216452362817        5.6199935871393200E-002
  0.51399501390161439        3.0694996594952367E-002
  0.50995681316997188        2.3268538335698773E-002
  0.52298763367817191        2.9524460073786174E-002
  0.53039945274561451        3.0873239618360582E-002
           5
  0.71957217489155256       0.33977240694980071     
  0.69477047555171401       0.34811106497982613     
  0.68692277656681422       0.33490729286832338     
  0.68333065045678287       0.32551420014564925     
  0.71316985252676079       0.31623589677564601     
          10
  0.84886655701289249       0.19100215325918565     
  0.84558445182989250       0.20753822814724052     
  0.83977811505333566       0.20187443292565008     
  0.81952040586161023       0.20089736332427605     
  0.81517113490342630       0.19619716552868668     
  0.82200092388504609       0.18276833447280283     
  0.81480613883452757       0.17212088730568581     
  0.82177116344166734       0.16333797242242648     
  0.84436200218656787       0.16874226012645294     
  0.85605996472577417       0.17850068676410036     
           4
  0.29881040105593121      -0.78409043903966269     
  0.30984187897478799      -0.77351583172765381     
  0.27444862231398920      -0.78856708217137339     
  0.27374808305505854      -0.80461515287948848     
           7
 -0.95449676195252353      -0.18170410123837613     
 -0.96909675773401127      -0.17521602671524614     
 -0.97751988040829396      -0.18474571433720854     
 -0.98299338683003445      -0.19774133360385421     
 -0.97138475857032902      -0.20811198453614410     
 -0.95410226023584399      -0.21721846001342138     
 -0.94687137943738697      -0.20169284143330693     
          11
  0.96760336603237129       0.84284218852191872     
  0.97575895966746984       0.84623879351835174     
  0.97585619900190679       0.86035511458511948     
  0.96176795170878282       0.85767311465171781     
  0.94293144125278616       0.85662464866646248     
  0.93223955740035525       0.85981390845402872     
  0.94066614018924277       0.83491573236385208     
  0.94202362317724997       0.82866687758618274     
  0.95597120721283346       0.82806275985130018     
  0.95617469246616915       0.82250504728400253     
  0.96428335244181085       0.82403472172703351     
           8
  -8.9397621614186532E-003 -0.24395453266607725     
  -1.9017862320194291E-002 -0.24779683468891392     
  -3.3917597971507805E-002 -0.23331721413419221     
  -3.8839870702676423E-002 -0.23992918347150100     
  -5.3730944470388141E-002 -0.26503330497162958     
  -2.0713097506721456E-002 -0.27064657805360137     
  -1.4414162615312705E-002 -0.27197615033856742     
  -9.6957383979945529E-003 -0.26591178790678294     
