   1.0000000000000000
   50.000000000000000     
          54
          10
   6.0000000000000000     
   7.0000000000000000     
   6.0000000000000000     
   1.0000000000000000     
   1.0000000000000000     
   9.0000000000000000     
   7.0000000000000000     
   7.0000000000000000     
   5.0000000000000000     
   1.0000000000000000     
   2.0000000000000000     
   2.0000000000000000     
   7.0000000000000000     
   10.000000000000000     
   6.0000000000000000     
   8.0000000000000000     
   8.0000000000000000     
   4.0000000000000000     
   9.0000000000000000     
   5.0000000000000000     
   10.000000000000000     
   5.0000000000000000     
   8.0000000000000000     
   9.0000000000000000     
   3.0000000000000000     
   7.0000000000000000     
   3.0000000000000000     
   7.0000000000000000     
   5.0000000000000000     
   3.0000000000000000     
   4.0000000000000000     
   4.0000000000000000     
   9.0000000000000000     
   10.000000000000000     
   9.0000000000000000     
   10.000000000000000     
   8.0000000000000000     
   10.000000000000000     
   3.0000000000000000     
   7.0000000000000000     
   7.0000000000000000     
   5.0000000000000000     
   3.0000000000000000     
   3.0000000000000000     
   7.0000000000000000     
   4.0000000000000000     
   10.000000000000000     
   10.000000000000000     
   5.0000000000000000     
   7.0000000000000000     
   8.0000000000000000     
   4.0000000000000000     
   4.0000000000000000     
   2.0000000000000000     
           1
   0.0000000000000000        0.0000000000000000     
           5
  0.61426598007805711      -0.92856436112608676     
  0.60073873019782997      -0.92265292118416753     
  0.58349038485009119      -0.94895360197124190     
  0.59218557391000060      -0.94431238835902642     
  0.58332129634765040      -0.96239694024200573     
           4
 -0.84273070984503506       -2.9879572767267833E-003
 -0.85880045428972163       -1.9533116218736098E-002
 -0.85167452518374320       -3.7931259357169858E-002
 -0.82503194672507629       -4.3269008865840453E-002
           9
  0.54602895149196229      -0.89926771771621838     
  0.54661330459494706      -0.88325913965370972     
  0.53853498245111731      -0.89111754296653267     
  0.53915522304680707      -0.88477375149900017     
  0.50087131469080148      -0.90239163088738472     
  0.51032775455252066      -0.92561114546144441     
  0.51699196607473175      -0.92592213278801239     
  0.53644670155332319      -0.91635827628284294     
  0.54463117567173058      -0.91574081366935300     
           4
  0.73900565046146027       0.18992179197483669     
  0.70932824730336841       0.19492992283524208     
  0.69848286751064070       0.16161932348170774     
  0.71556103176474606       0.15611348582165510     
           5
  0.22527574277586340       0.28818133098938264     
  0.22663195640341571       0.31322543514266754     
  0.21582591136437604       0.28104771249821742     
  0.21007550678167619       0.27192456796070141     
  0.23219763639801050       0.28181180983671028     
           6
  0.85475347436994920       0.72129435540569675     
  0.85436217433574957       0.74437796586433136     
  0.81519568430124101       0.74245220769243025     
  0.81172665240753750       0.70403188858075827     
  0.82030117501825905       0.70767152830493640     
  0.83548051974161042       0.70279186665831850     
           8
  0.25492805746599839      -0.85528862258502958     
  0.23594253415889577      -0.85125900314253544     
  0.21563300984102943      -0.84942100989962410     
  0.22111810304176849      -0.86818377045126338     
  0.21637983395221180      -0.88404886727304721     
  0.22397243601376615      -0.88438968427310272     
  0.22820805188807222      -0.87847626145367086     
  0.25678352784355135      -0.87737723588596483     
           5
  0.12143903319342186      -0.37154596450758004     
  0.12109216045953984      -0.35601995021132726     
   8.0093802765567254E-002 -0.36343028049964998     
   9.8118783700196055E-002 -0.38926095728131943     
  0.11527587457940472      -0.38817966388059139     
           4
 -0.87691206648364306       0.76047916943331617     
 -0.88173530030508829       0.73082538488618731     
 -0.86742004743780587       0.72241312584214346     
 -0.84712958506389036       0.73018420488005820     
          10
  0.73557112658079071      -0.28551128257968128     
  0.72762833871379051      -0.27818679301915128     
  0.72349646265333623      -0.28474188981894749     
  0.72069497803174254      -0.27598233947013251     
  0.70788255354116525      -0.27681584524849240     
  0.70661290451352854      -0.30832273178370673     
  0.71285327174173729      -0.31397651074301708     
  0.72344417527309546      -0.31500775285138022     
  0.73986351889178037      -0.31530578120741659     
  0.73485170046750115      -0.30895024703520385     
           3
  0.28047485228906688       0.39673858468323286     
  0.25008717757659593       0.39074706658528419     
  0.26112659193284299       0.38536493238412567     
           5
  -4.2462096500836665E-003  -7.9069668664801904E-002
  -3.3787864262914746E-002 -0.10241788744328091     
  -3.2299250986486644E-002 -0.11487458243489197     
   2.5587278723893762E-003 -0.11836182350131189     
  -7.1342601886819571E-003 -0.11100992428665131     
           5
 -0.41792968876128000       0.87975070909029274     
 -0.43094963276540660       0.87953018986425824     
 -0.44110267872442543       0.88572313242682255     
 -0.44653684972963964       0.86466664445219266     
 -0.43442631795605802       0.85390226506317457     
           8
  0.59068546168402458       0.68907439112405167     
  0.59989734807935602       0.70400454627158393     
  0.55822636887418131       0.70555296621139341     
  0.56593265229113621       0.68309615589077499     
  0.56344128339050303       0.67138045225969001     
  0.58843176145232035       0.66491758299378856     
  0.59488891718607295       0.67301340982137181     
  0.59378987745966005       0.68050992670506261     
           3
 -0.38463661118379733      -0.89536528820896932     
 -0.42076060739491344      -0.90948781732362349     
 -0.42652548542490071      -0.92616393023370225     
           7
  0.80035159010299428       0.22597683597860585     
  0.78708194463640280       0.22452406844316092     
  0.78659803820765306       0.19966647089941894     
  0.80576289659656120       0.19273264096050630     
  0.81584584602450838       0.18693860161385237     
  0.82689971071313073       0.18872094345556567     
  0.82898989792166267       0.19886058930703870     
           5
 -0.71193999528078022      -0.66136347261900597     
 -0.71622496867081231      -0.69544097760823176     
 -0.72644892758048052      -0.70257069567198671     
 -0.70872544390703396      -0.70449702109217538     
 -0.69064275781235396      -0.70328611364193616     
           8
 -0.22469488878620283       0.42245011462473719     
 -0.21879578125361912       0.43237977987207815     
 -0.23083351898806809       0.44094182198875598     
 -0.25358673845743884       0.43092912856940879     
 -0.25907692119745424       0.41129245454110658     
 -0.24465456166362137       0.41168476278499599     
 -0.22949468467934647       0.40959397474240666     
 -0.22262006842838891       0.41002136064486844     
           3
  0.85453104239059463      -0.36888767234543046     
  0.85361214973136523      -0.35064832771003818     
  0.83042529038185775      -0.38921687280975847     
           4
  0.78986493811181546      -0.60029670757945830     
  0.76915060966802595      -0.61377656532613967     
  0.76980591824168387      -0.63087114463625604     
  0.80232564161994202      -0.61828124916174487     
           4
  0.68071726948562816       0.76607065162491161     
  0.67408330067601974       0.75612593725262600     
  0.66440695532979577       0.76034923268115517     
  0.69331177068871730       0.73408227148021798     
           9
  0.51644443515297456       0.28986741520710602     
  0.51092249074549789       0.30209782060814272     
  0.49739206283923404       0.30173662898736925     
  0.48758332434177337       0.29642947734435438     
  0.47832032944867581       0.27104693691721532     
  0.48487504497315354       0.26891434514977258     
  0.49404661634934582       0.26623630214977673     
  0.52445308783184585       0.25816196986370138     
  0.52144475451208983       0.27880890097474448     
           4
  -6.3828869940837626E-002 -0.72008429275127295     
  -7.7148423861490317E-002 -0.71182031101784604     
  -8.9765269633386463E-002 -0.72539393454863477     
  -5.9594108791448115E-002 -0.72853623160437542     
           8
  0.45091837701056664       0.76464432079682731     
  0.44930094281368099       0.78046859938366209     
  0.43885005890579437       0.77778705130247550     
  0.41833526038187774       0.77083446219642515     
  0.41409094023944404       0.76004976106781297     
  0.42851516077615270       0.74457949260804057     
  0.44279189985328193       0.74883229098417547     
  0.45057208656173836       0.74281634795336859     
           6
  0.13046500384325282       0.18483782705464977     
   9.7005939471965300E-002  0.17679529430234484     
   9.1162648020609555E-002  0.16215746550322893     
  0.10769385517038746       0.15633172272639978     
  0.12497441506664547       0.15837689602511820     
  0.13300497209927178       0.16483475997958585     
           6
   5.7187129179406312E-002  0.15249891610441288     
   5.3549682913323050E-002  0.15910581469568144     
   2.8199810354790796E-002  0.15920323847501427     
   2.8223865844180237E-002  0.13923978030571693     
   3.3544176062566988E-002  0.13225610557204551     
   4.8445358324967824E-002  0.11920471444326607     
           8
  0.16672185816630766       0.29415885264016189     
  0.15042025866165470       0.29348321995614973     
  0.13899380215657703       0.29923033993835996     
  0.12618693202794115       0.29746809123349066     
  0.13988866129985206       0.25418330895803981     
  0.14593083224862194       0.26441675613307214     
  0.14796657431193067       0.25516543492919047     
  0.16029146581305725       0.26447064153741540     
           7
  0.50247294723175073       -3.9567322097058426E-002
  0.49744432964440066       -3.2712609431884039E-002
  0.46429932760740539       -4.2040117935231783E-002
  0.47306112646863602       -4.9258822418280911E-002
  0.46252869352361053       -5.5461928605553455E-002
  0.46944160576210114       -7.1360208760681762E-002
  0.49615215051401768       -6.5759316522968694E-002
           8
 -0.70102062653955233       0.28988360487430193     
 -0.73649825710166783       0.29692456988498478     
 -0.74439231636294689       0.27470259912609019     
 -0.73975064113298294       0.26989006704802193     
 -0.74566373325331459       0.26062369570942745     
 -0.73184200505488028       0.25426188593732846     
 -0.70936113535945977       0.25951577621277561     
 -0.70946418405280220       0.27177311259389170     
           5
 -0.51016227441668627       0.58597641662942024     
 -0.52904382070220546       0.59335111243783789     
 -0.54201632921860621       0.58899115078227637     
 -0.53879719722877917       0.57570356474132178     
 -0.51648895591009170       0.55515990155308770     
           7
 -0.67465630832686085       0.21024436045528996     
 -0.67527222270221310       0.22947090216186303     
 -0.71830668285895205       0.22525465939378769     
 -0.71782933452373088       0.18703083104103710     
 -0.70325844146156447       0.18538219199802294     
 -0.69334903934335634       0.18548654419241251     
 -0.67414107757005748       0.19588451514667890     
          10
  0.55009414068736961       0.50859748994651910     
  0.53924616530731928       0.52594375853569686     
  0.53254790740723490       0.51972269739583954     
  0.51519201695596384       0.52438909100609432     
  0.50764672523672738       0.51848714670523777     
  0.51501331695253016       0.49082661165900915     
  0.52385387031728126       0.48730219079409381     
  0.53781067740901800       0.48846964295570877     
  0.54618269027377531       0.48264052895783577     
  0.54825938816393216       0.50176746106609749     
           5
  0.74608968270162135      -0.47672131695873177     
  0.72887670501350466      -0.47428316692759415     
  0.72119485054652943      -0.51265351467225284     
  0.75928463126472523      -0.50504765336582291     
  0.75540054985111382      -0.49527789997881960     
           3
 -0.96836617688268567       0.11989706494602090     
 -0.99257763015813916       0.11438385220212346     
 -0.96826753898874696        8.0647875023943202E-002
           5
 -0.50533509740436966       0.38538798652799944     
 -0.52292723316842216       0.37927737937057071     
 -0.52983448012412482       0.34897071123017614     
 -0.52124094432369739       0.34218186607690532     
 -0.49374792710735571       0.34661134944198924     
           7
 -0.52612542890050074       0.12936971954024998     
 -0.53777315993826025       0.14025147970234370     
 -0.54848152570464959       0.14699392321691132     
 -0.56541376257640774       0.10665731799850749     
 -0.55020290133976391       0.11293072284611262     
 -0.52625310992431851       0.10475509392435757     
 -0.52377861161688377       0.11576944989378443     
           9
  0.92269665132552570      -0.27666310357101942     
  0.91600187251607557      -0.27155154045899882     
  0.90596931805292036      -0.26729746452847047     
  0.89952675687279016      -0.26580488881169095     
  0.89033565677630000      -0.26136288359596821     
  0.89439010846143052      -0.28328705785039604     
  0.90960512243583702      -0.30149949350109551     
  0.91986785383389258      -0.30268689163680851     
  0.92991242901726767      -0.29347053098033421     
           3
  0.98965756309794450       0.54530914075142700     
  0.95051622344892384       0.54182184313798532     
  0.95421715092503256       0.51791324458150789     
           7
  0.54124003249747865        6.9214839295125299E-002
  0.53324348770816865        6.8715324307871722E-002
  0.54380416182952307        7.8163360680691463E-002
  0.52738259582068792        8.8250129820443723E-002
  0.50913863206631271        6.3451362011257367E-002
  0.50946604263679507        5.0807931719547353E-002
  0.54450689263221064        5.6706500035888160E-002
           7
 -0.43346192285004181       -7.7859377538289948E-002
 -0.45926268805723852       -6.6301921823135074E-002
 -0.47711354846303727       -8.3875995357702432E-002
 -0.47015582413667323      -0.10086474722397458     
 -0.47342964063070059      -0.11099103456596320     
 -0.44017547944148772      -0.10550328420398999     
 -0.43619757170157725       -9.3968888719910063E-002
           4
  0.65014652104344772       0.30445361952186500     
  0.63751030082628035       0.29523685858008747     
  0.62719660956395407       0.28846995459320968     
  0.66867104699495961       0.28347557881779123     
           8
  0.72366967139016569      -0.59396862655564997     
  0.72604315360188088      -0.58367551799215478     
  0.68685714070812054      -0.58373880734621364     
  0.69324275043238848      -0.59960546098916512     
  0.69326395095572513      -0.62041188157009874     
  0.70014404825066889      -0.62214549346705028     
  0.72372707212704257      -0.61918393465389776     
  0.72244028445664121      -0.60875682587105218     
           4
  0.13169507750727480       0.92419286884940621     
  0.10702583341724464       0.90848311762814948     
  0.12013994423713228       0.88858994007506520     
  0.14543432460857694       0.89864436866478248     
           4
  -5.8810253951490907E-002  0.89293417036756573     
  -7.5198791231280454E-002  0.89244936412555220     
  -8.4701922842510019E-002  0.88516787727990920     
  -7.6668056426169112E-002  0.85296564925041340     
          10
  0.55769962889605185      -0.36949768113930453     
  0.54522420509620495      -0.36321482231455265     
  0.53061681119493054      -0.36220990967171557     
  0.51719297690514265      -0.36238936660620646     
  0.51954027931654700      -0.36783609353076202     
  0.52345262607507070      -0.37395471535046143     
  0.52677855791556205      -0.38359438870185991     
  0.52746457810746361      -0.40306377260301446     
  0.55769191979843280      -0.40478358074854004     
  0.55579663559801396      -0.39187955982922124     
           7
  0.44613062988840291       0.96439330677525836     
  0.42143411097025446       0.96168003974419758     
  0.41605204861630168       0.96788551684535817     
  0.40363923207206404       0.94217812383216804     
  0.42028187151603980       0.92357686813807904     
  0.44100120847617974       0.92695395611105591     
  0.44916637545256455       0.93305944701425281     
          10
 -0.25193599486095286      -0.28387757946989955     
 -0.25935174540960371      -0.28104186346332888     
 -0.26378661090528871      -0.28877157813533438     
 -0.27819769514738135      -0.28822186625152524     
 -0.28680636880065002      -0.30015265361398691     
 -0.28608073838589287      -0.31385935050663433     
 -0.27704393313826486      -0.31881001848551277     
 -0.28019142472722780      -0.32711396809731735     
 -0.26460210022300673      -0.32396945014412748     
 -0.24461197872806945      -0.31999915607873691     
          10
  0.98078297511305379      -0.11338580326171485     
  0.98697118592357280       -9.9963905619615184E-002
  0.97594233806761232      -0.10555240925219479     
  0.95939416338688444      -0.10205724692706689     
  0.94746769612029624      -0.10899053297407063     
  0.94432484571155728      -0.13357107063597984     
  0.95604316648632182      -0.13656242189290368     
  0.97068944502611321      -0.14399954350596716     
  0.97844244001476810      -0.13562220086489721     
  0.98890416966776407      -0.13921802288145696     
           4
 -0.86812839645551398       0.21375248422141035     
 -0.90125397057342405       0.20096684752138502     
 -0.89459623408032762       0.18611094994034785     
 -0.86011867342230286       0.20003648426806592     
           9
 -0.55956053111135229      -0.86750272717100063     
 -0.56571111756193015      -0.86139788377071524     
 -0.56252703704255558      -0.85096965721832529     
 -0.57390038700387935      -0.84832944507587671     
 -0.58736918407847560      -0.84995119368320160     
 -0.59475947922577388      -0.89069106752125149     
 -0.58694779299447331      -0.88583950252239463     
 -0.57248907324273635      -0.88716688845192793     
 -0.55953103744922417      -0.89034772019563402     
           8
 -0.65957351474842796       0.85822790980159347     
 -0.67681087702257614       0.87509839074017903     
 -0.70301155170169105       0.85932154125318827     
 -0.70057178406572762       0.85230292625528026     
 -0.69087971886697785       0.82944048000117099     
 -0.68034426017335725       0.83935689078905973     
 -0.67695362462276787       0.83296207619308082     
 -0.67269838934658521       0.83863562209018905     
           7
  -8.2065664320177617E-002 -0.50174080650910180     
  -9.1582596082789944E-002 -0.50525917745733373     
 -0.11512291003316467      -0.49750179056950244     
 -0.11339351077957442      -0.51714744262288415     
 -0.12490746956414070      -0.52069712084286701     
 -0.11195303232123638      -0.53721834061639839     
  -9.9205041866781279E-002 -0.53509728308039628     
           7
  0.60447972983064013      -0.45152915820839173     
  0.59514823252320914      -0.44972047539857501     
  0.58514307818724065      -0.45635698221676457     
  0.57110835568744367      -0.44711604059628668     
  0.58335751775314892      -0.48494370213921678     
  0.59113816531105179      -0.48321414852279393     
  0.60950956497897901      -0.48506077537200731     
           5
 -0.66718691800045427       0.63722188373406874     
 -0.70440311833379909       0.65120096694988661     
 -0.69667138785705551       0.63216882215997261     
 -0.70146310766767728       0.61362604510841079     
 -0.68987902897370934       0.61716973970519062     
