   1.0000000000000000
   50.000000000000000     
          26
           8
   4.0000000000000000     
   2.0000000000000000     
   8.0000000000000000     
   1.0000000000000000     
   3.0000000000000000     
   8.0000000000000000     
   1.0000000000000000     
   4.0000000000000000     
   9.0000000000000000     
   6.0000000000000000     
   3.0000000000000000     
   2.0000000000000000     
   8.0000000000000000     
   7.0000000000000000     
   2.0000000000000000     
   2.0000000000000000     
   8.0000000000000000     
   3.0000000000000000     
   6.0000000000000000     
   10.000000000000000     
   4.0000000000000000     
   6.0000000000000000     
   1.0000000000000000     
   3.0000000000000000     
   10.000000000000000     
   3.0000000000000000     
           1
   0.0000000000000000        0.0000000000000000     
           8
 -0.43085266846536791       -4.2322742151034598E-002
 -0.46639928198208147       -3.9602105211156598E-002
 -0.48928633539363031       -4.5154936176148817E-002
 -0.47993743301253372       -5.5559341051854783E-002
 -0.48204947615083982       -8.9751673994094228E-002
 -0.48488790391070236      -0.10369837848082869     
 -0.43375808423766415       -9.5151019349195537E-002
 -0.42589557031902775       -8.6609410752372870E-002
           3
 -0.22696231206834661       0.50228846991973453     
 -0.21895750820075885       0.45657885795050718     
 -0.16427526212286658       0.45446605103741394     
           4
  0.48968767347575948      -0.45719543680591024     
  0.43524782698452974      -0.45727009783974748     
  0.44530185334809635      -0.50556458221354383     
  0.46832669175655095      -0.49410445681167342     
           3
 -0.71587371101967312       0.46456331117971073     
 -0.74811070132332846       0.45202785854580602     
 -0.70185406045711041       0.42068854123092436     
           3
  0.89356383934018813      -0.48809576153080775     
  0.94747897002182646      -0.54309547218232312     
  0.94473529791529165      -0.52702621756856027     
           6
   7.2708096627285002E-002 -0.34232776216527339     
   8.2038395178066770E-002 -0.32572363305955498     
   6.5226788927596757E-002 -0.32997891844321625     
   1.5802641624791808E-002 -0.34054524199202002     
   1.5971707000230241E-002 -0.35240160168768847     
   7.4411739013649586E-002 -0.37846466546245000     
           8
 -0.90890158914006125      -0.61039508693304712     
 -0.91553435105502345      -0.60322786276774187     
 -0.92776993734941560      -0.60257186893141679     
 -0.96163096318185359      -0.59975040321666728     
 -0.96740769904551294      -0.60791720228351809     
 -0.96228897175375805      -0.65316770455564788     
 -0.95438326057054912      -0.66591251246798933     
 -0.94122114630426967      -0.65189932455432642     
           5
  0.18180536631395924       0.32025756787717458     
  0.14448762926497671       0.31194544116172407     
  0.16446538244999567       0.26732059464104574     
  0.19567096239788143       0.26878081204074877     
  0.20937821505800341       0.27349101305107720     
           5
 -0.37028807620039800      -0.38452201947411335     
 -0.38388503384012068      -0.36979260707648909     
 -0.40042184004048004      -0.37517374736618436     
 -0.40488243984265559      -0.41038053842607142     
 -0.39116026321996566      -0.42658978660275149     
           8
 -0.66561595263780959      -0.76634739051186784     
 -0.72549153300793712      -0.75004474210292438     
 -0.72829355604665025      -0.76356689638089836     
 -0.72410656420737474      -0.77513546268079314     
 -0.72476255873967976      -0.79470280047319763     
 -0.70087358905493435      -0.79822542596320190     
 -0.67329783854879144      -0.79622206519634720     
 -0.66738739445439010      -0.78272955859107962     
           4
  0.64081042643940123       0.85640216395905222     
  0.59212371079572523       0.87538452840409231     
  0.59142718650040293       0.85399968374491464     
  0.62033102026083520       0.82594965595446812     
           6
  -8.0528212116877509E-002  0.39762300553495744     
 -0.10246959516424047       0.38878243360104631     
 -0.11924098557031199       0.38106862485871418     
 -0.10363274311499676       0.33756534395092014     
  -6.8617903404399758E-002  0.36495645377667618     
  -5.8532459554238997E-002  0.36913931247540738     
           5
 -0.26400037993950731      -0.53305014360238523     
 -0.29746917709617304      -0.52789365977485858     
 -0.30789470313024481      -0.54116153408744505     
 -0.32548093348381962      -0.58862931521815876     
 -0.26616794741373384      -0.54932728212957849     
           4
 -0.59839936372341140        1.3051389611384519E-002
 -0.62272534517058387        8.8725017633141667E-003
 -0.62556595723206387       -4.1785760009121764E-002
 -0.57454812033094271       -1.3107432027915214E-002
           6
  0.30324045946385031      -0.14260153754509303     
  0.31461133773597372      -0.13796815013985808     
  0.29835055632072521      -0.12389102418796623     
  0.25744064905511232      -0.11015100921806324     
  0.27548153410612242      -0.16607663816297946     
  0.28643925877883430      -0.17578035039255741     
           5
 -0.80769105384107143       0.38622630384662565     
 -0.84880523876807135       0.36350276470561232     
 -0.84393166208213521       0.34213997343838481     
 -0.82115849377731165       0.33585123213165319     
 -0.79599186050883353       0.33804790125063494     
           5
  0.59222098336871243      -0.64426433499555580     
  0.53865874539535441      -0.63661961372098497     
  0.53937634494599751      -0.66864268498384738     
  0.53471031231380006      -0.69179132738464333     
  0.55792824018866938      -0.69603439673740342     
           3
  0.54889622205343958       0.78343724170366746     
  0.49732258459784734       0.78867283299148527     
  0.48641615156373497       0.77725902895026311     
           7
 -0.88654378332652872       0.17358895776279651     
 -0.89866490273818045       0.19586443335849202     
 -0.91702026059784580       0.19756546249810639     
 -0.95276075317029252       0.20271866651984849     
 -0.93967480973993434       0.15938781140041641     
 -0.90466245860075989       0.14495350132751911     
 -0.88905195658308001       0.13942668508286599     
           5
  0.33379825570614496       0.67077586114917176     
  0.33391053762292339       0.65567261998394777     
  0.33246099519620809       0.61452373605625465     
  0.36034761175279556       0.61013291138172310     
  0.38805682208808867       0.61328709413522708     
           5
  0.14458614241409989       0.97479672606846191     
  0.13151740484330549       0.96762335279325018     
   8.5819224946771980E-002  0.94182572731497904     
  0.10644894657793094       0.91703841042664547     
  0.14880284010368344       0.91900140976273825     
           8
  0.39807200331455039       0.46373820688816603     
  0.40178337209727188       0.47489432702069123     
  0.40300871000592692       0.48435208681221104     
  0.37942295726662656       0.48879526316616423     
  0.34682275657253048       0.48607875987299792     
  0.33894225868868216       0.44702713602535898     
  0.37883730233338681       0.42856637056998936     
  0.38869621541558375       0.42989744501980842     
           3
  0.63697002927876922       0.48788596291040370     
  0.61366605742723024       0.47265697872090251     
  0.61182126757473176       0.44637356726456223     
           8
  0.73197336819128489      -0.77334314914890523     
  0.72120078470349147      -0.77705615475006218     
  0.71017000427482924      -0.77234133648182335     
  0.67832578551135192      -0.77341784893617471     
  0.68129164439499945      -0.79170815151988660     
  0.69042117109386836      -0.82058205870944234     
  0.70412400504019468      -0.82220055844488216     
  0.71826910410094980      -0.79576107976735566     
           3
 -0.71827013893169789        1.8164624916184560E-002
 -0.75665094690987944        1.0150981469794759E-002
 -0.71785710061188390       -3.7372401661881147E-002
           5
  0.77128663974381872       0.49349661661688132     
  0.75795607430445744       0.50166268740392550     
  0.72037140548079515       0.49084527672965322     
  0.75194266173955837       0.45599464755431812     
  0.77232769552833258       0.46287270670543246     
