   1.0000000000000000
   50.000000000000000     
          22
          10
   9.0000000000000000     
   3.0000000000000000     
   8.0000000000000000     
   2.0000000000000000     
   6.0000000000000000     
   8.0000000000000000     
   6.0000000000000000     
   6.0000000000000000     
   8.0000000000000000     
   5.0000000000000000     
   8.0000000000000000     
   2.0000000000000000     
   7.0000000000000000     
   2.0000000000000000     
   3.0000000000000000     
   3.0000000000000000     
   5.0000000000000000     
   2.0000000000000000     
   8.0000000000000000     
   8.0000000000000000     
   6.0000000000000000     
   3.0000000000000000     
           1
   0.0000000000000000        0.0000000000000000     
           9
 -0.11616253672145116       0.63269084177893287     
 -0.12630431693097702       0.63688749576036241     
 -0.13393245126995587       0.64293060993522289     
 -0.15732302873982856       0.64709879591377251     
 -0.15961022562858845       0.61072585569888971     
 -0.15951032593461067       0.59107743759334741     
 -0.15138572128545655       0.58360774169490259     
 -0.13567161607826050       0.58547102641936388     
 -0.10057477741153011       0.57899567857350265     
           4
  0.30858302494642376       0.72086654783913739     
  0.30444163720118639       0.68787338548205712     
  0.31189356772402077       0.67456851561117637     
  0.31532026396752749       0.66023452646979319     
          10
  0.73875770030196208      -0.81046639856003688     
  0.73537485707298855      -0.79764373972023794     
  0.72670893852463159      -0.80388471732431910     
  0.71876019092348564      -0.79498139779511601     
  0.70381967501043008      -0.79359085777526672     
  0.68575860625861162      -0.80235674400933066     
  0.69739442410342711      -0.80692701075423312     
  0.69383356291379006      -0.83185643454118718     
  0.72536608650045886      -0.84745584798428097     
  0.73666832798018023      -0.84547209660083222     
           6
  0.42281708466802459       0.11938474744257899     
  0.38744943411859217       0.15332824519299193     
  0.37325951016566505       0.14073088999934186     
  0.37125778709280544       0.10174822747362207     
  0.38410660187277851       0.10006655244084092     
  0.42861180596899623        9.6659733374730258E-002
          10
  0.30905289565161809       -8.0562961659695148E-002
  0.30191135211848208       -9.4281469412060004E-002
  0.29418716995282912       -7.7706497913939118E-002
  0.29182151731491601      -0.10329711213764656     
  0.28310349945923952       -9.8912413186655404E-002
  0.28194035033188986      -0.15026763374151303     
  0.29120007280707028      -0.13437482309026139     
  0.29112450961247738      -0.14883222715920408     
  0.30671159915055946      -0.13992935110665636     
  0.32219680708906479      -0.14468794434883667     
           6
  -8.7417099430944875E-002 -0.54928657703700168     
 -0.10303868849515975      -0.54718383235504575     
 -0.10573002234122027      -0.58123631476005666     
 -0.10591096521871883      -0.59429258007819530     
  -6.1011270771207243E-002 -0.61444057499715676     
  -4.5815546441055274E-002 -0.61012713313230205     
           7
  0.72139844205790959      -0.87856125726689549     
  0.68845453229727849      -0.87670811710101904     
  0.67720899072659402      -0.88585012653065653     
  0.67265913979665082      -0.91537884052033358     
  0.70423094702349498      -0.93543216453971301     
  0.73338722728887540      -0.93305512402657720     
  0.74422506331663141      -0.90771498087818026     
           7
  0.46818501524174111       0.55948823707801276     
  0.45696227483672097       0.56429094618793119     
  0.44308926669588733       0.56054523680931023     
  0.42010746939593424       0.56657654490994613     
  0.45472779987655770       0.52775672522373873     
  0.46424035160857519       0.50936697128118913     
  0.45980859897624887       0.54448908687918818     
           3
 -0.25071205479681613      -0.34763680667200281     
 -0.23387159970460877      -0.39591890548027547     
 -0.21720387204616837      -0.39303520136581499     
           5
  -3.6738877537579137E-002  0.96026646787971770     
  -3.5054984949564161E-002  0.97502457966055500     
  -9.3630912423443236E-002  0.97515595900927088     
  -9.3387642762458742E-002  0.92791505603381308     
  -8.2965475151176138E-002  0.90947621178766713     
           7
  0.86807538560169117      -0.93944012680066369     
  0.84650069264754790      -0.91777233662703139     
  0.80260989913079883      -0.92765214628604364     
  0.81124826644690051      -0.94133536186008848     
  0.79970290064410443      -0.96749041057566398     
  0.82593183005990012      -0.97773932466846480     
  0.87081220704948570      -0.95328136216915293     
           7
  0.11093982082078643      -0.65895615533431917     
   7.5842725903993283E-002 -0.65678760229340372     
   5.5264414013601389E-002 -0.65400433788613876     
   5.8963096192238440E-002 -0.67607417777072099     
   5.7467330253277688E-002 -0.70474816480965630     
   5.4003610466948196E-002 -0.72182970344132225     
  0.11634335382301104      -0.68329729095039760     
           9
 -0.23611089641728422      -0.58735135291505225     
 -0.24520979946892899      -0.55912831622228343     
 -0.25941659689179919      -0.55989850252521989     
 -0.27644979299132433      -0.57525404779439904     
 -0.29253789270614800      -0.58517698494770232     
 -0.29211803824147436      -0.61875287456384775     
 -0.27322298734167388      -0.62567899285464368     
 -0.24721320809699279      -0.62644010506463144     
 -0.24261940352338160      -0.59673144750735696     
           6
 -0.13839439619800478       0.22315814716153962     
 -0.18361586152103901       0.22671033976681595     
 -0.18208354461100595       0.20500244661312156     
 -0.18062686480260978       0.16759499370187508     
 -0.14827602268406254       0.16846475810513251     
 -0.12791787024818235       0.15820626952501796     
           7
   7.4259025187822014E-002 -0.85222373173694399     
   4.9581255435970334E-002 -0.84241212404152399     
   3.7108942878807616E-002 -0.86437852205906907     
   3.5078088531197205E-002 -0.87598625742820957     
   3.8214850364334335E-002 -0.88882484094896608     
   5.2503857216313621E-002 -0.90960377617564314     
   6.3310089574068223E-002 -0.89844225284792512     
           3
  0.65410143357247885      -0.92979908136033362     
  0.59095009681284560      -0.94562633477837499     
  0.64372096958418157      -0.94899639116016865     
           9
 -0.23958829507287840       0.91758954942943738     
 -0.26396284475481840       0.92763314775929029     
 -0.27368288832903109       0.92988755406324985     
 -0.28798207430291728       0.92729577651338480     
 -0.29682752513253413       0.93170642457487918     
 -0.29591486482643953       0.90897012143820033     
 -0.30053971510454169       0.87446057039435521     
 -0.28856083984865799       0.87497443609783321     
 -0.27400286779272720       0.86954511576208759     
           7
  0.38196779794134339       0.38114003377640521     
  0.37013906118267759       0.39293747590587808     
  0.33887063937942935       0.41600188993187931     
  0.33615155084179649       0.35860567360708895     
  0.32633843092365339       0.34747875315155646     
  0.35309100842604396       0.34945077828313947     
  0.37455847494974825       0.37200073562444158     
           3
 -0.74728651378825306       0.93598060748165390     
 -0.80730280897084084       0.95225732096482973     
 -0.74057758260944107       0.91656294260922144     
           6
  0.37229519882751694      -0.56710706451376647     
  0.34788169827625204      -0.54701667592266556     
  0.31320043554761379      -0.57217151939223498     
  0.32505939378730997      -0.59302079173602695     
  0.36774083939593261      -0.59855527103089579     
  0.35758192547700246      -0.58690529278216219     
           8
 -0.45923979562313011       0.69250513945846526     
 -0.45769096115939334       0.72684308773497108     
 -0.53070773078365019       0.70692395703459832     
 -0.51752593299280836       0.68871575940832985     
 -0.51386280037746912       0.66000356562604023     
 -0.50229241898338906       0.66346628971356192     
 -0.48874533141460519       0.65472714180305192     
 -0.46186031173274578       0.66700804058446606     
           4
 -0.95691480198375611       0.60433538690915634     
 -0.99207083682238151       0.57601430294451827     
 -0.97564152073505628       0.56007903735651521     
 -0.93309094524220382       0.57065735899628378     
