   1.0000000000000000
   50.000000000000000     
          16
          12
   6.0000000000000000     
   8.0000000000000000     
   6.0000000000000000     
   10.000000000000000     
   3.0000000000000000     
   6.0000000000000000     
   4.0000000000000000     
   7.0000000000000000     
   1.0000000000000000     
   4.0000000000000000     
   1.0000000000000000     
   7.0000000000000000     
   7.0000000000000000     
   5.0000000000000000     
   9.0000000000000000     
   10.000000000000000     
           1
   0.0000000000000000        0.0000000000000000     
          10
  0.40716825865630668       0.56558894391020098     
  0.42369404215443768       0.58008527713751423     
  0.39952268766237992       0.58464713643885613     
  0.37029626100389518       0.58570318327783688     
  0.35450270225726904       0.58014751812125620     
  0.35103411969388387       0.56719003451027827     
  0.35431290518482306       0.50791957431684576     
  0.37338799753649893       0.50039233313620035     
  0.38964606535946189       0.51872341229671237     
  0.42823559226944347       0.52647746655198269     
           8
 -0.79654687845467931      -0.13072559550584800     
 -0.80998399655719511      -0.10894429753175017     
 -0.85778901686193598      -0.15615368199833290     
 -0.87284044337034183      -0.15945863056798737     
 -0.84805133081227269      -0.17366551706854866     
 -0.85495664612523070      -0.18389590567973896     
 -0.83871021773199750      -0.18798364127597378     
 -0.80534510307444684      -0.17195039322241523     
          11
 -0.30313215937813603      -0.31312298174254538     
 -0.31575121700102626      -0.31200311921353774     
 -0.30873184618125943      -0.29009771548674107     
 -0.32372110590843206      -0.28779605613524439     
 -0.33574769702749468      -0.28838380464998958     
 -0.36238788146120149      -0.29482994439356935     
 -0.37910926680532292      -0.30590996967644635     
 -0.37119726706582673      -0.35043233390188178     
 -0.33081478420937083      -0.34615173094308876     
 -0.30922453188591220      -0.34342501982030188     
 -0.29809913693080642      -0.33379663672773996     
           5
  0.41774368280481650       0.35401859426804100     
  0.38622527663309281       0.37190542026599027     
  0.33652151789021795       0.36893649723326327     
  0.36282747156017930       0.30052877345472873     
  0.39268793300825916       0.30358297162368786     
           8
 -0.16737785006701875      -0.13596861301133054     
 -0.22041885059367802      -0.10951404579048601     
 -0.21701973061189583      -0.13818114655998928     
 -0.21594975463120408      -0.16842323300303810     
 -0.18889873292495749      -0.18523828211734109     
 -0.18891853942962386      -0.17171604462320667     
 -0.17581535237724172      -0.17671137909205054     
 -0.15478639311579728      -0.16796026249959067     
           4
 -0.50094046762364619       0.52226782231819358     
 -0.57664102572830001       0.50090811900436916     
 -0.55552061510093287       0.48783661626194269     
 -0.53553774413720134       0.49529740534548822     
          11
 -0.38615419758574820      -0.88437367350352658     
 -0.38166854853567250      -0.83828019810467458     
 -0.42759046220927555      -0.84604366277050624     
 -0.45276250709760213      -0.85919246460536092     
 -0.44827008912529676      -0.87253879400261980     
 -0.45081669849963629      -0.89174761294619220     
 -0.45735137558789712      -0.90804426466228005     
 -0.44655669633497364      -0.91419210540046070     
 -0.42413679430983547      -0.91055185537325156     
 -0.41147143311161904      -0.91287039059326325     
 -0.41103755160472644      -0.89523729410575603     
          11
  0.47905396007710710      -0.76811973281308599     
  0.48572335774826303      -0.73924029362009103     
  0.46531299742049909      -0.74350397449511063     
  0.44000287311625735      -0.73908493002022491     
  0.43115504589375248      -0.74795526838851512     
  0.41610269024088836      -0.76687634786795023     
  0.40876459230373496      -0.77627091147530181     
  0.41612663789078602      -0.79740089781544965     
  0.43850440990909945      -0.80901934964906208     
  0.46670604245418451      -0.79988452966549228     
  0.47736765184774194      -0.79087144752771343     
           3
 -0.88469824009218045      -0.54684298824975430     
 -0.83803918107287911      -0.62064350961433445     
 -0.83777449487644340      -0.58879216424612069     
           6
  0.64304739754162676       0.31190724119605934     
  0.63565392953108313       0.32453579803055671     
  0.56052138070269542       0.32342856182464613     
  0.56667212086358076       0.29548526144257720     
  0.58919235105237866       0.25329015098997504     
  0.61586304683181758       0.25292523631933711     
          11
 -0.64777992056970435      -0.70594667704461367     
 -0.64720652108608434      -0.68170353529507210     
 -0.65770716967161869      -0.67012706800717070     
 -0.66661573725310708      -0.66063013554618455     
 -0.70721625131726928      -0.69205455149701522     
 -0.72034701335273410      -0.71749925592364228     
 -0.71117576856740883      -0.72890998162459786     
 -0.70987802560657931      -0.74158420853050244     
 -0.66965485045529793      -0.73010945542040495     
 -0.65750494714710628      -0.73547471274530263     
 -0.64009807043677314      -0.72147916281338165     
           5
 -0.57556356117231389      -0.20317717522257292     
 -0.63087324243099208      -0.20132191465563987     
 -0.63858874807965671      -0.23182243968584657     
 -0.60890070003225172      -0.26863643493086764     
 -0.56545318035929049      -0.27879356844603276     
          12
  0.18688125045200882      -0.65689275236573519     
  0.19185983632577119      -0.63985395538566059     
  0.13409718325009215      -0.64228681396740694     
  0.13128792679652115      -0.65907553542666941     
  0.11432283895923628      -0.69574396660195514     
  0.13680384070126891      -0.70443125899529591     
  0.14593364911191706      -0.71944281105150776     
  0.15688421650385453      -0.70365491004454184     
  0.16748317373498522      -0.70840623754797138     
  0.18733657761311856      -0.71183524722783709     
  0.19438605110023460      -0.70360955549510695     
  0.18283956989302314      -0.68902626858209159     
           3
   5.3192324620167201E-002 -0.31358995582973703     
  -2.6495166222642572E-002 -0.31296195422836565     
  -4.4191832682721303E-003 -0.37380186313639763     
          12
   7.7490631578667535E-002 -0.88234075208757012     
   6.5113921325623436E-002 -0.87840804125996275     
   4.4756177593588173E-002 -0.86437000127773944     
  -4.1483963361162793E-003 -0.85883352444633732     
  -2.3803732053750276E-004 -0.86875767938428883     
   1.0442409065450152E-002 -0.88956142689351059     
   3.3810770898935680E-003 -0.92388765313567522     
   3.1103502574088039E-002 -0.91474965248576134     
   5.0436090979750027E-002 -0.92466773209330333     
   6.4693345820677664E-002 -0.93221478409365233     
   7.9683475451283875E-002 -0.91989597643755883     
   7.1058366938015205E-002 -0.90944220395616460     
          11
 -0.89763362742058705      -0.72639007920505994     
 -0.97785593824958417      -0.70781738848936260     
 -0.96391398333799450      -0.73185539119284826     
 -0.97398691612086230      -0.71967027798767336     
 -0.96478068553819574      -0.74929249026240363     
 -0.97631441536688635      -0.78020440561580562     
 -0.96812623671248932      -0.77292238594239948     
 -0.96472103906130557      -0.78604463743403241     
 -0.93373157365775117      -0.77377729744460433     
 -0.91718111411531267      -0.77756338931702762     
 -0.90719467697896483      -0.77123764753969781     
