   1.0000000000000000
   50.000000000000000     
          50
           8
   4.0000000000000000     
   10.000000000000000     
   1.0000000000000000     
   2.0000000000000000     
   2.0000000000000000     
   10.000000000000000     
   10.000000000000000     
   2.0000000000000000     
   2.0000000000000000     
   4.0000000000000000     
   5.0000000000000000     
   8.0000000000000000     
   4.0000000000000000     
   3.0000000000000000     
   6.0000000000000000     
   6.0000000000000000     
   2.0000000000000000     
   2.0000000000000000     
   3.0000000000000000     
   9.0000000000000000     
   1.0000000000000000     
   10.000000000000000     
   6.0000000000000000     
   8.0000000000000000     
   9.0000000000000000     
   10.000000000000000     
   8.0000000000000000     
   10.000000000000000     
   9.0000000000000000     
   9.0000000000000000     
   1.0000000000000000     
   5.0000000000000000     
   6.0000000000000000     
   3.0000000000000000     
   8.0000000000000000     
   1.0000000000000000     
   1.0000000000000000     
   7.0000000000000000     
   8.0000000000000000     
   9.0000000000000000     
   3.0000000000000000     
   2.0000000000000000     
   1.0000000000000000     
   9.0000000000000000     
   6.0000000000000000     
   5.0000000000000000     
   7.0000000000000000     
   5.0000000000000000     
   2.0000000000000000     
   5.0000000000000000     
           1
   0.0000000000000000        0.0000000000000000     
           4
 -0.86391578431802163      -0.73208142395671016     
 -0.88114823757034688      -0.73025615699579682     
 -0.89878886693242566      -0.73007548942353762     
 -0.86207199289141645      -0.75401904908604556     
           3
  0.46219485001676341       0.35662921257326652     
  0.44986503987551363       0.35634233084949302     
  0.47818424287752370       0.33234054531735946     
           5
  0.88939272482112419      -0.50002660993865922     
  0.85893356909827467      -0.48370079289195350     
  0.86129856766250146      -0.51488333191324498     
  0.87535685901334570      -0.51496109912247801     
  0.88477162798820785      -0.51797626346257919     
           8
 -0.60452615051391023       0.50081659539611800     
 -0.59850915817788519       0.51347024254659290     
 -0.60436767860163321       0.51880510381493317     
 -0.62630539797002960       0.50875162555468589     
 -0.64206298888395086       0.50975202634100991     
 -0.61460406511552768       0.47902663895164266     
 -0.60279913882685132       0.47575368120773043     
 -0.60261444260887420       0.49358594199336059     
           3
  0.36357987803426695       0.39132023402818250     
  0.34017335819632472       0.38599386216851223     
  0.35746828053978830       0.35631112354562711     
           5
 -0.91188959415638471       0.32731760613877559     
 -0.92993574473752594       0.32148462732933569     
 -0.94120546757441181       0.30579974923089270     
 -0.92277899257529750       0.28608209721435041     
 -0.90934992049267283       0.29251177391902022     
           5
 -0.29892622112171918      -0.40559030416856728     
 -0.31152771700088600      -0.41604846318419109     
 -0.30521187177438036      -0.42652315398044716     
 -0.30873689849797814      -0.44298533905474236     
 -0.27206200272315495      -0.43761069594506113     
           5
 -0.94591679160516928       0.40254819834537281     
 -0.95542461737542783       0.40923123725609734     
 -0.98197486395878986       0.37828828985787266     
 -0.95555231123468720       0.36964172269111856     
 -0.93882322809071506       0.38290955151219208     
           5
 -0.31388206198158791       0.65049277553374207     
 -0.32894953792468651       0.63967411446879952     
 -0.34881927428843007       0.60345666084501026     
 -0.31429553425357087       0.60882537239169543     
 -0.32040733776910013       0.61934346094852966     
           6
 -0.11792874763847627      -0.23359403274347354     
 -0.14054478336588000      -0.22948835972178844     
 -0.15871985533221505      -0.24655208663836350     
 -0.16311923382063540      -0.26130593186101675     
 -0.12418034904085112      -0.27013867104176265     
 -0.12594575971197627      -0.25358014916911903     
           7
 -0.81230505104842410       0.61011362584605011     
 -0.85073100293033321       0.61760568822966611     
 -0.85160613760252335       0.60615570395414564     
 -0.84808626354958061       0.58500674816615383     
 -0.83584416289553432       0.58085412358350197     
 -0.82764486631188916       0.57813892726188465     
 -0.81639275139681822       0.59182623243935450     
           4
  0.13389870914075463       0.78144626778444148     
  0.10078186233708290       0.75966118633503399     
  0.12693619803246911       0.75015214257452922     
  0.13560262472968601       0.76012559106682331     
           3
  -3.8745305778620552E-003  0.28714104451738437     
  -1.5035717802248740E-002  0.28299179670894986     
   1.8651156558001598E-002  0.28323023344156284     
           7
 -0.25211703035724703      -0.58775755358989223     
 -0.27194870698385643      -0.57218254324870010     
 -0.28935891027569965      -0.56942470538307066     
 -0.28312215543780683      -0.58644709698521369     
 -0.28921535592087444      -0.60619640570683719     
 -0.27218729516965900      -0.61396080020202182     
 -0.26887840572113020      -0.60487297924321870     
           6
  0.93944836479070093      -0.82830168344290867     
  0.92110466875772978      -0.83802199774159425     
  0.91234563672747859      -0.83673984374355448     
  0.90050168782529727      -0.85245261829219887     
  0.94048679818991709      -0.86470829977360253     
  0.93410096320282521      -0.85479643905130298     
           6
  0.67581944192194632      -0.27322876230535903     
  0.66624757652359556      -0.26508426631742621     
  0.66149975233500213      -0.25738961386025117     
  0.63599256450708486      -0.29599061029252738     
  0.64265550848360153      -0.30256219530519385     
  0.66573559735421828      -0.29670406949468175     
           8
  0.50355065998056836      -0.71466048508804880     
  0.50115218569891251      -0.70721658568560242     
  0.47549543498328972      -0.71205170423959030     
  0.47436826313224945      -0.74636819743164140     
  0.48572753338037444      -0.74434361859792164     
  0.48528107545232990      -0.75252340511810378     
  0.50523347699271381      -0.74765637798455586     
  0.51345991661595047      -0.73508666142846890     
           5
 -0.41513126095312741       0.80607142443684632     
 -0.45697114475451472       0.80265947076201960     
 -0.45093848932079250       0.78462403188393970     
 -0.44869476842087258       0.77269917202953731     
 -0.42655381812592685       0.76916919418505547     
           3
 -0.61280149078156854      -0.12975543160511332     
 -0.64633116530858359      -0.13338519237261981     
 -0.62435706379977784      -0.14872441313840140     
           6
 -0.38801021491344717      -0.39462895629312139     
 -0.42066242240284002      -0.39659846180588693     
 -0.42947388098465816      -0.39463305292053913     
 -0.41064310741050847      -0.42888603671894393     
 -0.38712293010930338      -0.42392067845947712     
 -0.39015669209808057      -0.41398199808972580     
           4
  -4.9532728833781445E-002  0.71325124982992072     
  -4.9490915913689398E-002  0.73014387009312132     
  -6.1998207589555557E-002  0.68631252631714457     
  -4.5172682594977337E-002  0.70381530863903552     
           8
 -0.60275196830328959       0.82372342661394515     
 -0.61681003526889921       0.82757243646179723     
 -0.62507348766546778       0.82979637140205376     
 -0.64032158382176230       0.82066106707376518     
 -0.64734242943351716       0.78873483880280271     
 -0.62944824103783148       0.78800869820767960     
 -0.61481837611705448       0.79236813272524875     
 -0.60723948310361253       0.79735643236744436     
           7
 -0.43351351191080828      -0.65431627233630574     
 -0.43172325351777857      -0.64517749085813558     
 -0.44181140862715218      -0.64312048181077930     
 -0.45722748776896605      -0.63413772319274453     
 -0.47707918997932441      -0.66119392989597148     
 -0.44348342321032358      -0.67351713933354784     
 -0.43438320729419694      -0.67232771940033165     
           7
 -0.96576093700880317      -0.52303930620479000     
 -0.97616708108152095      -0.52553516680361334     
 -0.98671267756629844      -0.52029756469472432     
 -0.98200364022246245      -0.54301538410589067     
 -0.94681355467592587      -0.55704067556557912     
 -0.95065443357029222      -0.54214265746869572     
 -0.94187162302427341      -0.53569765565856509     
           4
  0.21974651566810979      -0.41096046657542490     
  0.18336424324192446      -0.39719397286931779     
  0.18349128892533279      -0.41748814467195700     
  0.22701273951434348      -0.41909481259901316     
           7
 -0.28469968458999723      -0.11469429739215073     
 -0.30735685745833419      -0.11612342431200959     
 -0.31154644750087995      -0.13222808801514513     
 -0.30658324613193422      -0.14532328825964930     
 -0.28646555101226279      -0.15478537977480777     
 -0.27292236240740053      -0.14100131247992531     
 -0.27925898598951082      -0.13681988046948201     
           4
 -0.18797637824743219        9.9705723775580749E-002
 -0.23316736108381492       0.11263635195932142     
 -0.21816153058109242        6.7175993371243164E-002
 -0.19476007631510397        8.5344887078574877E-002
           3
  0.63395985852589964       0.54026866504109639     
  0.62427127755998968       0.49737661571963449     
  0.64172927618431996       0.51407821356581307     
           3
  0.84591191939676891      -0.34019090922557726     
  0.85158614959928858      -0.35653444392294908     
  0.86714157094524547      -0.37510292970448811     
           5
   1.3359365163931554E-002  -5.1691883612069292E-002
   1.0325082572217835E-003  -5.1333547258954809E-002
  -1.4528088818409716E-003  -8.2753502009853791E-002
   3.0170361876133617E-002  -8.2406763836603489E-002
   3.5563299020919564E-002  -7.4432620635182231E-002
           4
 -0.95190138183767226      -0.37974362696003688     
 -0.96564267769330814      -0.39181020906245489     
 -0.94924247069065248      -0.41910666555654091     
 -0.93621881758078873      -0.41697218164407329     
           7
  0.33476348749765233      -0.95278890350668577     
  0.31938453327616245      -0.95671494189013351     
  0.30770171649229677      -0.95871891996473624     
  0.30324642394548446      -0.98241424267103827     
  0.31710893938441786      -0.99058150725868166     
  0.33962944460380795      -0.98360519883098141     
  0.34143423832832293      -0.97512007526647893     
           6
   3.3541184991999519E-003  0.32484055218709640     
  -1.0552053468986852E-003  0.33889425981479998     
  -3.1457803968351433E-002  0.32597938328746739     
  -3.5146149790672529E-002  0.30804161686563586     
  -1.0594616327390213E-002  0.30462261871263696     
   7.9410779337467444E-003  0.30793069452515737     
           7
  0.84530296960250917      -0.94791554929399158     
  0.83781455030799767      -0.95099569483153990     
  0.80562577210425268      -0.95348657561116434     
  0.80456349562946661      -0.97488196652094039     
  0.80355408875074152      -0.98951436350909572     
  0.84256030824073236      -0.99341790950841047     
  0.84299284440635125      -0.97427220988868246     
           3
 -0.89130290023274727       -1.9298229165214835E-002
 -0.92937382325373841       -2.1591071497020976E-002
 -0.88880011439747819       -3.7210461135910602E-002
           7
  0.49421438486172242       -8.7172772571242035E-002
  0.48750705887280282       -9.1682747452984201E-002
  0.47565885349495857       -8.0954518793261224E-002
  0.46761195429371083      -0.11335564290073971     
  0.46966926579119334      -0.12291645992692651     
  0.48136658042535879      -0.12219608605058381     
  0.50672383666750598      -0.10501571494723426     
           6
  0.27842583608882088       0.78068003527205554     
  0.25592498191507668       0.76105028715212797     
  0.25298040281418915       0.75120212432440958     
  0.28006722507592097       0.73726045316143107     
  0.29892373875725470       0.74370309210561536     
  0.29040716136057587       0.75376730104904965     
           6
  0.64781434703559659      -0.38630894290405049     
  0.62921170749901723      -0.38800098181627507     
  0.61933885686607737      -0.39256645531522294     
  0.61813328614631213      -0.42180827455670922     
  0.61283058341574836      -0.43189625788682129     
  0.63930958166457186      -0.42266899297945199     
           7
 -0.74148916049422442       0.12692910536881202     
 -0.75861667304283620       0.12886016549657925     
 -0.76962011331818003       0.13051496902962395     
 -0.77089148441487498       0.12213149599144060     
 -0.77879669905460647       0.11951264509135377     
 -0.78428613809289571       0.10629440741464929     
 -0.74787056083884951       0.11339441235484815     
           4
   8.3437256627948569E-002 -0.67440771411589595     
   5.7831162202179806E-002 -0.66068908132864745     
   4.2955553519817981E-002 -0.68012115045969745     
   4.1951486740488028E-002 -0.70298208658779349     
           4
  -9.7490839105694477E-002 -0.49162849933546643     
 -0.12854122815855520      -0.51622270263044800     
 -0.11601386445238276      -0.52695910419612191     
 -0.10742716881426768      -0.53430110541811049     
           8
  0.55761031886615087      -0.24903885385095673     
  0.54867675762331736      -0.24168148547979165     
  0.53734358404411053      -0.24600750334188504     
  0.53229553950630126      -0.23816739190165787     
  0.51702177781737868      -0.23775514957375032     
  0.53801751088407468      -0.28495150634522148     
  0.55160726017794259      -0.27245865633209582     
  0.55635803657450678      -0.27952534426247821     
           7
 -0.10117799883968255      -0.92188078436053911     
 -0.13013644701906105      -0.91290762546570836     
 -0.13747926078205075      -0.91828534458761701     
 -0.14573209795025888      -0.93361044594216513     
 -0.12737537331577170      -0.94986740015042848     
 -0.10884341115870316      -0.96029500257825018     
 -0.10599721804816006      -0.93836715499673273     
           6
 -0.18197650741840671       0.91654723680553063     
 -0.20451135994741304       0.91338466984451727     
 -0.20338682015160023       0.90346421082876471     
 -0.20089548968900039       0.88898070975483945     
 -0.17485501836762107       0.87635513071976423     
 -0.16048502296157924       0.87317937161334036     
           4
  0.28194892135596888      -0.47306636185868289     
  0.28039063771560907      -0.45359926736963807     
  0.24639026136670264      -0.48095757984205573     
  0.28028960372399425      -0.48602453996845724     
           6
 -0.45170060815928004       0.94881426934085444     
 -0.44581214097551469       0.95689665530877488     
 -0.46587809602191116       0.95413785128175277     
 -0.48093360221268711       0.94853563815448305     
 -0.45181642089336571       0.91295164622198333     
 -0.43854917534615145       0.94299125318108235     
           3
 -0.62521663594224730       0.19261282919590350     
 -0.63254971944804439       0.15481236336032572     
 -0.61634254830698243       0.16547843516566382     
           3
  0.82076418370299264      -0.32142422519124808     
  0.78980969983312455      -0.35080324756303677     
  0.81812523791432323      -0.33842176749741371     
           6
  0.50491733565441665      -0.29483404112970457     
  0.48377967698773461      -0.28147109112801322     
  0.47516086271116958      -0.27505930312326621     
  0.46016009415318931      -0.29149222376393369     
  0.47391637600422981      -0.32149478592073882     
  0.48267576906749476      -0.31670905805635630     
           4
   1.1373940166231038E-002 -0.10558202832033729     
   7.9304213563041147E-003 -0.12385496377605965     
   1.9492172496640814E-002 -0.14801966815895579     
   4.6274831356505119E-002 -0.13010717658029233     
