   1.0000000000000000
   50.000000000000000     
          46
           8
   5.0000000000000000     
   5.0000000000000000     
   6.0000000000000000     
   1.0000000000000000     
   6.0000000000000000     
   10.000000000000000     
   5.0000000000000000     
   3.0000000000000000     
   7.0000000000000000     
   10.000000000000000     
   8.0000000000000000     
   8.0000000000000000     
   10.000000000000000     
   10.000000000000000     
   4.0000000000000000     
   2.0000000000000000     
   4.0000000000000000     
   10.000000000000000     
   6.0000000000000000     
   1.0000000000000000     
   4.0000000000000000     
   1.0000000000000000     
   7.0000000000000000     
   3.0000000000000000     
   9.0000000000000000     
   8.0000000000000000     
   1.0000000000000000     
   8.0000000000000000     
   7.0000000000000000     
   9.0000000000000000     
   6.0000000000000000     
   10.000000000000000     
   2.0000000000000000     
   10.000000000000000     
   3.0000000000000000     
   6.0000000000000000     
   4.0000000000000000     
   5.0000000000000000     
   6.0000000000000000     
   6.0000000000000000     
   8.0000000000000000     
   6.0000000000000000     
   9.0000000000000000     
   3.0000000000000000     
   6.0000000000000000     
   1.0000000000000000     
           1
   0.0000000000000000        0.0000000000000000     
           4
 -0.46628255435544697      -0.30422667694770922     
 -0.51135081929999282      -0.31849465271125027     
 -0.49340694428174225      -0.33597602025455581     
 -0.48047626671860866      -0.33587048439631356     
           5
 -0.46977466567194559      -0.87216260456787398     
 -0.48418244394586102      -0.87525935360600104     
 -0.50919882592369714      -0.87296565041057184     
 -0.50404533567827803      -0.88211965172027584     
 -0.47704616893938429      -0.91198074557842790     
           4
   8.7081035499143422E-002  0.54329036514551476     
   4.2843420603285810E-002  0.54617578610122453     
   8.1305522966221414E-002  0.51749571520299331     
   7.8549854043988995E-002  0.52834853567754703     
           5
 -0.93765888233635353       0.50714847837351695     
 -0.96575601132803801       0.52177444284558339     
 -0.98482416795485817       0.49027440312416121     
 -0.94229460432284717       0.48454160326291285     
 -0.93607947565938099       0.49303274285188936     
           4
 -0.82009802299126022       0.47359042717070921     
 -0.86836979988767338       0.50243546473055445     
 -0.86165637431345610       0.45836313015749691     
 -0.82110495883188106       0.45597445200555664     
           6
 -0.17027063896307848       0.49953085875523773     
 -0.19826253312849149       0.49519983406599000     
 -0.21405563282379392       0.49938463358732310     
 -0.19882066935372528       0.46140100278839802     
 -0.17790084005401516       0.45797463501579816     
 -0.16919109895360068       0.46052030396861632     
           4
  0.10681113590301231      -0.70479976738182604     
   7.2754091045445543E-002 -0.69963636784034089     
   7.1798865728526853E-002 -0.71643523237925988     
   9.7701364625942130E-002 -0.73977628470004009     
           7
  0.21561459526735324       -6.1360628813514312E-002
  0.20714449702113300       -7.1184802470880673E-002
  0.20698423948704670       -5.7637410481976889E-002
  0.17668542844712279       -6.8097940562287518E-002
  0.20683909781541568       -9.6490069231263159E-002
  0.21869424846273464       -9.2076697064460908E-002
  0.21285116375401261       -7.8822893420214465E-002
           3
 -0.46121052389960443      -0.59032338252709871     
 -0.48618190256105343      -0.59778981837294742     
 -0.44952130106614763      -0.61658761872669876     
           4
  0.67256798116149952       0.94682324839320098     
  0.63432945372347904       0.95354808637792854     
  0.64526530591267084       0.93208060766807688     
  0.67991471892320776       0.92314734682123922     
           6
 -0.51665159665184146       0.24938290987610071     
 -0.52460107793057187       0.25567610464182511     
 -0.53167929072676312       0.24674122813544677     
 -0.52344621526015656       0.20572871629750603     
 -0.49679108706054231       0.21620656222101503     
 -0.48177798079942175       0.22904781659257498     
           7
  0.50214474121816244       0.76423361418996449     
  0.50261933297310835       0.77293611294682774     
  0.49147235517326709       0.77021749024569020     
  0.48605347417202371       0.76250814826109459     
  0.46950659765216102       0.76466303304979599     
  0.48617339991501113       0.73508443715888594     
  0.50794137738590184       0.73645005981109013     
           8
 -0.95659495714051412       0.42884469861108854     
 -0.96572085711455613       0.42924552231153923     
 -0.97087449198946196       0.43596873583670792     
 -0.97960561178251604       0.43163912255144554     
 -0.99530443816815650       0.43693829060365286     
 -0.98256808817029617       0.38873012266407392     
 -0.97552073413598128       0.38977570668584266     
 -0.95885192908414518       0.39385798528270494     
           3
  -8.4493513286677716E-002  0.79023201042346136     
 -0.12468898370933811       0.79916844879035087     
  -9.1621353071472983E-002  0.76442260584733601     
           7
 -0.56171527989519043       0.62941148035283467     
 -0.58004362896511386       0.62053683293038975     
 -0.59175855979092951       0.62332997625405751     
 -0.59129417990996946       0.61362768444100102     
 -0.57840152242074550       0.58763454014841598     
 -0.56361729927924642       0.58429159083935822     
 -0.56430665511935563       0.59240193319071410     
           6
  0.33142891563139443      -0.12619872618732433     
  0.31883054180717740      -0.10849303234026031     
  0.31054321218352671      -0.11104847670995008     
  0.29024870222891469      -0.11941059435776241     
  0.29383572703263905      -0.15232247801784965     
  0.32703038897622089      -0.14614423111027508     
           8
 -0.14356877289120420      -0.22757156560696315     
 -0.15224176659059813      -0.22540836765520972     
 -0.16799226749121798      -0.22032111162608084     
 -0.17259357719717178      -0.22639009791315412     
 -0.18627474627648383      -0.22438476236839636     
 -0.18583315168781456      -0.25951171885022323     
 -0.15054510925722384      -0.26083260268604397     
 -0.14226262696895287      -0.23759554036951436     
           3
  0.16503151661588764      -0.37623610613050823     
  0.16501251713895457      -0.38910796392071650     
  0.19806096566383513      -0.38871983693395940     
           4
  0.74216619314583399      -0.79104783593908179     
  0.72697080844693629      -0.80291928379182731     
  0.72392776308904505      -0.82091538472943504     
  0.75710773559050848      -0.80624563231861757     
           6
  0.53230696218632489      -0.79593787970550411     
  0.51790256069341190      -0.79335646227263978     
  0.50943183790752822      -0.81367727405434609     
  0.51307766614468486      -0.82871229692705095     
  0.52270434653729092      -0.83993627897615464     
  0.54893370840783273      -0.83475826855055069     
           6
  0.41450804101698291        8.2602448374158449E-002
  0.40196355519770532        8.6646788166467564E-002
  0.38305799386545752        8.0890096945787693E-002
  0.39295057850683640        4.4084342339227325E-002
  0.41821617958992313        4.2234010432339514E-002
  0.41641163615130833        5.2055188991650972E-002
           4
 -0.16384541527147528       0.90105012968808529     
 -0.16738174034060457       0.86671539961696342     
 -0.14981408778731786       0.85941165125182262     
 -0.13270221131350335       0.85318811079375023     
           6
  0.80329944616810478      -0.90853361511271946     
  0.79197057123289261      -0.90387388175357430     
  0.77108129464469943      -0.89770200988830684     
  0.76445463774848565      -0.92757025923145309     
  0.78787189653742729      -0.94067129175485587     
  0.79783192851326823      -0.91647292464078967     
           7
 -0.22190874254038462       0.84939638049958255     
 -0.21461776364368174       0.85901367969234443     
 -0.23192477245631743       0.85447307917077142     
 -0.23399079038107645       0.86217626711243367     
 -0.25185624610715279       0.81861509862039183     
 -0.23916233360202149       0.82329086794334494     
 -0.21625714013702710       0.83564915634380843     
           4
 -0.44876767906802351       0.10323824965557557     
 -0.48393370739241065       0.11223454296292588     
 -0.48849966606994699        8.7405589241031229E-002
 -0.45169816734241419        8.7199553132746355E-002
           7
  0.62924791201699248       0.53270639425395960     
  0.60973336726515293       0.55791912925204756     
  0.58109547380722382       0.52426106475276002     
  0.58978341681089241       0.51797386455937067     
  0.61332556650330849       0.50982318140284333     
  0.61141452424663212       0.51735743910716814     
  0.62110838768775101       0.51162033299273446     
           8
  0.78675154100083389       0.26645400974139333     
  0.79006464383550357       0.27759624937364702     
  0.78035509186480512       0.27503319803046655     
  0.76844280122531450       0.28070042234488823     
  0.75874516367048372       0.27408139114004143     
  0.74250958829064495       0.24750917706779635     
  0.78028039479001976       0.24540886620977004     
  0.78216512325633403       0.25529726042522899     
           8
  0.31355746622901731       0.47850901025647619     
  0.29969931622769375       0.46836871611727726     
  0.29060713523546772       0.47365515698870125     
  0.28217728061367842       0.47622548525712571     
  0.27215401627421071       0.46186401125146359     
  0.26489600115128331       0.44443954769335747     
  0.29461912661310541       0.43260162386635104     
  0.30289850266147111       0.45470750393308457     
           5
  0.53795093024177976       0.58303172062052622     
  0.50361331497769402       0.57158434682958714     
  0.49655351664750230       0.56568904935396735     
  0.49496575727874792       0.54157187777130156     
  0.51619276391107749       0.54226036376529663     
           3
 -0.24705113125940636      -0.17071576650842857     
 -0.28656399536071081      -0.18117804850585761     
 -0.27893109023826412      -0.19632595085191568     
           6
 -0.75081336851259339       0.16976244296594120     
 -0.74705946042709492       0.18358671686944983     
 -0.77845466788739826       0.18420800273814014     
 -0.78737869791956594       0.15538568642072406     
 -0.78057837292761689       0.14172089422267828     
 -0.75065097461951658       0.14104544469442726     
           4
  0.80294904872587514       0.38604559311361791     
  0.79181655123691108       0.37132059613939394     
  0.78560740018790731       0.36114443914369732     
  0.79899856233966116       0.33715489667338366     
           7
  0.12770598263981273       0.74113464528084239     
  0.12632111375341099       0.75602194933715372     
  0.11917622053244377       0.75004779404305211     
   9.9520488480353303E-002  0.75179359824079917     
  0.10611281265294771       0.71538568008529935     
  0.13207460150587746       0.71809846518739784     
  0.13343704378396981       0.73489028997345274     
           4
 -0.93862233233046721       0.76343768131526057     
 -0.94782639939292124       0.77804443784510013     
 -0.95548011051709936       0.74995822011478663     
 -0.94005511990790369       0.73908642271037328     
           3
 -0.92618688225950763       0.69074672393007630     
 -0.95368345518083308       0.68599097913877394     
 -0.93463617241101915       0.67311645518091723     
           7
  -4.7179361091290534E-002 -0.74566043204109844     
  -6.8859300636160747E-002 -0.74855899534817549     
  -7.5334793770514066E-002 -0.74051209912953486     
  -9.6272437256069654E-002 -0.78111179367477812     
  -8.6502126511699168E-002 -0.77888386997254122     
  -8.9954965000389436E-002 -0.78909522221255102     
  -8.0148320075308158E-002 -0.78910342535159272     
           8
 -0.39246988816667200      -0.86264888549223617     
 -0.40595084829563566      -0.86670758270435888     
 -0.41282464264092483      -0.86203280799750637     
 -0.41313852627707348      -0.87670972150630255     
 -0.40512503124067606      -0.87970691974498938     
 -0.40039112481214822      -0.89240205799750771     
 -0.36667140198706749      -0.89756836359037795     
 -0.36860337794087317      -0.88433901067752485     
           7
 -0.36826104083510619       0.68812875240605664     
 -0.37377106034172314       0.68091630572716577     
 -0.37099444223908629       0.66462861744874291     
 -0.36296101418653753       0.63911787880393922     
 -0.35346408157010267       0.64346487164928790     
 -0.34479409293418956       0.64187096361274620     
 -0.32738698591341964       0.64327421761589798     
           3
   7.1083797884065686E-002 -0.85630002910605718     
   4.7877290157975802E-002 -0.87638331184548635     
   7.9578580609187308E-002 -0.89128234508917614     
           5
  0.29877777972983960      -0.92598719654240125     
  0.27016074167266246      -0.91558089162664269     
  0.26138309844333657      -0.93569902077291045     
  0.25983827181806002      -0.95330105844560009     
  0.30103409293265576      -0.95314733192819590     
           3
  0.24613941625698149      -0.15878019576716909     
  0.23002063126881370      -0.16332118684305927     
  0.26650265601788370      -0.17001023605792806     
           7
  0.29158446158007123      -0.64980897857109299     
  0.25954299044616719      -0.63188279356329724     
  0.25256184377619534      -0.64383982549268970     
  0.24647745902716636      -0.65115984413995853     
  0.28338124937923870      -0.66871386908033881     
  0.29099076586112615      -0.66835151860716258     
  0.28128230946889826      -0.65250118259516610     
           7
  0.74831601928086999       0.38559982324152875     
  0.74451523178647516       0.40107959341641725     
  0.73856438450573980       0.39080656353814208     
  0.70678931731893413       0.39154940574560754     
  0.70711263892693577       0.36054874483770322     
  0.73884489095753259       0.35526705795011554     
  0.74688063776728508       0.36872767162856368     
           3
 -0.25831746475728362       0.79098683870309006     
 -0.25905244179397036       0.74739721589952490     
 -0.25062743267620569       0.76553928516343761     
           6
 -0.27991151758406879       -7.3521856667558422E-002
 -0.27751589257891501       -5.7661162843978375E-002
 -0.29179635789896669       -6.6175553460257969E-002
 -0.30000745191926087       -6.4324008149792250E-002
 -0.32309535989860538       -8.3041628993693245E-002
 -0.27961831099371048       -9.9911700734270456E-002
           7
 -0.57682836860405273      -0.34734361053418961     
 -0.58466545012933602      -0.34173725756232026     
 -0.59860165046423675      -0.33570932036295692     
 -0.61433156698087843      -0.34218806567481308     
 -0.61909484161470218      -0.36340582729352455     
 -0.58249397809136783      -0.36471187910314978     
 -0.57437043647393293      -0.35687029598806308     
