   1.0000000000000000
   50.000000000000000     
          36
          10
   8.0000000000000000     
   8.0000000000000000     
   6.0000000000000000     
   5.0000000000000000     
   9.0000000000000000     
   9.0000000000000000     
   8.0000000000000000     
   3.0000000000000000     
   6.0000000000000000     
   3.0000000000000000     
   3.0000000000000000     
   1.0000000000000000     
   2.0000000000000000     
   4.0000000000000000     
   1.0000000000000000     
   9.0000000000000000     
   1.0000000000000000     
   5.0000000000000000     
   1.0000000000000000     
   7.0000000000000000     
   9.0000000000000000     
   8.0000000000000000     
   4.0000000000000000     
   2.0000000000000000     
   8.0000000000000000     
   2.0000000000000000     
   1.0000000000000000     
   6.0000000000000000     
   5.0000000000000000     
   7.0000000000000000     
   4.0000000000000000     
   10.000000000000000     
   2.0000000000000000     
   3.0000000000000000     
   6.0000000000000000     
   1.0000000000000000     
           1
   0.0000000000000000        0.0000000000000000     
           3
  0.43579466977748937        7.5374687868180371E-002
  0.40662104720041908        4.0148443968653233E-002
  0.43123362327643777        3.2246836950111123E-002
           8
 -0.85807294636009290       -2.6036997623225928E-002
 -0.85964881149449579       -1.1224965831437332E-002
 -0.90699605257580529       -1.4430098704859742E-002
 -0.90590873283420148       -4.1850727903331372E-002
 -0.89439864506876066       -6.1880785826320749E-002
 -0.87801955337252302       -5.9094891831335664E-002
 -0.86719191471068102       -5.9776681446694985E-002
 -0.86635952182837850       -4.1626017649865843E-002
           3
  0.55460605778126326       0.45289743247876907     
  0.54902225659331150       0.42536957412202020     
  0.58841406668337515       0.43596833046745387     
           6
  0.43510815354556032      -0.86342473331937930     
  0.40985643921428150      -0.85880477962426593     
  0.39763563016775649      -0.89045175211055794     
  0.43124842966376326      -0.89736880940515340     
  0.44201032312839189      -0.90606461754356338     
  0.44085050549242333      -0.88468053409728942     
           5
  0.67550634672097498       -1.7249917503765991E-002
  0.68035067928545123       -4.9404310553347909E-003
  0.64745815230454573       -1.6758860813088146E-002
  0.63190726311900547       -1.4086639684606404E-002
  0.68133676615738370       -5.9466120807731650E-002
           8
 -0.86038968502865432       0.57318927797736452     
 -0.89091797065223066       0.57547683574670794     
 -0.89913832702199026       0.57586669360408260     
 -0.89076754307854644       0.56337188319058762     
 -0.90013891653230493       0.55985162075789929     
 -0.86485153780412360       0.52289459290901452     
 -0.86614237515940240       0.53616127599338748     
 -0.86991679761147944       0.55023768368509085     
          10
  -2.2885420949966186E-002  0.22471881059884330     
  -1.8838074653510017E-002  0.23660633052762925     
  -2.5638977249647223E-002  0.24918965321556330     
  -6.7532012012836276E-002  0.23160739663277319     
  -7.3111713377751408E-002  0.21525023715488234     
  -5.9103315995497709E-002  0.21094535492062130     
  -5.5242540078058525E-002  0.20483596714648178     
  -2.8863905981286794E-002  0.20326768989072885     
  -2.1138084679230319E-002  0.20507082230780485     
  -3.1789979914639728E-002  0.21498600823143774     
           8
  0.59494739048659451      -0.76365599476373447     
  0.58556910256883854      -0.76791759980963537     
  0.58233430968905131      -0.74868619346328946     
  0.56273283464919110      -0.75461371438338165     
  0.54198563596024674      -0.79095464877594068     
  0.54698669629467955      -0.80033276992624669     
  0.57775880493669796      -0.80387376642184427     
  0.59216019442577461      -0.78495337553581035     
           5
  0.87361730974262675       -3.6167219348171804E-002
  0.86125839159919892       -2.1877680704502665E-002
  0.82931819002084173       -2.0565520290458602E-002
  0.82470339815872973       -4.3231224199443224E-002
  0.86553898173336841       -7.3577836218114756E-002
          10
  0.91926859716742537      -0.59726752623027268     
  0.92120301922887982      -0.59025608234972715     
  0.90652839846582689      -0.58257234319924944     
  0.88825274715660929      -0.59110080543065668     
  0.87657215584479642      -0.60770753343262385     
  0.88471675559334606      -0.61116833223308931     
  0.90304551003553324      -0.63389594453188247     
  0.91149982011367370      -0.62820765462410566     
  0.92367773752914983      -0.62462000241388993     
  0.92626522716232618      -0.61115699102485688     
           9
  0.55993172996300078       0.96804862444039774     
  0.55267975660689050       0.96277420776312239     
  0.52988710508323134       0.95858351090348981     
  0.53656751014465731       0.94152406371668551     
  0.52606151731283324       0.92101479012967147     
  0.53301391785384422       0.91431624346893037     
  0.57125846773830702       0.92641170786316596     
  0.58024457789488937       0.92113474711523702     
  0.57405862861739898       0.93466868174611994     
           5
  0.10890341431467940      -0.35766311745457979     
   6.8698703212208931E-002 -0.34748781474385376     
   5.9083994917238335E-002 -0.34154984374464398     
   6.7164693535343364E-002 -0.37976645778255813     
  0.10696782033751517      -0.38437094866957938     
          10
 -0.81631678082584946       0.10595906074342591     
 -0.84660455103469878       0.10913731104265027     
 -0.85583801762027600       0.11401670625514174     
 -0.84388511823736712        8.8503033408993140E-002
 -0.85326035352843466        7.7811898220057116E-002
 -0.85524301332350305        6.8359242047669855E-002
 -0.84438815425096814        6.3290679771627584E-002
 -0.82708826856732731        6.8873911670403923E-002
 -0.81027691236058519        6.2116044701198692E-002
 -0.80213449118156321        7.9775054746003743E-002
           6
 -0.30029007373824135        9.0107752703177790E-003
 -0.31972945613987303        1.3827960900715818E-002
 -0.33618347602394866        2.1894605644307157E-002
 -0.34803569833010817        7.4371005079430629E-003
 -0.35684108889483829       -9.8881840223392220E-003
 -0.33398450763512966       -2.8195924421571296E-002
          10
 -0.74587115972843099      -0.48006104081963485     
 -0.75245900546757150      -0.46620279019758543     
 -0.76154873405071344      -0.47038991772834943     
 -0.77158680567378768      -0.47851109384189522     
 -0.78960368412164039      -0.46797109238718554     
 -0.80245545887739911      -0.48101379092400615     
 -0.78983547281051703      -0.49539678424001549     
 -0.79201478417508819      -0.51907583592038575     
 -0.75840438330206372      -0.50857152278064233     
 -0.74699615385816542      -0.50848358396254856     
          10
  0.20753836774526210        1.7334725232126837E-002
  0.21259636436371387        4.1124299237262248E-002
  0.20337965012366915        3.8885231328753003E-002
  0.18613799018083260        3.0406567879681202E-002
  0.17119085535406697        1.9013563069952884E-002
  0.16091261846607544        1.5886662277958274E-002
  0.17559349417800144       -2.1402049567488968E-003
  0.20085513790724263       -1.3081847788542114E-002
  0.20836497581610883       -4.0049102123608168E-003
  0.21442555363699767        1.1539079242143785E-002
           7
 -0.81667390067596490      -0.70302061622186973     
 -0.83104377848346234      -0.71193941687943618     
 -0.84577685143939629      -0.70516622623184266     
 -0.86723486913627978      -0.73709165938703436     
 -0.85458756366825650      -0.75419769289835714     
 -0.83812973698039916      -0.75601841338016351     
 -0.81997690975027882      -0.73333328024325617     
           9
  0.18171938346603547      -0.44041859041437492     
  0.17547134341112069      -0.43121386781056825     
  0.16830503359835050      -0.44011678399622062     
  0.14312823885172035      -0.44649396284438714     
  0.16114743784861130      -0.47576752351111989     
  0.17831252789998731      -0.48402843410601598     
  0.18992784665230605      -0.46749210248120121     
  0.19811040391457335      -0.46808626409556975     
  0.19440431525186846      -0.46022439636504558     
           3
  0.49715331123140744      -0.93348742084089420     
  0.46229266720618656      -0.94127860245497708     
  0.50300836525550185      -0.96581529719042403     
           9
  0.92946114066416730      -0.66205585753677576     
  0.91618808008924191      -0.65424101048429628     
  0.91132336955324389      -0.66263290291758403     
  0.88240891534228738      -0.67214343481539074     
  0.88140162351724938      -0.68533425742192633     
  0.88546069488549617      -0.70732356349567549     
  0.90625421104928938      -0.70081520587673429     
  0.91805400530399950      -0.70149055799429494     
  0.92676286025983079      -0.69005849911370154     
           7
 -0.67681266853319921      -0.46825862649187788     
 -0.66535912525715379      -0.45713646043603112     
 -0.67582220301423779      -0.44919239562915192     
 -0.69132874821592893      -0.45178618760939804     
 -0.71399300240684016      -0.49193393505895322     
 -0.70142041754782503      -0.49469865243758798     
 -0.69251669470562394      -0.49901856046480331     
           6
 -0.78503351181593717       0.30431101218006756     
 -0.81694658890916372       0.29962417901098470     
 -0.82174015338070561       0.27454862705457866     
 -0.80350036855313056       0.25761940129176059     
 -0.78933055248500006       0.25273210843202981     
 -0.77542374288086646       0.27309224624113720     
           7
 -0.13541528379960541       0.16103507078538129     
 -0.17745859834981526       0.15804161721013360     
 -0.19107391060326034       0.12940016618109368     
 -0.17947354857641573       0.12549892034977442     
 -0.18058061621345567       0.10969180543840910     
 -0.14063241103193588       0.11854850658093684     
 -0.14268922268453638       0.13299617259905758     
           5
   7.8437247596281387E-002  0.61750809235029092     
   6.6847383503795502E-002  0.62464304025763284     
   6.7346058506905920E-002  0.57655989057951773     
   8.9286065079040994E-002  0.56863355761817225     
   9.6676080991760754E-002  0.58458814735418541     
           3
  0.27474342521289619       0.80309831223894279     
  0.27236679784374868       0.75402570477108277     
  0.31813477227775055       0.77260866894296254     
           5
 -0.92171599777486546      -0.38092955584864308     
 -0.94786784109811850      -0.37820052326304399     
 -0.95787000897698615      -0.41797276636269487     
 -0.91929966940189289      -0.41515752675414863     
 -0.92553729354848324      -0.40409771363103913     
           4
  0.44625479434814330       0.73446816929392800     
  0.44183912118141222       0.70975881862853907     
  0.48378264978398761       0.70996563032279081     
  0.47223737825375534       0.71601242236605644     
           3
  0.32300705990828488      -0.88120228366080278     
  0.31463312434770424      -0.92167670246659483     
  0.35289818219250407      -0.91131411006956076     
           6
  0.68324351137697414       0.51867771681168162     
  0.65339865532485675       0.51809572959755656     
  0.64370823673147426       0.52174130692087595     
  0.63811738547175156       0.49119294610427577     
  0.63113323429557511       0.48387380961090976     
  0.67701714641258204       0.48803049755192207     
           8
 -0.92402684522749667      -0.71007975195367046     
 -0.91643813292845699      -0.70326655736244426     
 -0.92375059401895165      -0.68592784169413801     
 -0.95864838382008277      -0.68294278316490331     
 -0.96050805642495951      -0.70381070207674035     
 -0.95905958777663958      -0.72357948027650576     
 -0.96169504564852093      -0.73495430302504361     
 -0.94733280868305836      -0.73898508065406165     
           8
 -0.26055569861926658      -0.86667884112525750     
 -0.27300112540808585      -0.86296443315149152     
 -0.28472562844724908      -0.86704021306965962     
 -0.30728446630632023      -0.86750647819132964     
 -0.31187484804333571      -0.88405639788172063     
 -0.31112698305648379      -0.90092542739696602     
 -0.27163032584310054      -0.91794690322429473     
 -0.26497484432898516      -0.89201619488406092     
           8
 -0.43807474257117457      -0.49280985984693371     
 -0.45403775765255855      -0.48853434252964012     
 -0.46843466633173181      -0.48988078826664971     
 -0.46586424142051902      -0.53228445133122437     
 -0.44409564820892294      -0.53440379002360816     
 -0.43311027520396134      -0.53985571208739580     
 -0.43558971848340466      -0.52716949009199843     
 -0.41651782521647740      -0.53072868472599666     
           8
  0.28779105636386015      -0.28750954117783267     
  0.26954110339981602      -0.26827110435885676     
  0.24912929142061790      -0.26806521705042408     
  0.24040724143054254      -0.27032610888463310     
  0.24102718113089644      -0.30103943338508354     
  0.25676640225225883      -0.31384328848327242     
  0.27512049644793007      -0.31483085225397989     
  0.28574623951992384      -0.30240523352915283     
           6
  0.71995013707290179      -0.45532263191613687     
  0.68547209857767821      -0.44125065642631661     
  0.67910577423918728      -0.45705897339143964     
  0.67534603826489648      -0.48482206803080324     
  0.69092500624435471      -0.47745421495567675     
  0.71293417218942734      -0.47771950489434245     
           5
 -0.53089438870447059       -9.2302223717551785E-002
 -0.54053331497767887       -8.9250624680011131E-002
 -0.56415369024454365       -9.0852791431361032E-002
 -0.58367482969627615      -0.13222072821575181     
 -0.52951271930537858      -0.13780047265038400     
           7
  0.11271276594559128       0.84153622609930356     
  0.11718262665043436       0.85321509946172780     
   7.6908126851719716E-002  0.84515232233571336     
   6.7244586423400671E-002  0.83865900470498900     
   7.2921643334937086E-002  0.81695505623513864     
   7.9533448526472872E-002  0.80163813374341830     
   9.3995780804884715E-002  0.80559350084140602     
