   1.0000000000000000
   50.000000000000000     
          58
          10
   4.0000000000000000     
   5.0000000000000000     
   1.0000000000000000     
   10.000000000000000     
   8.0000000000000000     
   10.000000000000000     
   10.000000000000000     
   2.0000000000000000     
   7.0000000000000000     
   7.0000000000000000     
   3.0000000000000000     
   9.0000000000000000     
   5.0000000000000000     
   4.0000000000000000     
   7.0000000000000000     
   7.0000000000000000     
   1.0000000000000000     
   9.0000000000000000     
   10.000000000000000     
   1.0000000000000000     
   10.000000000000000     
   6.0000000000000000     
   2.0000000000000000     
   5.0000000000000000     
   5.0000000000000000     
   6.0000000000000000     
   1.0000000000000000     
   8.0000000000000000     
   9.0000000000000000     
   9.0000000000000000     
   3.0000000000000000     
   1.0000000000000000     
   8.0000000000000000     
   1.0000000000000000     
   9.0000000000000000     
   7.0000000000000000     
   7.0000000000000000     
   9.0000000000000000     
   9.0000000000000000     
   5.0000000000000000     
   8.0000000000000000     
   6.0000000000000000     
   2.0000000000000000     
   6.0000000000000000     
   7.0000000000000000     
   4.0000000000000000     
   2.0000000000000000     
   1.0000000000000000     
   3.0000000000000000     
   8.0000000000000000     
   6.0000000000000000     
   4.0000000000000000     
   9.0000000000000000     
   9.0000000000000000     
   2.0000000000000000     
   3.0000000000000000     
   6.0000000000000000     
   2.0000000000000000     
           1
   0.0000000000000000        0.0000000000000000     
           6
  0.22356681127296577       0.57213385533543537     
  0.20947271009789292       0.58305197418212118     
  0.18759031755446107       0.55904129831121874     
  0.20073512301602503       0.55885491427828449     
  0.21288355476067711       0.55142026602341288     
  0.22953626898160034       0.55895255405365685     
           6
  0.65549730123788330      -0.27671810266364083     
  0.64262607149844120      -0.27261869928570392     
  0.62867480398734721      -0.27184696761881699     
  0.62581903664094751      -0.28112261809169481     
  0.62181774603162121      -0.30267940978709501     
  0.62685379707079514      -0.31099710852238610     
           4
  -5.6451057647564001E-002  0.70460628496923039     
  -6.6261524292457186E-002  0.70641780054602954     
  -8.9203666838636342E-002  0.70165480676010084     
  -9.1209936973551162E-002  0.68731165406773276     
          10
  0.13114763727847356      -0.25382302483949198     
  0.12454421604255218      -0.25197019882839916     
  0.10827657086766312      -0.24664235902094619     
   9.8495498684201196E-002 -0.25114283874257037     
   9.6939632637848189E-002 -0.29168686877573591     
  0.10167870710636681      -0.28784270477907742     
  0.11941602494200394      -0.29121638589016013     
  0.12528135968439558      -0.28044295951093728     
  0.13365991583807837      -0.28634220673109106     
  0.13576070883497307      -0.27535920365859362     
           6
 -0.29768906212607649      -0.43729370814285423     
 -0.31745022830541431      -0.42529895660561351     
 -0.33702353468580287      -0.43995634595976368     
 -0.32898888005216659      -0.44910135070575319     
 -0.31352773424775532      -0.45447109604928748     
 -0.30509745244652892      -0.45524915435816565     
           3
  0.77911624813780089       0.65513714987218197     
  0.77582615186446335       0.62383643997120275     
  0.80591531266237648       0.62031925039019531     
           6
  0.39425210858721788      -0.53949368394608810     
  0.39842381498961638      -0.51936926173448594     
  0.37497006837593377      -0.52583000710498762     
  0.37665435580374013      -0.55571606626698700     
  0.38225954536650614      -0.55055794448644046     
  0.40250809304735052      -0.55859066777161748     
           3
 -0.27159148084998425       -3.9776048528919625E-002
 -0.25765702977248411       -5.0266284022056087E-002
 -0.24050957593501146       -5.1561776006739099E-002
           4
  0.99150249755200626       0.17837292526765852     
  0.96066289353196710       0.16878036011141068     
  0.95397216106121141       0.15874150538460274     
  0.97843716588387208       0.14969887754791314     
          10
  0.50832251919096794      -0.57519072051946873     
  0.51378751032569336      -0.56108168374254130     
  0.50019581631565591      -0.56658050529977810     
  0.49266945356835640      -0.56591969523885588     
  0.48873203968869877      -0.56007559113823624     
  0.47510220009039639      -0.56988495829783969     
  0.47598327400089036      -0.59007347144271172     
  0.47600458809585999      -0.59573453806835053     
  0.47371458064704280      -0.60283305277085220     
  0.51287094485043272      -0.59156930846015621     
           3
  0.56308956798714327       0.18680176994418532     
  0.53612757547589107       0.16695607061071419     
  0.56178117744232803       0.16636317787572122     
           9
  0.67005122411804596      -0.21061467826227556     
  0.67407864629585801      -0.20472344100289064     
  0.66740211796179671      -0.20346278329372755     
  0.65041729860568065      -0.19792251900557967     
  0.64919622776810559      -0.20632703461082311     
  0.64294454714575444      -0.20593445401447585     
  0.63852566433892599      -0.24113738909767457     
  0.65283423550882203      -0.24084303016153433     
  0.67586969016782139      -0.21430336452471407     
           7
   3.5349278322054901E-002  0.16486580002424389     
   2.7773780280580015E-002  0.15845560763559050     
   1.8520549509274748E-002  0.15563863549917517     
   4.8048036552020591E-003  0.15755107073146607     
   1.6205129883953496E-002  0.13081061367200048     
   3.4310351078280323E-002  0.12470864878536664     
   3.2425177273339892E-002  0.14425267967808325     
           6
 -0.39243729271916955       -9.2686593360044797E-003
 -0.40965774823687212       -6.7935768409586560E-003
 -0.41592332496042173       -1.2523356097265008E-002
 -0.41119366636370069       -3.0474101609994156E-002
 -0.38873174276829348       -4.5749793672815814E-002
 -0.37730491479046319       -3.6448297342158875E-002
           7
  0.77953680092020095      -0.63647670908644727     
  0.76829688982609057      -0.64279203997105849     
  0.75077347729942590      -0.63769655616971954     
  0.75193631373310199      -0.65283413234304244     
  0.75000510106533747      -0.67929114737313090     
  0.78730151415493388      -0.67942442803942327     
  0.78085313671778522      -0.66444578411790545     
           5
  0.29023581822876493       0.70597375339270951     
  0.26095891627929146       0.71536062941911249     
  0.26010238786054385       0.69322639636946171     
  0.26210688861821851       0.67783162578602674     
  0.28746589859381100       0.68399234606597692     
           4
 -0.32391801950692206      -0.94612766865735576     
 -0.34245070096403046      -0.98306677251754315     
 -0.31953817242049948      -0.97568161266554232     
 -0.30785467203866324      -0.97364586897928751     
           7
  -5.8175981752766087E-002   5.5616905141428419E-002
  -6.6625277051874432E-002   5.5236282731705735E-002
  -7.4416503367529072E-002   6.1951594011943910E-002
  -8.2933474232465360E-002   6.1294801671786477E-002
  -7.7904107519077129E-002   3.1605404651263484E-002
  -6.3543497328525669E-002   4.2287814388948283E-002
  -6.2568793293457464E-002   4.9220796644849303E-002
          10
 -0.49785477826544505      -0.69001662047517254     
 -0.50959722729617529      -0.68211288897617350     
 -0.53333807394282795      -0.69236033312798206     
 -0.53330116600361133      -0.70885095508034290     
 -0.53334230019068196      -0.71790499821307041     
 -0.51851986898459268      -0.72348270451971952     
 -0.51409995525541896      -0.71643894017719723     
 -0.50276359128527337      -0.72653189528218776     
 -0.49675759052276158      -0.71685056381894185     
 -0.49341201488128233      -0.70831164810960046     
           6
  0.96042546731707346       0.77367006974948627     
  0.95307509376559441       0.77559892511858686     
  0.93027663347956524       0.77495190000089809     
  0.92713753106791241       0.73419559796916212     
  0.94515390648407416       0.73589676518297720     
  0.95756048396293048       0.74595862492751663     
           5
 -0.62521473905550873      -0.40190579667613885     
 -0.65974450781517124      -0.38935327755829929     
 -0.66330388830407050      -0.39792553864491648     
 -0.66243588676511489      -0.41039198724821707     
 -0.63487229434264147      -0.42280839928398767     
          10
 -0.74585512505436657      -0.17580189431838500     
 -0.75621003811612197      -0.18183890482768661     
 -0.77106816420353763      -0.18486859520428911     
 -0.78535454317713949      -0.17606577180460292     
 -0.78141439241385424      -0.18139695537411535     
 -0.78516762534027396      -0.21854946943705778     
 -0.77746209921029796      -0.21007955829630887     
 -0.76848270875434965      -0.21562262400663598     
 -0.76318390134006353      -0.21992453819726385     
 -0.74526103387638343      -0.19780563742751014     
          10
  0.65597105877101269      -0.34460959973297572     
  0.65736884664761452      -0.32270417804663659     
  0.64737937471513829      -0.32736627943703961     
  0.61793962619880860      -0.32578869670817134     
  0.61281840363090068      -0.33888652087884519     
  0.61432180648559875      -0.36134546623296288     
  0.62524480719608522      -0.35949468899787451     
  0.63498757503957737      -0.36197289478179828     
  0.64687122285648935      -0.36201452199934703     
  0.65658700824777505      -0.36312797604113078     
           5
  0.24502471846195908       0.74375950837883631     
  0.24292811176552478       0.75764977454654403     
  0.21431566790430850       0.74505662090176961     
  0.20476381026477211       0.72666496014087167     
  0.23009570307690494       0.73192634013037583     
           9
 -0.63867715161043559       0.80331543866057609     
 -0.64572145808102788       0.80940898896551816     
 -0.66965675453335727       0.80602720783199222     
 -0.66718963366400486       0.78780273002708090     
 -0.67107125789483713       0.77609992738658995     
 -0.66562909271354542       0.77046022558445082     
 -0.65681432347576629       0.77276718455937343     
 -0.65057578433860430       0.77893507537530071     
 -0.64280343920303307       0.77328494861664476     
           4
  0.34286221069911116       0.70296963598908191     
  0.32454532046615803       0.69944891129672859     
  0.32169689822965825       0.67716487511849399     
  0.34160747414259474       0.67457597330641161     
           7
 -0.87824240412382859       0.48934350235067647     
 -0.88012788325309532       0.50375594729217799     
 -0.88481219581798154       0.51057744569208030     
 -0.91730934566293831       0.47997235087656193     
 -0.90788880171476838       0.47469716552532620     
 -0.89524998360278485       0.47624144284549330     
 -0.88193969561827190       0.48268098356332800     
           9
 -0.38598569810985384       0.24893315814326733     
 -0.41880304895732823       0.24952984312712406     
 -0.42805883483679330       0.24925505074633938     
 -0.42507462232266074       0.23398627062048694     
 -0.42948908683337528       0.22755575572606493     
 -0.42611551410554455       0.20629699317066233     
 -0.41559846808649759       0.20814966102311874     
 -0.38812010313181783       0.21886344090255772     
 -0.39106157161704191       0.22475699333156846     
           7
  0.94252880671421080      -0.84800762395737128     
  0.94060813592216397      -0.83374498159374721     
  0.91477573495004560      -0.83615872590373075     
  0.92085665166934882      -0.84096962138036047     
  0.92613745011655402      -0.87503294971463708     
  0.94650306253304339      -0.87145161271059368     
  0.95263418393358990      -0.85121831728777297     
           7
  0.94737594405998238       0.18224330107365572     
  0.93966058377553152       0.19043428606207594     
  0.92429413335246446       0.19534341474256561     
  0.91595025238370054       0.19271202112509722     
  0.92274119841964342       0.15857672724346553     
  0.93238120987477713       0.15753544102772682     
  0.94348796770639831       0.15475213653772529     
           3
  0.89035570710480894      -0.53729667607478804     
  0.86821552519774436      -0.52732845715123522     
  0.89770233481502737      -0.55669600291402677     
           7
 -0.76782809677302355      -0.78083984064609402     
 -0.78548439665571945      -0.78037390238020354     
 -0.80324090605802878      -0.78115170414463220     
 -0.79823871145165215      -0.81266387773430060     
 -0.78738652033464607      -0.81827699058512360     
 -0.77388397501246420      -0.81006604009693672     
 -0.77481442191048011      -0.80094344147548946     
           3
 -0.49762259079857796      -0.44169530364573967     
 -0.53054168725521045      -0.46815941567132235     
 -0.49345655605765454      -0.47140861324811012     
          10
 -0.69171279377948280      -0.69080198688872374     
 -0.69181257489189374      -0.68484548706824333     
 -0.71509514573769839      -0.67996570536135004     
 -0.73133377237180430      -0.68726795918476347     
 -0.73136421179859346      -0.69851869665798028     
 -0.72925096059486127      -0.70558002425549216     
 -0.70299699304083207      -0.71369442299466734     
 -0.69478836460610083      -0.70995823898465837     
 -0.69317203512940972      -0.69938063500440495     
 -0.68676338435854600      -0.69975712021125913     
           9
 -0.32971507779557269       0.82591956415685086     
 -0.32902146965361234       0.83900566109868402     
 -0.33735971187619801       0.84017290930472144     
 -0.34543301915040908       0.83648534027726296     
 -0.36443722212532786       0.83471354115749952     
 -0.37106657286285516       0.81014217705588754     
 -0.35683970675801580       0.80179598551377806     
 -0.34305076476081758       0.80197229765652878     
 -0.33183723485345062       0.81975784891991832     
          10
  0.92189542346139930       0.36805190426996198     
  0.91681581108150445       0.37200827106979967     
  0.88814500880154845       0.37927459081468817     
  0.87723481281929938       0.36520346807517351     
  0.88358618658930765       0.35737596404021227     
  0.89532569633063430       0.34555747813221410     
  0.90115996288781663       0.33451262427291867     
  0.90792373800288473       0.34406037182128540     
  0.91446231621006790       0.34405194414972651     
  0.92119549452340777       0.33970395362705963     
           5
  0.29198603397023715      -0.52736214406693971     
  0.29694467346311104      -0.51764510613635240     
  0.26713166861616305      -0.51233487364039942     
  0.28887019284541221      -0.54105305916336055     
  0.29198450116374963      -0.55312402270249839     
           5
  0.48301795268160097      -0.20674492571755912     
  0.47675333624171273      -0.19633521747679733     
  0.45388887627409713      -0.21457770867562170     
  0.45419372633624389      -0.23086744770335391     
  0.48270623124412804      -0.21497062660080832     
           3
 -0.79930988735728903       0.80490321519107622     
 -0.82690366143360339       0.81040127969648723     
 -0.82345247407590405       0.77452100601112361     
           6
   4.3173004160936175E-002 -0.36103074273191094     
   2.1816783351456773E-002 -0.36593430999810683     
   2.2072471770245902E-002 -0.38973790218115945     
   3.2029400916453656E-002 -0.38619181843428690     
   4.7742081669766359E-002 -0.39420075916786540     
   5.0665775598198695E-002 -0.38043010941263816     
           4
  0.50742310191206863       0.14563191818267623     
  0.48928270261081097       0.15181191365194441     
  0.46865658762743573       0.13660866436591901     
  0.47842813259050598       0.11744279875813905     
          10
  0.64771340369504826        6.1599013877628233E-003
  0.65301827915231780        1.2871820422598988E-002
  0.64379255809221680        1.7551738520012874E-002
  0.61551337618848978        1.1328744892022406E-002
  0.62071438562640513        8.2801534989938148E-004
  0.61587479737299766       -9.3736751626283619E-003
  0.64108978257025218       -1.3085626736287534E-002
  0.65487554656801150       -2.0836068563423450E-002
  0.65500043391835083       -1.4204970900531473E-002
  0.64939316634978017       -8.8022536433717651E-003
           7
  -9.2917865762125379E-002 -0.70706121313955617     
  -9.5421630824699913E-002 -0.71339921705067533     
  -9.4577928632919445E-002 -0.72489185024719649     
  -9.9498808646244580E-002 -0.73678767176755711     
 -0.10190516260368092      -0.74342900513459997     
  -7.1060607690914407E-002 -0.74159855110425366     
  -7.0277730023409826E-002 -0.72919366406099595     
           7
 -0.40341164538890067      -0.38498735042396987     
 -0.42626649021373281      -0.37808578465388309     
 -0.43989491011216597      -0.40952013870854720     
 -0.44027156328446643      -0.41739232449636160     
 -0.42388164691108210      -0.41457284808622163     
 -0.40922659483953705      -0.41316694762683487     
 -0.40685533879771002      -0.40509980813700514     
           9
  -6.4199590909558624E-002 -0.44158842758784989     
  -8.9352333577149168E-002 -0.43794157969649528     
  -9.3864513670087524E-002 -0.44918611151367660     
  -8.8904061336531337E-002 -0.45448654283399437     
  -9.5001920685913677E-002 -0.46151513551225376     
  -6.5535373505041655E-002 -0.46754638925476338     
  -5.7698138212974620E-002 -0.47424883813086138     
  -5.5427061592539129E-002 -0.46691957785715199     
  -5.5128979711815074E-002 -0.46050449426387052     
           3
  0.14100184423225842      -0.51004034261941722     
  0.12894377785530578      -0.53035496775853386     
  0.12553312178827608      -0.54103941335180417     
           9
 -0.29651431437422882      -0.22603990620843931     
 -0.29855970628801193      -0.21561455737693125     
 -0.30984279267767023      -0.21980295897279570     
 -0.32858994819635662      -0.22253700796636366     
 -0.33604690923103880      -0.23807456148524742     
 -0.32383092546941727      -0.24730952547416138     
 -0.30533595371647326      -0.25284094573554533     
 -0.30342694707620549      -0.23571357406286800     
 -0.29476404342595014      -0.23860211913535076     
           9
  0.26996680525377670      -0.31647237976152415     
  0.26527746685773318      -0.30314826042617460     
  0.25486332668028405      -0.30392598725217346     
  0.23805686762867379      -0.30275233657611228     
  0.23464550614913204      -0.32529265025951554     
  0.24907763750935111      -0.34067277205321539     
  0.26041174434585107      -0.34321548974307525     
  0.26642529124727282      -0.34316384941265865     
  0.26695683183891489      -0.32479411481451093     
           3
  0.24638077218231860       0.66674264106292502     
  0.28359708471108047       0.63944982978186204     
  0.28778983148619630       0.64931273547205348     
           7
 -0.79327106669858560      -0.13341979157537143     
 -0.78835000533341304      -0.11847598955453881     
 -0.80354608747242362      -0.11579771438757830     
 -0.82054921770980360      -0.14509313591485296     
 -0.79700944717981426      -0.14837667230086587     
 -0.79516169317449059      -0.16003291898642197     
 -0.78812456867762326      -0.15037625389497306     
           4
  0.37958629103374425      -0.23808330120309540     
  0.35233693323967552      -0.22068787089072631     
  0.35589934511303012      -0.25213889645848198     
  0.38553134160502017      -0.25210241669347661     
           8
 -0.39494877444239024       0.40183058384349984     
 -0.43284183900747819       0.42642256999278960     
 -0.42896694455688911       0.41598972128170753     
 -0.43054811450239922       0.40502188409105599     
 -0.43336605132812694       0.39476143818521192     
 -0.40891180010660638       0.38692656637666512     
 -0.39821358075367830       0.38620532272945451     
 -0.39727394695063328       0.39502938914062519     
           6
  0.70865496436368225      -0.60777762378290168     
  0.70262019160739786      -0.60068514600847289     
  0.68066057395295698      -0.60352766727783291     
  0.66949987623170126      -0.59759443592454442     
  0.69445037325172332      -0.63442857027687627     
  0.70044313784991030      -0.61977803963180544     
           4
  0.21621144159823577      -0.88683050989620282     
  0.20500574237552965      -0.90946339185755365     
  0.23704070989920051      -0.91415652930156666     
  0.24462974919633523      -0.90758786602596941     
           5
  0.66974588895098874       0.66172236669408457     
  0.66731626519195664       0.67335842128537926     
  0.62973819044317003       0.67013598609005565     
  0.62719549878477709       0.64636104262727034     
  0.65309841925519907       0.65136304738821260     
           8
 -0.77332413525990706      -0.89360043776874498     
 -0.78219848379011070      -0.89656714737259868     
 -0.78918598277939944      -0.89091379334746390     
 -0.80127841475956063      -0.89749463784577010     
 -0.80538208083787788      -0.91121239816260347     
 -0.76979733540774953      -0.93226622982612373     
 -0.76640037864911104      -0.92439664737563954     
 -0.77416169879120145      -0.91539298557381754     
           4
 -0.66866035749154429       -2.0292529288987081E-002
 -0.68280251046716889       -4.3721018156943528E-002
 -0.67786945285308842       -5.4585673729186449E-002
 -0.64672690156735402       -4.7777264963349567E-002
           8
  0.60835082710287225       0.37316668314871104     
  0.61518250202717029       0.38675945948741636     
  0.60036256780853658       0.38881815136274039     
  0.58122577835389966       0.38747363490295061     
  0.57718725270694748       0.37690992219462421     
  0.57206045582550780       0.36109637569150216     
  0.58732134248617207       0.35592651361342886     
  0.61415478663578793       0.35309638101363516     
