   1.0000000000000000
   50.000000000000000     
          52
          12
   10.000000000000000     
   9.0000000000000000     
   4.0000000000000000     
   3.0000000000000000     
   10.000000000000000     
   6.0000000000000000     
   5.0000000000000000     
   1.0000000000000000     
   4.0000000000000000     
   8.0000000000000000     
   1.0000000000000000     
   4.0000000000000000     
   3.0000000000000000     
   7.0000000000000000     
   2.0000000000000000     
   2.0000000000000000     
   6.0000000000000000     
   4.0000000000000000     
   10.000000000000000     
   4.0000000000000000     
   3.0000000000000000     
   6.0000000000000000     
   6.0000000000000000     
   9.0000000000000000     
   3.0000000000000000     
   10.000000000000000     
   3.0000000000000000     
   3.0000000000000000     
   3.0000000000000000     
   1.0000000000000000     
   2.0000000000000000     
   8.0000000000000000     
   6.0000000000000000     
   8.0000000000000000     
   8.0000000000000000     
   9.0000000000000000     
   6.0000000000000000     
   2.0000000000000000     
   8.0000000000000000     
   8.0000000000000000     
   10.000000000000000     
   6.0000000000000000     
   8.0000000000000000     
   1.0000000000000000     
   3.0000000000000000     
   6.0000000000000000     
   4.0000000000000000     
   9.0000000000000000     
   3.0000000000000000     
   7.0000000000000000     
   2.0000000000000000     
   10.000000000000000     
           1
   0.0000000000000000        0.0000000000000000     
           6
  0.75498617599234374       0.50342636817519848     
  0.72551767022531921       0.50262920664982991     
  0.71760000341863683       0.49689887671563943     
  0.72566576476680211       0.49365496828608135     
  0.73781564061256599       0.48518394771781831     
  0.75050666684054990       0.49256108870275944     
           6
  0.39505767287164117      -0.27532151264215793     
  0.36515521950870083      -0.26763211190835173     
  0.35820500518300230      -0.29842182098792347     
  0.35804399760755157      -0.31432316013017697     
  0.37695988377683615      -0.31346058598335125     
  0.39015112004499353      -0.30578136686042123     
           3
 -0.43274473215982895      -0.87980438611222322     
 -0.45603974645195994      -0.88577389962436637     
 -0.42829016990419611      -0.90391402163870715     
           7
 -0.87295688516211800       0.24866887632107559     
 -0.87348807284280472       0.25614850114867110     
 -0.91054235341877299       0.25527006837780808     
 -0.90533933517693888       0.22438731540088938     
 -0.89635853514769170       0.22789576872459821     
 -0.88469104507501795       0.23046445030249749     
 -0.87297473047903695       0.23697331144956726     
           7
  -9.4702280391984056E-002  0.38991425528364820     
  -8.9774193315055817E-002  0.39799268518793474     
 -0.10903040134845152       0.39391562652365508     
 -0.11597038223280724       0.39100402780021043     
 -0.13364075164140135       0.37877915208357210     
 -0.12939719812783573       0.36309059984643988     
 -0.12467009289056101       0.35595847751652182     
           9
 -0.13541675670430631       0.91834524273498186     
 -0.13277774753610377       0.93268658475542399     
 -0.15266871895519640       0.92467633632010160     
 -0.16144313798498511       0.93104522187636962     
 -0.17376098630691292       0.90263270920976990     
 -0.16798247871242980       0.88827184061465547     
 -0.14316978625936500       0.89344332718698694     
 -0.13102483459874098       0.89828841916886404     
 -0.13945595848072889       0.90980532211765919     
           3
 -0.67981033793970957      -0.23696121848210866     
 -0.69275522279178459      -0.23551855189137361     
 -0.68158759795358148      -0.27549524510203860     
           7
  0.85769049348205850      -0.26580482033411867     
  0.83977247716415082      -0.26088649040405909     
  0.83127235292761670      -0.25613583997492745     
  0.82340006290038870      -0.26783377517872331     
  0.82539173971643109      -0.27651845788682455     
  0.83414791715104575      -0.30124315694906556     
  0.86385240300632016      -0.27348123220086168     
           3
  0.36998089818934016       0.90779745471310413     
  0.32673033654847872       0.91337430358485594     
  0.36988800119344967       0.88370791990059228     
           4
 -0.60364915728667690        9.7134418185318816E-002
 -0.59801480122589101        6.1941027613528432E-002
 -0.58699301709799268        6.8818713377215943E-002
 -0.56342411426772376        6.6342062016215828E-002
          10
  0.48753769656933915       0.25903352978140237     
  0.48228187585502708       0.26715715757509501     
  0.47453633693207042       0.27207340357142762     
  0.46581584458362174       0.27205754655800468     
  0.45169794124436841       0.25434139910327030     
  0.45690257835501691       0.25066697429048201     
  0.46087516494025516       0.24448963691443021     
  0.47087840818871374       0.23443757263232889     
  0.49168653465859985       0.23673156246762914     
  0.49592018973862106       0.24683382204012325     
           6
 -0.67368789723672129      -0.39406120552047463     
 -0.69431143657952543      -0.36845990072809820     
 -0.70350972306306192      -0.37634128788582921     
 -0.70211382415154699      -0.40626842371336103     
 -0.69163022566738341      -0.41344898587580714     
 -0.67051031833798513      -0.40724471484360375     
           7
 -0.48118940317890418      -0.24560629632173028     
 -0.52748897192648181      -0.22766990403419310     
 -0.52295642904482353      -0.23819720258109550     
 -0.51791274166172463      -0.25680071686248634     
 -0.51875074653436082      -0.26588390470150336     
 -0.48789910400653569      -0.26931511557509080     
 -0.49210013099129096      -0.25945988508469431     
          10
  0.32261427928724035      -0.81144870080641585     
  0.32014267084945391      -0.79851584037654411     
  0.30527676708181273      -0.80180231020918857     
  0.29107997385758738      -0.80034426366007261     
  0.28499737546107629      -0.80476221841724183     
  0.28250683644306024      -0.82176494332182226     
  0.30699833638890600      -0.83456996266411698     
  0.31846551573363563      -0.83593245881957146     
  0.32851255485402114      -0.83048399508752446     
  0.32460021779729514      -0.82050020005287294     
           7
 -0.89764616202739145        1.1725150981657669E-002
 -0.89588789041928063        1.9351718560102239E-002
 -0.92374111311406570        2.4895107096328143E-002
 -0.93980764516991622        1.8796358263765162E-002
 -0.93744831096294479       -7.6301016733740859E-003
 -0.91111551420439529       -1.0518876670741334E-002
 -0.90414060822018139        2.9175222011025171E-003
          12
 -0.27253356130858714       0.52590818776615700     
 -0.28735248217865694       0.54364813985588711     
 -0.30097150043179011       0.55200401386385178     
 -0.31023253795172268       0.54631177214201398     
 -0.30323107908744851       0.52563796521012540     
 -0.30869618384422448       0.52313125642868441     
 -0.31229499256953674       0.51835664681268201     
 -0.31140675350569569       0.50703385647779731     
 -0.29041559860319799       0.51102616297854664     
 -0.27714204078999016       0.50916865293819846     
 -0.26746137911420548       0.50583250573954397     
 -0.26806103846525653       0.51543147309274484     
           8
  0.24184473987836161      -0.58216599199940589     
  0.23252539905611119      -0.55895446773071411     
  0.21399818503777829      -0.56063287008844009     
  0.20226883974349857      -0.59399489315118070     
  0.21839181428277588      -0.60003624731402228     
  0.22394224742275895      -0.60456878489407484     
  0.23751910357096295      -0.60096646498459738     
  0.23455865005808180      -0.58947849900548133     
          10
  0.44627130397145881       0.30399391879988219     
  0.44045829164747990       0.31489515192844103     
  0.42195696834535557       0.31601600201071928     
  0.41097558507078374       0.31561721274057702     
  0.40418449602678597       0.31713157784528839     
  0.40610707522506712       0.30004593976329547     
  0.39918429234722280       0.29795055989185576     
  0.40519438915951428       0.28479554110740729     
  0.41035953666668123       0.28995759594409098     
  0.43189573975013290       0.27923147512303059     
           9
  0.86032419515287240       0.61370743762581625     
  0.85452528015658880       0.62135022684289176     
  0.83860491688425176       0.62194947155020930     
  0.82981390409679312       0.58961930243723160     
  0.82608631598915849       0.58217968851531687     
  0.83924869682499159       0.58527011753779001     
  0.85261108767363547       0.58723760505042710     
  0.85701305225088720       0.59184926482421141     
  0.86855154803606227       0.58814103079891911     
           4
  0.78328529732300800      -0.56339438379010631     
  0.78512984813607234      -0.54682660148323603     
  0.74158027297617080      -0.57077157298163173     
  0.78168977566197051      -0.57387401846271457     
           3
 -0.22467497024691296        6.1964232085837088E-003
 -0.22487178258612858       -3.5014227360741682E-002
 -0.21214329762759282       -2.2568001258722128E-002
          10
 -0.64551532123533095       0.51636997549378261     
 -0.64016995490055206       0.52404776186334179     
 -0.66018927419152151       0.52062490517961879     
 -0.67468578450485084       0.52877467539276168     
 -0.68215224922575335       0.51632331776136597     
 -0.67576742261330736       0.50821561140567295     
 -0.66972072523714221       0.48570647037934345     
 -0.65583492613202621       0.49356088858162356     
 -0.65143081091476729       0.48627990886060035     
 -0.64983511794699089       0.49963869589238052     
          10
  0.75258965140999279       0.78869008996093559     
  0.75222774720086505       0.80704870152917163     
  0.74557330935003674       0.79941425755410278     
  0.73831031169157024       0.79590414536465492     
  0.73526105581203582       0.80408256402380007     
  0.71247079731793928       0.77873878882605174     
  0.72243934104203622       0.76195317176952471     
  0.73590153200232533       0.75991552229143344     
  0.75666144906939303       0.76860766261404123     
  0.75825420051837511       0.78056678936803536     
          12
 -0.16464422575202395       0.54415598793641795     
 -0.15901897496429174       0.54808405754186396     
 -0.15856693229437449       0.55549072744202121     
 -0.16736199427832193       0.55118260513473449     
 -0.17493850085135060       0.56275723662019761     
 -0.19045310787245523       0.56144244995074266     
 -0.19634430230584915       0.55537501477312545     
 -0.20251029297045234       0.54249814701786558     
 -0.20301998118565587       0.52701171944079328     
 -0.19442296117792135       0.51748112826194370     
 -0.17493543437572126       0.51821860032759348     
 -0.16541374448113569       0.53319670797351726     
           8
  0.13576655619403336      -0.88570919119491065     
  0.13591863226383016      -0.87580432928575425     
  0.11364471679763610      -0.86989113206987234     
  0.10073168786306300      -0.90950741319381745     
  0.11055255757262704      -0.91025099543842758     
  0.12105662325265121      -0.90970851945343456     
  0.13144309627410306      -0.91596956609781299     
  0.14567743493362295      -0.91090128091922762     
           9
 -0.73270042409048664       0.82800670732906290     
 -0.73271951166088245       0.84347103436830007     
 -0.74838853000846861       0.84104117278772894     
 -0.77547581492922890       0.84539717523903435     
 -0.77411572863322409       0.83806720979904437     
 -0.77583405237331282       0.82930621470353783     
 -0.77222796447614950       0.81230652732826647     
 -0.76352240921185666       0.80146704142066916     
 -0.75685378010319504       0.80742172531242939     
           4
  0.91852840625091248      -0.46749841372207507     
  0.90735574204626923      -0.46417990617382654     
  0.89947485301578556      -0.47628595080362485     
  0.93082861230518599      -0.49540726303460692     
           7
  0.49689949696124547      -0.37959171780895629     
  0.50214798653902193      -0.36681441906454265     
  0.47715567418321136      -0.36443550694456445     
  0.45831896588570425      -0.37963208085758327     
  0.46401493159413698      -0.38815949147482603     
  0.48145858861352475      -0.39125249944889279     
  0.50399855337721222      -0.39325064075669736     
          11
   1.3112949229161215E-002 -0.50265641333188271     
   1.0939903642242059E-003 -0.50363221649069689     
  -5.7114007120872053E-003 -0.50229987799406106     
  -1.1422349049272387E-002 -0.50539327833169512     
  -1.6801444580336299E-002 -0.50349631349503243     
  -1.8119580589577241E-002 -0.51168456987650635     
  -2.3705606876486734E-002 -0.52890469951906427     
  -2.5032710809163108E-002 -0.54370150678742635     
   1.8318166764979740E-002 -0.54461407840987719     
   1.7704087113303773E-002 -0.53718487317310148     
   1.7850903967792674E-002 -0.51959475074871209     
           8
 -0.47971125839807865        3.5161258117749786E-003
 -0.47590935412538893        1.0987927281173751E-002
 -0.51372062940462182        1.7487732569734928E-002
 -0.51375545585434712        8.6209452058679751E-003
 -0.50613403005057600       -1.6611312749840658E-002
 -0.49535284733344825       -1.8292065620348921E-002
 -0.48843321020925395       -2.1028921247280216E-002
 -0.48326733958095369       -3.7133695233425783E-003
           8
 -0.32135663051962737      -0.79596726392927153     
 -0.32097872731694205      -0.78562302126253469     
 -0.34341320424076338      -0.78811326092996592     
 -0.33616519055322797      -0.79624651769246324     
 -0.34823827286289949      -0.79414458065182358     
 -0.34357706730135495      -0.80396829273791670     
 -0.30506676731346988      -0.83137911358750105     
 -0.31248823381641461      -0.80812211346419871     
          11
  0.16011959590678304       0.15158906064019848     
  0.16162108737047087       0.16697188967285331     
  0.14772716859884502       0.16676557473095560     
  0.13969807666831963       0.16181258616824498     
  0.12632187849205373       0.16797757380035125     
  0.13269818121851079       0.16072425392125420     
  0.12510653303566513       0.15800607969908065     
  0.12646225165854999       0.12530707822958811     
  0.13976749522337281       0.12756908851036039     
  0.15483683829272094       0.13933022921225321     
  0.16395413044459431       0.13101637483695086     
           6
  0.25626534536174367       0.51674691023947195     
  0.25457166212079307       0.53781121537877541     
  0.22120120055699716       0.52932190055719475     
  0.22130861607862232       0.50919362080746133     
  0.22292284180486763       0.49776335674513611     
  0.23900040008226769       0.49702602677146918     
           5
  -4.3701355033079654E-002  0.16940940744665589     
  -5.9838969967915719E-002  0.16958186394046171     
  -6.9751724827233325E-002  0.16324200939585889     
  -6.4837293366996979E-002  0.13396427394939678     
  -2.9108116720884952E-002  0.15365994685023687     
           3
  -3.4063641405718353E-002 -0.21787715312097899     
  -7.0494181730528280E-002 -0.20793443392131195     
  -4.0928119907501906E-002 -0.24885825258529354     
           5
  0.66692732755357464       0.78664879294463241     
  0.64725145073688573       0.79085006979831862     
  0.63858775196343687       0.78459490585598402     
  0.64291100057970363       0.76326545398960988     
  0.68386026265647915       0.75069593998459638     
          11
  -9.6395562547183754E-003  0.91501159544462052     
  -7.2522637723913923E-003  0.92613385453160402     
  -1.6784556162717366E-002  0.92511338536642496     
  -3.0615163873893115E-002  0.93213024926545163     
  -4.8913780345955261E-002  0.92941511928348064     
  -4.4329620873791324E-002  0.92171582760996107     
  -5.1315699578357785E-002  0.91265330216432405     
  -4.2376002540843727E-002  0.89788201879473728     
  -4.1076000170871728E-002  0.88952887656777857     
  -1.6949050159136635E-002  0.89865421510320598     
  -1.1369395306267550E-002  0.90486654502359476     
           7
 -0.45567760574286814      -0.49844631921724930     
 -0.46285471503881270      -0.49958410542460890     
 -0.46915953543153949      -0.49188835497768729     
 -0.49369746599079956      -0.49082751773071115     
 -0.49005262478700862      -0.52903862598059714     
 -0.46477664882810610      -0.51968952458309059     
 -0.45754854105967718      -0.52611244108561239     
           3
 -0.73817332175469463       0.69458214003788143     
 -0.75924456045483912       0.68969793721534611     
 -0.75579320517936355       0.66618316639738562     
           4
 -0.51396822901784267      -0.64040574491948621     
 -0.53490804522793034      -0.64624067783987860     
 -0.53344858849641497      -0.66479734706544857     
 -0.49762061960299797      -0.66604598712066576     
           9
 -0.31428911766482137       0.34472588500317358     
 -0.32932344181602152       0.34506634844476575     
 -0.34861628620472235       0.34974186543387464     
 -0.34824607511752859       0.32688161522968945     
 -0.35770446728397221       0.31890261032047673     
 -0.34605488297099729       0.30875986522555110     
 -0.34212156877999100       0.31506964335788468     
 -0.31592574580725657       0.31590786284489170     
 -0.31355582344348698       0.32332121592245738     
           7
  0.51849331151328903        7.5249048822109116E-002
  0.52059743585778373        8.2970579009432111E-002
  0.49341840414352206        8.2568498202665624E-002
  0.48103370635312143        8.3539675251855045E-002
  0.47679986540372271        7.0313509051996181E-002
  0.49056362982044749        4.4745655557809211E-002
  0.51009842844654940        7.1365534381438722E-002
           7
  0.30045887152379147       0.80984238326952029     
  0.29333876677096543       0.80601103130579421     
  0.28169696910760034       0.80290865810103318     
  0.26932072095833803       0.80177761546912252     
  0.27127533055734943       0.79460401538881442     
  0.27443510916926128       0.77048176199582408     
  0.30418072982590350       0.76901960187038176     
           4
 -0.52866320752795104       0.54929211009068046     
 -0.53780013098917301       0.51589322482870226     
 -0.52098830203307944       0.51016254460824606     
 -0.49558363409005624       0.52070774873589010     
           5
 -0.95325032715670566       0.70714244212971689     
 -0.94630986964233121       0.71806476157879162     
 -0.97750756269893813       0.71807671300884435     
 -0.96424698704190004       0.69018188861346819     
 -0.94772654485345675       0.68703530643655220     
           3
 -0.86419819553333788       0.71955497117715095     
 -0.84907623181198355       0.70298093429526398     
 -0.82557905096144812       0.69603412198986470     
          10
  0.48644307024701944      -0.87495336315499617     
  0.49092857041467658      -0.85947397226282685     
  0.47947252976606985      -0.86305719475926479     
  0.47418216313974609      -0.85908535697551192     
  0.46817084056040581      -0.86653180498045790     
  0.45277367943063490      -0.86350978599997807     
  0.45309619979996102      -0.87125434774974697     
  0.45542957770292569      -0.90158239425030273     
  0.46524768478374384      -0.90071903173009027     
  0.47462287916378604      -0.89793028604374747     
           3
 -0.95635373191128858       0.85733830619442430     
 -0.97591753964917360       0.82354674660599858     
 -0.93885482030371437       0.82214023991950702     
          10
  0.17658456382910176      -0.74856896649502647     
  0.17034323314080732      -0.73064756779736761     
  0.16368922360156529      -0.73108337894127096     
  0.14793754939458925      -0.72959533246170094     
  0.14926824522110876      -0.75050645756687395     
  0.14474601528251035      -0.75880330940162000     
  0.16342116090183456      -0.76883768625175442     
  0.17733756693771247      -0.77499548980536903     
  0.17435122673515877      -0.76623910227505165     
  0.18326393222388090      -0.75427288521611635     
           3
  0.79030020965663994      -0.62043420811266059     
  0.77395201091350663      -0.65273725255509107     
  0.81032889077811765      -0.65182085046653682     
           5
  0.13867383639712855       0.40925684183513306     
  0.11524438731859070       0.40164883976431726     
  0.10260014673265147       0.41198284706592181     
  0.10096713614204186       0.39592657234219458     
  0.14145539959322459       0.36954297969066280     
          11
 -0.20664119757774516       0.82113700156743352     
 -0.21075624034605114       0.83497557499722452     
 -0.22204930609843784       0.83232000571529774     
 -0.22341314315750219       0.82464934251168787     
 -0.22800860976921333       0.83446332420500735     
 -0.23244510656825410       0.82592996599138158     
 -0.24247482422405933       0.82337268087502058     
 -0.24413879198695737       0.81544211857217197     
 -0.23852582311840809       0.80510175685982655     
 -0.20724861903890582       0.79635507650259174     
 -0.20147208556556398       0.79685359998340599     
