   1.0000000000000000
   50.000000000000000     
          20
          10
   4.0000000000000000     
   8.0000000000000000     
   5.0000000000000000     
   2.0000000000000000     
   7.0000000000000000     
   5.0000000000000000     
   4.0000000000000000     
   4.0000000000000000     
   4.0000000000000000     
   2.0000000000000000     
   3.0000000000000000     
   3.0000000000000000     
   7.0000000000000000     
   10.000000000000000     
   9.0000000000000000     
   8.0000000000000000     
   6.0000000000000000     
   5.0000000000000000     
   6.0000000000000000     
   7.0000000000000000     
           1
   0.0000000000000000        0.0000000000000000     
           9
   8.8935527691855282E-002 -0.12351899002821035     
   6.4012133481038833E-002 -0.10912680997187373     
   5.2112320093037845E-002 -0.10843044522126588     
   4.4771089490378543E-002  -9.9243787069446004E-002
   3.1870278792039367E-002 -0.11356149642012113     
   4.4829458742573214E-002 -0.12520743534052081     
   2.6972217585251777E-002 -0.17310993420127707     
   6.9797680493482728E-002 -0.16077981821183387     
   9.8242325854278237E-002 -0.17268944432648117     
           6
  0.74415535295629831       0.83242749317717712     
  0.71841218308741217       0.85667089908829031     
  0.67000327554326278       0.80704342238572369     
  0.71269915813666629       0.81038786071565072     
  0.74286815570567322       0.80975037145924156     
  0.72638777207323846       0.81971155242804272     
           8
  0.38947749797652775      -0.45379993781590189     
  0.37288635223666933      -0.44638549033574665     
  0.34619223329259929      -0.44805180636184999     
  0.33573078512961518      -0.44016718251745585     
  0.33666295354623221      -0.49752498836482911     
  0.39895455024847010      -0.50751724931031306     
  0.39995089680531498      -0.49320872225537954     
  0.39422808033706402      -0.47167879458701295     
           9
 -0.57193348451026782       0.83252437507004551     
 -0.56294583400383935       0.84161595058535021     
 -0.58744126240610528       0.84508045177221813     
 -0.59898211811094881       0.83692457790726826     
 -0.61052828684997240       0.81693220549592560     
 -0.61729913575892004       0.80752529228716030     
 -0.61325440177324786       0.77778183731016859     
 -0.58133332840203022       0.78960892776281844     
 -0.56096151161160623       0.80700595609108450     
           9
 -0.42254114814132337      -0.54599661087380180     
 -0.41443803497313847      -0.53106803136221969     
 -0.43337596916991705      -0.53915671914015140     
 -0.46954070828098521      -0.53392066970658525     
 -0.47234420987829351      -0.55689453079310391     
 -0.46162604403246260      -0.58786640632216514     
 -0.46465952168743341      -0.60306452274723199     
 -0.45411887786936983      -0.59672210924175129     
 -0.42688014529225998      -0.58197515879272887     
           9
 -0.14523205650131299      -0.94856469086573536     
 -0.14142414786350002      -0.93072908768558382     
 -0.16430158999332059      -0.92211239299619407     
 -0.19958673677843936      -0.92836450227027045     
 -0.18720174220797670      -0.98534542647373491     
 -0.16432399947104090      -0.98890981737785366     
 -0.15317432076812379      -0.97119412703964536     
 -0.14283740568538306      -0.98069522380489782     
 -0.14027377940423738      -0.96140312183639254     
           6
  -4.6409443745436776E-002 -0.21246105530254702     
  -6.8151332578324605E-002 -0.17367816037839626     
 -0.10316562831280612      -0.19785700963103506     
 -0.10155464001096662      -0.23286004118334880     
  -7.7935254649776603E-002 -0.24264321970847577     
  -6.6887553538151179E-002 -0.23475223405950552     
           8
 -0.73728706406956701       0.69018128952288893     
 -0.75210834080009814       0.69927208105743421     
 -0.76695330410164453       0.69756100811623556     
 -0.81132636627418209       0.70117814067217621     
 -0.80890417542432114       0.66715495651577084     
 -0.74655836065432202       0.63888975744340770     
 -0.75187036536130192       0.67102260127722446     
 -0.73692875189456108       0.67047999540682601     
           3
  0.40021117000846840       0.59460592767818565     
  0.33476398625646137       0.55105881363703069     
  0.38114220375278113       0.55313209946780928     
           9
  0.96032908800145089       0.58856051336404691     
  0.96310422825165165       0.59962321510977878     
  0.94353983268626984       0.59711300578240012     
  0.91714014914156250       0.58660376422618543     
  0.91748457109643389       0.56582854105538727     
  0.91888917046672380       0.54773174816558812     
  0.94531947438457875       0.53065993280275392     
  0.95945916599791325       0.53019878009853649     
  0.97485371261665188       0.55105630209592060     
           7
  0.68472285418918488       0.49872208907149945     
  0.67696693765817717       0.50965237190411428     
  0.64040524317234249       0.50479079240424130     
  0.63451349986119299       0.47571528044962308     
  0.63259880325648898       0.44117121529254266     
  0.64490503270301291       0.45465885753788349     
  0.69961228259978370       0.47316158069587350     
           9
 -0.19124858637293404       -3.7089021671041521E-002
 -0.19590212316928421       -1.4818372857898974E-002
 -0.23658823384367206       -1.2340943629085489E-002
 -0.24866361570996121       -1.8956650663101884E-002
 -0.24220338318812301       -4.0281672236312772E-002
 -0.24490485467626588       -5.2548160729663104E-002
 -0.24150508941561438       -7.7927608902198353E-002
 -0.21390239329301666       -6.5359035795603287E-002
 -0.18840560031599615       -4.7636849833236683E-002
           3
 -0.82635739152698051       0.33610683213444603     
 -0.85777156519432740       0.32317970388553902     
 -0.83151575494184737       0.31686019737085047     
           8
 -0.76721970646877558      -0.65631879565932305     
 -0.76432877206202365      -0.63559537765576168     
 -0.77243039640620004      -0.62550129205565130     
 -0.78877854555126525      -0.63940542242923304     
 -0.81006613140297190      -0.63365934746834962     
 -0.80426687625159299      -0.68729866537544249     
 -0.77383092441489620      -0.69389645869257843     
 -0.76095382261488276      -0.69075586892240870     
           4
  0.10175117200624924      -0.89727569803971496     
   8.1135535251867286E-002 -0.90719251406576562     
  0.12799992177886860      -0.94480102265698018     
  0.14778503885802485      -0.95068834328504548     
           9
  0.97970662006945441       0.29712387306469762     
  0.96513049442898868       0.32110668878510518     
  0.95524443079216947       0.31702067939374090     
  0.92410146447460584       0.29215513091560030     
  0.92539936191737560       0.26229138125998169     
  0.94004587936328576       0.25948863590562721     
  0.95011127022157227       0.25660024677618326     
  0.96776754661309616       0.25765360426235928     
  0.98972888437520945       0.26654451778317978     
           6
  0.65675191944306666       0.42160366181259545     
  0.61824999853399609       0.41787635858850014     
  0.60340112582501337       0.42791954178053854     
  0.60301518470360471       0.37055946828640274     
  0.62987076231186168       0.37477321124629120     
  0.65315338816974078       0.35962874543624551     
           8
  0.38319277209397623       0.39239848496061502     
  0.35418317605851501       0.35926148571039190     
  0.36989399267118311       0.35095177848074816     
  0.35389195077811469       0.34459721372437108     
  0.36205302207299644       0.32665235872243548     
  0.38526785774402944       0.33405322632846274     
  0.41339042559352118       0.33116355184570095     
  0.41211446608577712       0.34243984089833168     
           6
 -0.89605923926726461       0.88898826959334110     
 -0.95496556791441101       0.86232554926805327     
 -0.96792516486984748       0.86696288678918276     
 -0.95510596157287331       0.82651933896822016     
 -0.90899495757910498       0.83019596853998212     
 -0.89673497899362031       0.84094205845669578     
          10
  0.32595439876598165       0.23230319030408875     
  0.30286894628739974       0.23057496457805940     
  0.29798753018064006       0.21840172221879195     
  0.28941148122350696       0.23318703019342663     
  0.28347951481191852       0.22521887140463537     
  0.28500853234353307       0.20680710916789119     
  0.29106819578476789       0.19210857157773370     
  0.28342546335134050       0.16883230954434891     
  0.30862722353818456       0.18535707362962051     
  0.32806706052185541       0.18582220687125173     
