   1.0000000000000000
   50.000000000000000     
          34
          10
   10.000000000000000     
   2.0000000000000000     
   9.0000000000000000     
   8.0000000000000000     
   8.0000000000000000     
   2.0000000000000000     
   8.0000000000000000     
   8.0000000000000000     
   3.0000000000000000     
   10.000000000000000     
   8.0000000000000000     
   10.000000000000000     
   7.0000000000000000     
   9.0000000000000000     
   1.0000000000000000     
   8.0000000000000000     
   2.0000000000000000     
   8.0000000000000000     
   2.0000000000000000     
   7.0000000000000000     
   6.0000000000000000     
   6.0000000000000000     
   3.0000000000000000     
   4.0000000000000000     
   3.0000000000000000     
   5.0000000000000000     
   3.0000000000000000     
   10.000000000000000     
   5.0000000000000000     
   9.0000000000000000     
   6.0000000000000000     
   3.0000000000000000     
   10.000000000000000     
   4.0000000000000000     
           1
   0.0000000000000000        0.0000000000000000     
           3
  0.65474614871296566      -0.69701566935829085     
  0.62017391283774315      -0.67459716553428206     
  0.63702476731996416      -0.72369487397386234     
           6
  0.42377184450653133      -0.31255706630745822     
  0.40774123049257560      -0.31994045348209943     
  0.36997867372142540      -0.33046024122486273     
  0.38470311171360355      -0.35411065858186141     
  0.39567096592819895      -0.36305435782658940     
  0.42406014288319338      -0.33865215941133670     
           7
 -0.67317222138134913       0.13319422571053677     
 -0.68212689102798962       0.11468500116106141     
 -0.68224778178465617       0.10277504080031610     
 -0.65805367060841424        7.9605828162640377E-002
 -0.64839682870648896        7.7162488468092497E-002
 -0.65338720608987411        8.9189616205870834E-002
 -0.63418332816547895        8.0469950072569033E-002
           4
  0.78247997998913810        7.5783432472984108E-002
  0.74767694210408353        8.0687973245407593E-002
  0.75754188546452272        7.0683545938527673E-002
  0.77051206583066301        3.0016075967001631E-002
           4
  -9.8290240501139783E-002 -0.92137744054912329     
 -0.12475815157341918      -0.91407088655023283     
 -0.12513060002839230      -0.93588255081281391     
 -0.12180544308233349      -0.95370001441133689     
          10
   4.6240127803951668E-002  0.46178420478666499     
   4.5435405129133244E-002  0.48202859207845972     
   2.9899613830415832E-002  0.47389122195275468     
   3.1186794283680770E-002  0.48271076927802425     
   1.8651669046145621E-002  0.46865206866508369     
  -1.1458834549101401E-002  0.44602422271708997     
  -3.6153239259680350E-003  0.44366344203805652     
  -8.9003155798256933E-003  0.43504328816424709     
   7.1822947580516671E-003  0.42519610313723533     
   1.6980993797209510E-002  0.43059156663571635     
           4
  0.83473451016394984      -0.67090683675136220     
  0.83018952241712018      -0.65873150959070059     
  0.81288676875371380      -0.65977906461119140     
  0.81828527959681774      -0.70373403145165903     
           5
  0.76093276634084117      -0.63536530665079072     
  0.74130063543885882      -0.63582227544444159     
  0.72463448707235789      -0.63103806561183018     
  0.73231702279607913      -0.66550561565226907     
  0.74342938733011932      -0.68142733081954299     
          10
  0.79727182125921892      -0.43072505957160356     
  0.80039117026407569      -0.40243429009817683     
  0.78593018403119630      -0.40661409597104514     
  0.76282123018928927      -0.44313215268054745     
  0.75043163008448588      -0.44711290230336098     
  0.75201465673174317      -0.45634998732542764     
  0.77310701678301952      -0.44967781233062948     
  0.79403600462073287      -0.45599521307643304     
  0.80179853791291578      -0.45293838623045785     
  0.78919411492330782      -0.44350735479484371     
           9
 -0.71280795037018152       0.35430136458972683     
 -0.73762412101100894       0.37847520594740003     
 -0.75462993380000520       0.37776931235964756     
 -0.76449931740774690       0.37255535581002125     
 -0.75775186181881038       0.36554190801201497     
 -0.75739738637303022       0.32291661699690349     
 -0.74131388136836718       0.32810609663624518     
 -0.72794575512481530       0.32192350195236002     
 -0.72154720749293677       0.33229042301084843     
           5
  0.51247643474145121      -0.46004777442926337     
  0.50180901220626517      -0.45150130668407418     
  0.47054688043927201      -0.46225790163157243     
  0.45892352093977029      -0.47975380278823865     
  0.47399856210827951      -0.49229303867938168     
           3
  0.87999867940723919      -0.41579347408484557     
  0.84872321555593333      -0.41298699984812781     
  0.89849849700852469      -0.43529333190529168     
           4
  0.73734711532911756       0.95118664438015987     
  0.72476983739844825       0.94157386094441131     
  0.69201629665307118       0.93524234529468986     
  0.72811481193308358       0.90037749321048510     
          10
 -0.40455480839568470       0.71125362132475067     
 -0.40669956353533188       0.72552749129147620     
 -0.40443323501987977       0.73463636154456446     
 -0.41980231144291147       0.73625983689606711     
 -0.45087377217865210       0.72203322613925458     
 -0.45680907097613527       0.71492977981454042     
 -0.45503990417351148       0.68548110052408773     
 -0.43278507048101938       0.68433527222204715     
 -0.42447082384653123       0.69225724432001401     
 -0.41390127899193541       0.70212847048763793     
           7
 -0.40245417634086139      -0.14057256775134835     
 -0.40725373596100173      -0.12954933122825404     
 -0.42558459504820795      -0.12198865000599872     
 -0.45810390616424951      -0.11260705416652803     
 -0.45131321133509561      -0.16521367487002828     
 -0.42471017807976730      -0.15905809552669728     
 -0.40310615496770241      -0.16714847860488380     
           8
 -0.18578409191817957      -0.31294621102924680     
 -0.17308612570660770      -0.29482647739642143     
 -0.18556031556007549      -0.29469467145599043     
 -0.21141372397603059      -0.29658231750929109     
 -0.21999868438620282      -0.33931792320755383     
 -0.21610749400704554      -0.34922788581887793     
 -0.18328726047275379      -0.35075886546102769     
 -0.18137706599468573      -0.32690065327775542     
          10
  0.25205764329875713       -7.3736856115354438E-002
  0.22445793802063460       -7.7662701525877745E-002
  0.20997972228705120       -7.4374462946633357E-002
  0.20472301654443820       -8.2864126986309239E-002
  0.22224307503220819      -0.11292324741145764     
  0.22339486891372692      -0.12200941426379419     
  0.23772488317726126      -0.12094795256934518     
  0.24379445104294067      -0.11472067423144512     
  0.25285739473572627      -0.11812398538381583     
  0.25898737451964376      -0.10650409068477486     
           3
 -0.58027576508241940      -0.50734212637174447     
 -0.59871704430948014      -0.51393830642219585     
 -0.56994924168735328      -0.54213059665259411     
           8
  0.41891615454023584       0.73724121516324725     
  0.39428237320438958       0.73757177238135685     
  0.38228225519129161       0.74464275679789915     
  0.37452673532317055       0.74064284304736694     
  0.37736351912219573       0.71315955010173260     
  0.37031447415392266       0.70111276672279155     
  0.39015816284957239       0.69269042027256689     
  0.42408254314521421       0.71299206089941325     
           7
  0.88157705809457521       0.62993261043659066     
  0.84630857617710098       0.65408783583668617     
  0.84061325583783575       0.64050036291453083     
  0.84358508175912827       0.62513362175439469     
  0.84538313880187521       0.60597238775993367     
  0.86383833004212407       0.60875236323349025     
  0.87970990931656279       0.61663724840543654     
           7
  0.80899274119391373      -0.33649313980096479     
  0.77223044255442463      -0.34837978230690841     
  0.77730574354048687      -0.35890838121728341     
  0.77492618669931923      -0.36996243995173295     
  0.77312993083050785      -0.37993772817718668     
  0.80610545146300183      -0.38554796083620207     
  0.82307594577292487      -0.38435121946525919     
           5
   1.1335647251995269E-002 -0.25389510830991480     
   1.5415839779643448E-002 -0.23591514674828509     
  -1.6456256160077232E-002 -0.28001695294660256     
  -3.9855917751054990E-003 -0.27999245534334471     
   1.0602998479732291E-002 -0.26989054446295646     
           7
 -0.49417557119429106        4.1349806385814342E-003
 -0.52587428342206499        2.2468298399584023E-002
 -0.53110382059099692       -4.6699682366741395E-003
 -0.53490131036540289       -2.3972960606449822E-002
 -0.51119018649194103       -2.5696970776764520E-002
 -0.50979316815150666       -1.2506483057970122E-002
 -0.48589871961194153       -2.2353162988316074E-002
           3
 -0.53728117717976476      -0.75824121005918987     
 -0.55086505940076225      -0.75432932233578343     
 -0.57228396223333322      -0.78359158731663814     
           4
 -0.26638573667584176       0.84835555649532746     
 -0.29001136457013332       0.86119802721681959     
 -0.29061531411439656       0.81012297145123857     
 -0.27479010242616947       0.81102291840311969     
           7
 -0.92856358612569079       0.34334105521863506     
 -0.92767525639712334       0.36187681147957529     
 -0.96690493731032134       0.34807537943826317     
 -0.97840510810954029       0.32170212444387791     
 -0.96291928632993995       0.32172572256674409     
 -0.94601631407706910       0.31684744964271183     
 -0.93282494040577590       0.31042700085009761     
           9
   1.2321477298706359E-002 -0.73833128265732728     
   5.2172117480329301E-003 -0.72792875352879738     
  -1.4944813332808674E-002 -0.72298930288052943     
  -1.4945397383679998E-002 -0.73280544587484153     
  -4.4252393407671550E-002 -0.73669107214033369     
  -3.1153496523279797E-002 -0.75273871190666697     
  -3.5223439804666995E-002 -0.77668614923060320     
  -9.9993857349931041E-003 -0.77758124600406164     
   6.7028711229311574E-003 -0.76957856605409181     
           8
  0.28922504553636003      -0.37517934645581458     
  0.28355934193209925      -0.36626917461373121     
  0.25590304615801551      -0.37076984473425906     
  0.24638373238458380      -0.37383649916566819     
  0.23944390019863510      -0.39201847928160144     
  0.24615488350925183      -0.41793298323085160     
  0.25802850612366807      -0.41229344124367540     
  0.27380727788327025      -0.41959429145133109     
           5
 -0.57145360759464781       -2.7644167941671648E-003
 -0.57160411204323447        2.2287975755625751E-002
 -0.62803082148877187        2.0956898294899988E-003
 -0.62110430974042230       -2.5372367112304124E-002
 -0.56987131422005044       -2.4325615410741068E-002
           6
 -0.82498761010285282      -0.50514871493146185     
 -0.83607240990896414      -0.50121743791976259     
 -0.84883327700509159      -0.50715299225333421     
 -0.85940206277613973      -0.50426630123542715     
 -0.85755855986975260      -0.53193398826998262     
 -0.80836482784552033      -0.52588089087678835     
           8
  0.56560654982096881      -0.26128378393084650     
  0.54312507393189624      -0.26714678991735508     
  0.53400487471857117      -0.27549537156139803     
  0.53920735214558246      -0.28728821948661420     
  0.53298813117564736      -0.31356341366206286     
  0.54037966460397957      -0.30797178008533954     
  0.54925562044876886      -0.30541066699735153     
  0.57201572622704988      -0.30991446507657194     
           9
  0.36771675528264758      -0.48249784040499349     
  0.35946292773147781      -0.48490677263691573     
  0.33645491507079522      -0.48835426810083132     
  0.32357359724799178      -0.49880419874496212     
  0.32362615773207920      -0.50655293104120547     
  0.34463915464264261      -0.52674230575924430     
  0.35699983379983574      -0.53356510216772401     
  0.36460999120191340      -0.53690920037707268     
  0.38001951599721767      -0.51221426106937440     
           6
   8.5100423956166626E-002  0.90583487679734109     
   6.9891269940343628E-002  0.92187588504669260     
   6.2757590324080487E-002  0.91318703426397418     
   4.4933274308319726E-002  0.87934234908187869     
   8.0972991058063729E-002  0.86620109224264719     
   9.9128529261183526E-002  0.88246494002276743     
           9
 -0.30361812226353185       0.66543611476541431     
 -0.30626506327585906       0.67552908567273162     
 -0.32746984731034046       0.68043030677215122     
 -0.35500340382002887       0.65949861385380615     
 -0.35443566357627260       0.63668362901017705     
 -0.33471541438638119       0.63292334877042455     
 -0.30055134688335378       0.64184591005996061     
 -0.30858526395539154       0.65212354207301459     
 -0.30071670606498163       0.65487021461289052     
