   1.0000000000000000
   50.000000000000000     
          54
          12
   9.0000000000000000     
   4.0000000000000000     
   4.0000000000000000     
   10.000000000000000     
   2.0000000000000000     
   2.0000000000000000     
   4.0000000000000000     
   6.0000000000000000     
   1.0000000000000000     
   10.000000000000000     
   7.0000000000000000     
   4.0000000000000000     
   5.0000000000000000     
   9.0000000000000000     
   5.0000000000000000     
   8.0000000000000000     
   1.0000000000000000     
   3.0000000000000000     
   5.0000000000000000     
   5.0000000000000000     
   10.000000000000000     
   10.000000000000000     
   6.0000000000000000     
   7.0000000000000000     
   2.0000000000000000     
   6.0000000000000000     
   4.0000000000000000     
   6.0000000000000000     
   5.0000000000000000     
   2.0000000000000000     
   7.0000000000000000     
   10.000000000000000     
   6.0000000000000000     
   7.0000000000000000     
   4.0000000000000000     
   3.0000000000000000     
   5.0000000000000000     
   7.0000000000000000     
   6.0000000000000000     
   1.0000000000000000     
   7.0000000000000000     
   5.0000000000000000     
   1.0000000000000000     
   4.0000000000000000     
   10.000000000000000     
   3.0000000000000000     
   10.000000000000000     
   5.0000000000000000     
   7.0000000000000000     
   5.0000000000000000     
   5.0000000000000000     
   7.0000000000000000     
   9.0000000000000000     
   1.0000000000000000     
           1
   0.0000000000000000        0.0000000000000000     
           6
  0.56296547216671855      -0.69224406063529809     
  0.55462255647639291      -0.66878325634143077     
  0.52415828943763210      -0.68926979737906613     
  0.53110192754087926      -0.70730344098376119     
  0.53784493441832171      -0.70323354998606535     
  0.55585682948089221      -0.71329621826271161     
           7
  0.79187542630191077      -0.58646178462836906     
  0.78594112571180552      -0.57505529115369214     
  0.75895840262702552      -0.58253357618878410     
  0.75272735165235538      -0.60886333215490340     
  0.75308850856783338      -0.62001736655589246     
  0.76356231263437813      -0.60924032820726892     
  0.79320389108100808      -0.60352850812045089     
           3
  0.30967453096684994      -0.88181099236400795     
  0.27422382460180539      -0.89365956755696296     
  0.30085849787025032      -0.89043849301449862     
           4
 -0.10446816135776624       -7.9842263997206300E-002
 -0.14244844726360878       -8.5646443546335452E-002
 -0.13435819679335348      -0.11301091818703152     
 -0.11694336957209284      -0.11707651136960970     
          12
 -0.62006126782008053        9.3156459589534349E-002
 -0.62637782610145898        9.1059412937507064E-002
 -0.63572038787858176        9.5469361787101401E-002
 -0.63622280476416004        8.9489680587649126E-002
 -0.64129361011756880        9.4401389666141602E-002
 -0.64973534726013904        5.9745415361786597E-002
 -0.64090570042415529        6.1476773653578377E-002
 -0.63242122135032308        6.0249154077900741E-002
 -0.62300309260070907        5.3101106876571616E-002
 -0.60507739616291967        5.5652165066003345E-002
 -0.61189830327994721        6.2245604412429295E-002
 -0.61386098713996973        7.3734395272272241E-002
           9
  0.81712269385310043      -0.46644161951347646     
  0.81820014104658267      -0.45972022106183869     
  0.81568178038221206      -0.45368197745299799     
  0.77317725024447570      -0.46090982593629404     
  0.77217830443195656      -0.46819117158999457     
  0.77708567767536185      -0.48576013532406626     
  0.78409757161192717      -0.48798883725016079     
  0.79031565604280374      -0.49102597467009090     
  0.80918175399369774      -0.47519811829875164     
          10
 -0.50541221652300217       0.53172433487401038     
 -0.52581609073200264       0.55059907709962741     
 -0.53212146032024366       0.54798858785865001     
 -0.54170904916701268       0.53544790442738310     
 -0.53908426454918279       0.52673986918366467     
 -0.53902605154155858       0.51517639553513805     
 -0.51696622502107692       0.51502545024120538     
 -0.51163463804020060       0.50900851452040752     
 -0.49553723024808766       0.51908703328285832     
 -0.50418408514848456       0.52541035396022318     
           8
  0.53430782610566518      -0.21691993348529232     
  0.52022451070421860      -0.22299220525227498     
  0.51164175635300513      -0.22356135131134219     
  0.50923468281767137      -0.23273841148039431     
  0.49988027404436974      -0.23887911925847247     
  0.50851534646399810      -0.25466878606307114     
  0.51551570522520895      -0.26220737202114897     
  0.52761338095876564      -0.25334095592331590     
           6
  0.71268901797057649      -0.42768405546294941     
  0.70059796276056774      -0.41956023636690970     
  0.68848429840052039      -0.41430478567025153     
  0.68353565360207846      -0.43042051891208938     
  0.69758648855668515      -0.45170214477075560     
  0.71461243062645596      -0.43923764582916480     
          10
 -0.73338296718080553      -0.71300163400454886     
 -0.72942742519288362      -0.70024481589267684     
 -0.73835555964294941      -0.70734168274903408     
 -0.75053909223863924      -0.69785036755556662     
 -0.75874342259347960      -0.70220843163708069     
 -0.77567722168647046      -0.72166083707544648     
 -0.76504470657159485      -0.73043297556838072     
 -0.77379626416571978      -0.73965110299001180     
 -0.74051997972255756      -0.73946143980103152     
 -0.73788851946100453      -0.73025283506469085     
          10
 -0.79973248638374939        5.3491135615729747E-002
 -0.80085097536608951        6.4087172391768032E-002
 -0.82464086563352124        7.2715629841573884E-002
 -0.83235447816791430        6.6272867454145137E-002
 -0.83771536074268238        5.1323277011829087E-002
 -0.83751979260461640        3.8405330861574022E-002
 -0.83203660938051305        3.4682045031126693E-002
 -0.80840610134997448        3.4322098257036096E-002
 -0.80274009071668684        3.9249696148623475E-002
 -0.80678125589319905        4.8777960562202648E-002
           5
  0.75000958505479531       0.32962234530949847     
  0.73484884048203447       0.31713157366891825     
  0.73618001471079986       0.29846211871048428     
  0.74946917344384478       0.29789119126657226     
  0.76046646419821962       0.29164446096181518     
           5
 -0.18171024831371968       0.81316233056061515     
 -0.20261974643224512       0.81929739215369612     
 -0.22046199966132810       0.80496278156817291     
 -0.22089835676195801       0.77787905709516747     
 -0.18680815755904417       0.78680299655086472     
           9
  0.32032741507405044       0.50099081793240341     
  0.31412319772463004       0.50138973319967828     
  0.31838703495307541       0.51021493466267165     
  0.28852432288033669       0.51200597153093796     
  0.28006237911175241       0.51486085010706029     
  0.28762044762615813       0.49980013063029222     
  0.28472454807118436       0.47736281289782967     
  0.28199504908143713       0.47033312471549088     
  0.31012487778306158       0.47677062871283149     
           3
  0.96777904568612516       0.74041872396393504     
  0.93776524280306917       0.74841092185461000     
  0.96631043670888694       0.71196405913987215     
           5
 -0.50224239297418938      -0.57517468483868472     
 -0.54309948196137114      -0.56530446196985495     
 -0.53794796396625111      -0.58075191089656986     
 -0.52933848388132987      -0.60240787878542956     
 -0.50266451941094037      -0.59878590168592938     
           3
 -0.21187543495431849      -0.40648492183888885     
 -0.23639324252011626      -0.42258542031208535     
 -0.24413274329521523      -0.43986777590555548     
          10
 -0.79646895713031207       -1.8366469564424004E-002
 -0.79753444377259086       -1.2628692089726813E-002
 -0.79612875949136608       -4.6594483386065578E-003
 -0.80098086236742538       -9.7046137199678813E-004
 -0.83216059299131850       -2.5438208162388738E-002
 -0.83749597338612258       -3.6036728287814110E-002
 -0.82731146873401895       -3.2048388588259979E-002
 -0.81338844633651963       -3.3014868024840112E-002
 -0.79973758945221729       -3.5643280125333313E-002
 -0.79804012251692169       -2.6289981306847995E-002
           5
 -0.84974300158368643       0.27652012389578812     
 -0.84418163760198917       0.26684817389512339     
 -0.84714709344007200       0.25388970688666745     
 -0.82949136793785916       0.24452264644165309     
 -0.80772810258015371       0.25695615434456553     
           5
 -0.17308082708702388      -0.87171022025775358     
 -0.19834358384388759      -0.86881153099848774     
 -0.21232523057591063      -0.86319474911352334     
 -0.19138125945242832      -0.90276789288401094     
 -0.17679899407296426      -0.90184380325494451     
           9
  -4.1470799369814543E-002  0.90681104326418105     
  -4.9013261542816232E-002  0.90132483049387591     
  -4.8302998681224674E-002  0.91217837977268801     
  -5.4614292009021466E-002  0.90428850389344273     
  -6.9213351941744841E-002  0.90394106986012535     
  -8.2548353450672268E-002  0.88827969564767717     
  -6.1692583498013119E-002  0.87480393905277198     
  -5.5275358412922082E-002  0.87175168235095568     
  -4.2249912949929594E-002  0.87015431666134946     
           7
 -0.65936998619970077       0.38372283534284224     
 -0.66973259247974692       0.40336936521410127     
 -0.67657099817801547       0.39870686186771975     
 -0.69793079127216162       0.37920659420478720     
 -0.69264763148118524       0.36066156247244274     
 -0.68483056395343989       0.36167567274300122     
 -0.66243981036651367       0.36084259275756847     
           8
  0.12980721242432880      -0.92474142676202442     
  0.12516570233537591      -0.91715336971124439     
  0.11883255937887270      -0.91514633895918873     
   9.5577341287491985E-002 -0.92410895778507995     
   9.6339595820888926E-002 -0.93509996918586491     
   8.8661697230771552E-002 -0.95412434661892231     
  0.10559155811784886      -0.95372091593147290     
  0.12204168298488342      -0.95522347568787347     
           6
  0.54557488862824777      -0.27642935552234621     
  0.52932924382844171      -0.27948330459574139     
  0.52837417815356025      -0.30351840957410109     
  0.53414327817824092      -0.31016413592759262     
  0.55207164859210089      -0.30981201395739116     
  0.56224753254537485      -0.30929040337505753     
           6
 -0.43512827601701753      -0.33291777208541101     
 -0.43646476318530775      -0.30926198764591717     
 -0.46137511306366447      -0.32315784804592385     
 -0.47095806169607474      -0.35199135282502225     
 -0.46050723637669788      -0.35029450182640476     
 -0.44677747749685681      -0.34674973195815267     
          12
 -0.55433469085633469       0.16823506173102043     
 -0.54625903417139987       0.17843554943393797     
 -0.57042525797347088       0.17884686322841689     
 -0.58053093298212566       0.17981568392243083     
 -0.58133092382802998       0.16939836749885154     
 -0.59196378039823283       0.17243166630674922     
 -0.58517378285792798       0.16488594339452059     
 -0.59053178566146680       0.15119621596455374     
 -0.58156819710683649       0.14134434174816696     
 -0.56101748163132392       0.13912725983991092     
 -0.56521574540993991       0.14816463279680755     
 -0.55654033854410934       0.15030967478719817     
           5
  0.90345903721607879      -0.79757023812671579     
  0.87371846361511452      -0.81717779579498973     
  0.89816652734432745      -0.84189110990299054     
  0.90298011542046530      -0.83293201062431788     
  0.91698676616548369      -0.84257041443361436     
          11
  0.23721918362120836      -0.17293928611690523     
  0.21906190419014016      -0.15504819322954561     
  0.21741490411074532      -0.16473318159925807     
  0.20082150770550866      -0.16703231049210676     
  0.20509263734851160      -0.17706485367219937     
  0.19703159868333517      -0.17728254348370795     
  0.19913489591055736      -0.18250507369408614     
  0.21453287635679671      -0.18972939968866492     
  0.21791510012082579      -0.19607975489125723     
  0.23817451253828101      -0.19162032166831319     
  0.23767563164158242      -0.18531108980434036     
          11
 -0.18896926534003514       0.55046836797128063     
 -0.18963080012274114       0.55719995588452276     
 -0.19898773794841865       0.55569391686187619     
 -0.20834695152830290       0.56307972892353542     
 -0.21196554443343241       0.55657190080214125     
 -0.22312555861611472       0.56207218971983230     
 -0.21196707921531058       0.53077682177554486     
 -0.20491064560878319       0.52287912030215700     
 -0.20233538145254201       0.53040882381191490     
 -0.18917254268547770       0.52809856981937664     
 -0.18396982149389135       0.52469510722667201     
           3
  0.21341510563763613       0.52810705235141253     
  0.20125081821493077       0.48392837359304802     
  0.23470507222591025       0.50540408472316078     
           5
  0.11556464226604032        4.8527456555384485E-002
   8.5099427362218122E-002   5.9250599467836715E-002
   8.6424612501861106E-002   3.4203427704477499E-002
  0.12280227773048920        2.1959998729692998E-002
  0.12046661935184641        3.4546176127768127E-002
           3
 -0.88909060315664412      -0.65159863474292978     
 -0.90446141916877609      -0.65922618508101216     
 -0.87867040928869289      -0.69332006747945474     
           9
 -0.68750857651732511       0.89264806788396323     
 -0.69072520098918155       0.90093905641789374     
 -0.69936693118402549       0.89911239925038067     
 -0.70471748411501500       0.86921132364539400     
 -0.69604502507001276       0.86895279301085970     
 -0.68792572602591062       0.85840317863962812     
 -0.67465059742994193       0.85772999754120627     
 -0.67859657678087337       0.86427106321610936     
 -0.66506551902069078       0.87521820964773189     
           3
  0.27194384073878652      -0.18340096929570612     
  0.30041068466302345      -0.21674331538969283     
  0.29820127247142497      -0.20365781402617431     
          12
  0.52308061771179848       0.36262953859987190     
  0.51421754649322893       0.36482000663918052     
  0.51917415779238651       0.37340736129695556     
  0.50842087257341750       0.37943579790489046     
  0.49858741991035077       0.38302173325861044     
  0.47698656831137365       0.36613005012837557     
  0.48466019073053618       0.36042527436044763     
  0.50255130100347079       0.34737208428563648     
  0.50787753048331064       0.34559253271895385     
  0.51457572571190935       0.35076027419948758     
  0.52281032358452895       0.34527953718286108     
  0.51737256812155930       0.35825997178729624     
          12
  0.20689460431453471        5.7779928704623840E-002
  0.20305507646617452        6.2114220668450092E-002
  0.19634897969130005        6.5566547044111800E-002
  0.19387014708538197        7.5986540538920858E-002
  0.18970191726075980        7.1259605856449706E-002
  0.17782374007510515        7.4550025420945049E-002
  0.16954095380082401        7.1515980350411235E-002
  0.16272115578250487        4.9609589651384366E-002
  0.18190234161905300        3.4248459972852911E-002
  0.18823293374730854        3.6510110900204590E-002
  0.19175326516058844        4.1452866818046663E-002
  0.19689996146843489        3.9248223959433393E-002
          10
 -0.78613133060885498      -0.90609014917841291     
 -0.79231299059178650      -0.90369319163306805     
 -0.79604859596799993      -0.89693063568630238     
 -0.81084633177617571      -0.88945141378384218     
 -0.81769013639793031      -0.89057272008544086     
 -0.82198591599844983      -0.91770839658587233     
 -0.82859997246363304      -0.92296950246763598     
 -0.80715447329209455      -0.92436120523432053     
 -0.79363826481055000      -0.92728362468394043     
 -0.78962650794879774      -0.91253246285556566     
           3
 -0.44950779471502744       0.28702688131420073     
 -0.48004940569887616       0.28655331223420039     
 -0.45805392861349886       0.24197135596583899     
           5
  0.20869704824642399      -0.97949738677790887     
  0.18720788983502720      -0.95763929570871087     
  0.16852291871188377      -0.99339794051486452     
  0.17732711822466102      -0.99509567501679363     
  0.18816260439592861      -0.98664581543016838     
           8
 -0.60336927657989214      -0.12838529590311271     
 -0.60373350672502424      -0.12174258026145002     
 -0.61639156355366831      -0.12084365399119835     
 -0.62636548874321596      -0.12115686932749631     
 -0.62469147887791565      -0.12892292961966934     
 -0.62034775811529430      -0.14456827834908575     
 -0.59350859909418674      -0.14580815754297927     
 -0.58359078446501933      -0.14573608976868119     
           3
  -2.2553853157543020E-003  0.25118085375911642     
  -1.7803996578972338E-002  0.22519699678101857     
   2.1783168833367457E-002  0.22634602453562061     
           9
  -9.5431902269690116E-002   8.8773675866439028E-002
 -0.12298647001917251        8.6954326830745790E-002
 -0.13202056559761763        9.0305952729119135E-002
 -0.12961459431212941        8.0957499744539335E-002
 -0.13037281771898279        6.5418750887771701E-002
 -0.12798643604720797        5.6810824484955967E-002
 -0.10398816640466321        6.2021073784179204E-002
  -8.7722944086411181E-002   6.4131211115639616E-002
  -9.7200113458483700E-002   6.8933009445067819E-002
           4
  0.94454961727365738       0.12199696104430381     
  0.92620657268830742       0.12900294039508203     
  0.91700485959828848        9.6493719484632784E-002
  0.93950858447597574       0.10875104181679937     
           3
  0.13565283844254927      -0.58618703788342708     
  0.11575296469915319      -0.58185783699548099     
  0.14602319853538653      -0.61693659228592468     
           4
 -0.32277764026420630      -0.64687478993727310     
 -0.33043717031383646      -0.64002181962720572     
 -0.33707890323148182      -0.68617699370198948     
 -0.31014084869382402      -0.67519574755038858     
           6
 -0.57821619182484907       0.43605003706882239     
 -0.58577021108078586       0.42488573955900155     
 -0.59961428610902989       0.43278799701890558     
 -0.60457812616344264       0.39698785686234001     
 -0.59506671440869985       0.40201235962213966     
 -0.58217016241581820       0.40256323550531764     
          10
  0.54506892484800284      -0.61088571112810519     
  0.54241345304393052      -0.59939224264857549     
  0.52979425440226580      -0.60537009634311589     
  0.50911473763092197      -0.59945559974491269     
  0.51040657567915293      -0.61928191242043640     
  0.49941426152367124      -0.62367438859154034     
  0.51598977734794949      -0.63905147164248000     
  0.52377895885241887      -0.63531323419557817     
  0.54406327551337652      -0.63655224876443606     
  0.54481257004452210      -0.62965975781551764     
          11
  -2.8247856189792010E-002 -0.86977402095300071     
  -3.4493822165841931E-002 -0.86393749288544797     
  -4.6700541586812479E-002 -0.86702353388637499     
  -6.8935426908387332E-002 -0.88637783223962674     
  -7.2898924223719769E-002 -0.89141848202782270     
  -6.5987972186859353E-002 -0.89312141894355679     
  -6.3105481300509969E-002 -0.90748178663162282     
  -5.3930632721478071E-002 -0.90222033354324327     
  -4.6994640583383249E-002 -0.90733835735005974     
  -3.0067287894772452E-002 -0.90194976625171197     
  -3.4820746598768715E-002 -0.89026400073444345     
           5
 -0.88762513670620902       0.70100998778878099     
 -0.89557942038955352       0.70368610019969802     
 -0.91547956185324353       0.70351572610862090     
 -0.91434250536216888       0.67500064436993290     
 -0.88502609042240354       0.68398184093394987     
          12
 -0.55895431920036587        7.3817732466680872E-002
 -0.56732070028029913        8.0019349926287800E-002
 -0.57507594498870129        8.0971419530979943E-002
 -0.58085369615891935        8.3638698950269569E-002
 -0.57722817663875481        6.5140789853106854E-002
 -0.57831675294904805        5.9934133309299871E-002
 -0.57989413866170825        4.1746505710701778E-002
 -0.56302868441530163        4.3897923509501176E-002
 -0.55353742410054319        4.0220338714206771E-002
 -0.53597052628644670        4.6420789298800495E-002
 -0.54112265916457358        5.1533899529433054E-002
 -0.53618289178756195        5.9868166905962722E-002
           8
  0.14208773559900034      -0.35895613711706859     
  0.11593901002776416      -0.35015246716188148     
  0.11920882654440319      -0.36011334774816006     
  0.10130830204845861      -0.36386364768895513     
  0.11588866590260816      -0.39489849402109822     
  0.14142121559046802      -0.38887078762926497     
  0.13145099063080026      -0.37413469141139888     
  0.14208960435074985      -0.37468847850033060     
           8
 -0.33426892225091220      -0.39173839499130847     
 -0.32633369184068245      -0.38465970438044217     
 -0.35075460261641395      -0.37499122148490160     
 -0.36465707526425917      -0.40576871591132485     
 -0.35740108326678466      -0.40666063539972336     
 -0.35097025445218599      -0.41677727045486251     
 -0.33459833896747992      -0.41281226195549675     
 -0.33965219101450012      -0.40580904462818979     
           4
  0.26803057061370306       0.93785522377454045     
  0.26504003783979635       0.92769276471203732     
  0.26591888025868160       0.89629535913779013     
  0.29441033684486445       0.89949440606891906     
          11
  0.61231404928529409        8.9017194602191180E-002
  0.61108379070225916       0.10671963400296128     
  0.58614047290046645       0.10441730886434442     
  0.57550189122968287       0.10550974628694079     
  0.58222161223675062        9.5337630196067710E-002
  0.58083799799907898        8.1175992142637307E-002
  0.57505426610325383        7.7606120357773076E-002
  0.57832957139080121        6.5614108353896083E-002
  0.59924805464668685        6.9070894261255095E-002
  0.60785586426760996        6.6479889991268845E-002
  0.61423429908361193        7.1445909235312036E-002
