   1.0000000000000000
   50.000000000000000     
          40
          10
   4.0000000000000000     
   10.000000000000000     
   8.0000000000000000     
   1.0000000000000000     
   3.0000000000000000     
   10.000000000000000     
   8.0000000000000000     
   1.0000000000000000     
   7.0000000000000000     
   7.0000000000000000     
   3.0000000000000000     
   8.0000000000000000     
   8.0000000000000000     
   6.0000000000000000     
   9.0000000000000000     
   8.0000000000000000     
   6.0000000000000000     
   7.0000000000000000     
   4.0000000000000000     
   4.0000000000000000     
   7.0000000000000000     
   7.0000000000000000     
   3.0000000000000000     
   2.0000000000000000     
   10.000000000000000     
   9.0000000000000000     
   6.0000000000000000     
   3.0000000000000000     
   8.0000000000000000     
   3.0000000000000000     
   7.0000000000000000     
   2.0000000000000000     
   3.0000000000000000     
   7.0000000000000000     
   2.0000000000000000     
   4.0000000000000000     
   2.0000000000000000     
   6.0000000000000000     
   8.0000000000000000     
   3.0000000000000000     
           1
   0.0000000000000000        0.0000000000000000     
           3
   1.1612611623456778E-002 -0.36135753390588093     
   1.2125968403869699E-002 -0.38738653196914419     
   3.3197279977002586E-002 -0.39925851847060734     
          10
  0.89802978228231833      -0.67074903035805888     
  0.88707347729097785      -0.66904323165621693     
  0.87291015913093850      -0.67170811396367647     
  0.86192786355626916      -0.66864800337346908     
  0.86491582686768176      -0.67610713939119860     
  0.86254244087369680      -0.69140336368149446     
  0.86382832596967374      -0.71457357175440506     
  0.88485507727627555      -0.70855837752483153     
  0.90452927865296784      -0.70436372438309247     
  0.89992216767126165      -0.68810838164691301     
           3
  0.53634159856148522       0.96359727158300945     
  0.54352473593527473       0.91776321253781978     
  0.55236728436477556       0.93734485238233056     
           5
 -0.45022084339055790      -0.35266910418498509     
 -0.47096435644490142      -0.36348524183846642     
 -0.48099582213926523      -0.37332600818953554     
 -0.47451868582279871      -0.39934034270922086     
 -0.44130355618880701      -0.39148705682464696     
           7
 -0.16702233515137738       0.66188278658798960     
 -0.18457739375293689       0.67215452598286640     
 -0.19578160542164549       0.66998423417761765     
 -0.18260515628536486       0.62756266677810590     
 -0.17405680633037354       0.63205356188052297     
 -0.16040187273979384       0.63477088026751227     
 -0.15576710228521232       0.64521025225011841     
          10
 -0.75412268780485292       0.64678059089919127     
 -0.76080976472837436       0.64974750982280272     
 -0.75146554064855697       0.66606442102206787     
 -0.77629896621651084       0.65526961719074917     
 -0.78164607156633548       0.66774166728430662     
 -0.79579174091271976       0.63306686165629478     
 -0.80204920445549077       0.62660811355268486     
 -0.78800402122045687       0.61558051782768197     
 -0.76684033858886558       0.62256575019743821     
 -0.75701076027355818       0.63516519244809433     
           5
 -0.91411985420571606      -0.17668210300623238     
 -0.93001035944563770      -0.17888469622693229     
 -0.95404507107552328      -0.18489699853589658     
 -0.92767617155640658      -0.21989620542520069     
 -0.91380196577867356      -0.20161237193934298     
           8
  0.44368793974943233       0.13093996843502831     
  0.42544520400449698       0.14036791964211465     
  0.42488529404843228       0.15078927484582652     
  0.39945788775396407       0.12551094464213533     
  0.40565592770346137       0.11913796386177673     
  0.39949236543627509       0.10248253813490152     
  0.42444928120457570       0.10743142118357664     
  0.44434443635961668       0.10068283690771414     
           5
  0.24891290070717903      -0.18687818155396443     
  0.21451464474002160      -0.19720691638472343     
  0.21722542830717606      -0.20758427649427072     
  0.20886918053904208      -0.21497680557514215     
  0.20877075209481757      -0.22609599554309884     
           7
  0.76790109283533736       0.57573786486259704     
  0.75445172803607152       0.57736311065065138     
  0.73328750216668814       0.56124768070924613     
  0.73792380184368855       0.54261643814932325     
  0.76336551177617651       0.53443473386468388     
  0.76870802632159008       0.55434954551008042     
  0.77851729158861693       0.55418111973243167     
          10
  0.20184835031717308       -8.8589205962648215E-002
  0.19287265425126990      -0.10032068559944404     
  0.19137085612068996       -9.1031971449206966E-002
  0.18342233278787287       -9.2331883297459214E-002
  0.17210073171463680       -9.5664690459960441E-002
  0.16181994099210814      -0.13321976915761505     
  0.15611002418655598      -0.13879946865838474     
  0.19068412234255266      -0.13079287580968638     
  0.20458008484614476      -0.13024954096985755     
  0.19585696991946749      -0.11431350539409707     
           3
  -6.5756988908006547E-002 -0.44982894212420410     
  -5.4042149221967803E-002 -0.46477771377734978     
  -3.1585237594831332E-002 -0.46707828091198200     
           9
 -0.17406969592566124       0.74990565640152329     
 -0.18262042494030478       0.76020216146127251     
 -0.19482807411762504       0.76311242944934721     
 -0.21708279398522665       0.76777004338593047     
 -0.21323210078223656       0.74556442477738272     
 -0.22137375503345266       0.72987625588665006     
 -0.19126534747047963       0.72101141162535975     
 -0.17321374894415775       0.73070331567123670     
 -0.17957774978625274       0.74115661715433623     
           7
  0.51826696144764273       0.71720427238910556     
  0.50638257948861043       0.73081336016855425     
  0.49361411739041244       0.72896885374725606     
  0.47018763317168327       0.70302282790482629     
  0.47540729997023368       0.68480902029284496     
  0.48453873434581773       0.68496599535545033     
  0.50905535962015902       0.68420707093947575     
           6
 -0.34547135679543406       0.34000861971291491     
 -0.36200567530943389       0.36214296500793308     
 -0.38121746494428682       0.35204214229118164     
 -0.39570764672564301       0.33300595022365226     
 -0.37493674139214739       0.31125382195338763     
 -0.34521846844463921       0.31806718402664169     
           5
  0.31355554693208354      -0.51562292185800296     
  0.26708723275666396      -0.51098471269978074     
  0.29278492761523661      -0.54383596751027974     
  0.31278131748824967      -0.54707257467929926     
  0.31483203204269622      -0.53246191673767362     
          10
 -0.57080580257563585      -0.93411686413774331     
 -0.57678554775281943      -0.92860477946752751     
 -0.59205352834540004      -0.92953647061545575     
 -0.60732826976044840      -0.93455279350269038     
 -0.61508473186795065      -0.93944277997450087     
 -0.61217190786431974      -0.95000637992431469     
 -0.60774690552431976      -0.95971534253975166     
 -0.60794056062803747      -0.98291358223364900     
 -0.58557745840632625      -0.97347340997436560     
 -0.57218202276797192      -0.95035771566978611     
           4
  0.14907450995458235      -0.85349501595978783     
  0.13498685181891984      -0.84430375051795159     
  0.13682637228189770      -0.87380782071553620     
  0.15666347457603078      -0.87035023500250319     
           5
   6.0638445694808404E-002  0.81506453689314562     
   4.3093350822681883E-002  0.82847990965688190     
   2.0512167053124881E-002  0.82348429713978921     
   1.7886521261429669E-002  0.78592134449102435     
   6.1741705334797628E-002  0.78975461131224733     
          10
 -0.47467876579991858      -0.60521837889501617     
 -0.48850628579984567      -0.60566592511665551     
 -0.51496796017763324      -0.59631060726873586     
 -0.51492351914846912      -0.61620181042558875     
 -0.51757053449527901      -0.62951708572802756     
 -0.51073443448103384      -0.64737668276249205     
 -0.50328461560739213      -0.64764748849795239     
 -0.49685764906981894      -0.64050920508444376     
 -0.48520066720551275      -0.64197378332832677     
 -0.47651485569545260      -0.62760127314234881     
           5
 -0.51643720554405359       0.47117284674553811     
 -0.55081088070889150       0.49056786633794747     
 -0.56637943148930081       0.47700055616920783     
 -0.53400757384094577       0.44322355963253079     
 -0.52048854817442558       0.46217113930947096     
           6
  -3.3581378590533575E-002  0.23423931167235484     
  -4.2884345852753164E-002  0.25405866499344454     
  -6.6094410118661726E-002  0.25051390755777314     
  -8.3859754720307711E-002  0.23193321067413689     
  -6.2723944607522411E-002  0.20864306536834989     
  -4.8743239992486712E-002  0.20936841807645420     
           3
 -0.80372416957238280       0.94997288662304114     
 -0.79675580616564412       0.90940164200532780     
 -0.76088520724277520       0.90833884030533063     
           5
  0.89816832996375495       0.75594946165255095     
  0.87567900757986428       0.76124499738954721     
  0.85468667111046714       0.73114515895066257     
  0.89014271070810469       0.71866025670129174     
  0.90101477106925110       0.72513360749278810     
           9
  0.20971332005528870       0.36206648232023930     
  0.20390300860046051       0.36709384028783681     
  0.17137097586463582       0.39264867284001537     
  0.17195863155256511       0.35559953145094492     
  0.17889985026028446       0.35175763204839949     
  0.18148346887172301       0.34023683496839191     
  0.20061313298582159       0.33936042379408676     
  0.21106782716136671       0.34200902753565599     
  0.20295374326744092       0.35151780772610419     
           6
 -0.94631576408911577        8.2705682897683624E-002
 -0.95586763005809106        8.1975907796790509E-002
 -0.95188650678494635        6.1018248792869129E-002
 -0.94558892431888508        2.9716416052909360E-002
 -0.92313483051940581        3.4828875221338484E-002
 -0.90891841311603405        5.3576648421693858E-002
           5
 -0.32731825949510718      -0.71025714945402718     
 -0.33302571702677847      -0.72927608857595960     
 -0.32689291894395422      -0.73672400778792735     
 -0.30844835744081350      -0.74994629653754652     
 -0.28248428990079266      -0.74242460895420559     
           6
  0.46690676649680424      -0.69585985830593233     
  0.46797952751381416      -0.68603758292865069     
  0.46165113709626326      -0.67957468924148046     
  0.42206137796707394      -0.69129367912754225     
  0.42784862103399629      -0.70062564246888603     
  0.42159631181015705      -0.73000026376043747     
           4
  0.19493251460352218       0.96548879059368686     
  0.14963810829726024       0.98198449132545906     
  0.15319174913356234       0.95149501786930057     
  0.17989532758837753       0.95467459807786348     
           4
  0.25159077384768930       0.15523096715714121     
  0.21155089952460226       0.13699720515267694     
  0.21067000890210941       0.12037756193473396     
  0.24371504708257605       0.11766108675359499     
          10
  0.15224013135447520       0.30063942528315790     
  0.14602616386879472       0.31317958411777413     
  0.13988597215102996       0.30590719235900765     
  0.12610104498832717       0.30927813678352423     
  0.10756627918010384       0.28528757491205842     
  0.10685527038291812       0.27571447130147891     
  0.11522727100130462       0.27400387589078462     
  0.12507565318965447       0.27400647794344202     
  0.13537988133655141       0.26729630210214778     
  0.15645193628771559       0.26791827017241482     
           8
  0.58082502214665443       0.24495100062293523     
  0.54628401160757090       0.24532542786413161     
  0.52809836707099111       0.22838471463462756     
  0.53072742932568873       0.21382364949056590     
  0.53601606107886113       0.20448646373108828     
  0.54790744730863217       0.19905364278279961     
  0.55035537573492055       0.20742264484283759     
  0.57968891808296985       0.21119499878969772     
           4
  0.36854175187891069        5.3234844191420959E-003
  0.36055496291580713       -3.6612062545944041E-002
  0.36851274483249929       -4.4019898720605577E-002
  0.38658729852861540       -3.1926246102735888E-002
           3
  0.31387158519404512        4.5553045737719504E-002
  0.27993907533010720        3.0586497310732649E-002
  0.32476181822259614        2.8820883177399156E-002
           7
 -0.20538952403270896      -0.36366851027628322     
 -0.19941463598647868      -0.34126988340441611     
 -0.20843600511598648      -0.35381696272479779     
 -0.22885094643228596      -0.37432572852016610     
 -0.23273934953016406      -0.38341550018650383     
 -0.22040715045749798      -0.37436139510742289     
 -0.22265974048001691      -0.38601318924082928     
           9
 -0.87820122651457988      -0.29597207696846312     
 -0.89099919561445484      -0.30079045894017514     
 -0.90741424995544473      -0.30075662014060300     
 -0.91078490397639766      -0.31682631812662171     
 -0.91968539299239160      -0.32431479189273038     
 -0.91443612413383990      -0.33795707869632619     
 -0.88610986779200540      -0.33901360843430745     
 -0.87222712992390738      -0.34164769939424011     
 -0.87861061328457624      -0.33000355315830060     
           9
  0.55901583308323122      -0.75050863700575199     
  0.56255578934661954      -0.73713344873948139     
  0.55287358487158533      -0.73757226568913348     
  0.52880932719137919      -0.74721473410122297     
  0.52068828794591682      -0.74506003571247681     
  0.51963399178524750      -0.77317700499555375     
  0.52997717849094095      -0.78237775198876491     
  0.54876474679905485      -0.78177152195015998     
  0.55950415129185704      -0.75918286519861466     
           7
  0.55179251040011046      -0.34703387020905596     
  0.53774377595747325      -0.34091916493648228     
  0.50890275256961537      -0.33753597125088575     
  0.51548854618753170      -0.34483147962811656     
  0.51663757127139143      -0.36777317039680735     
  0.53731475072938195      -0.37638067190533858     
  0.55214911944682743      -0.37845375311984586     
           4
 -0.11733606502333714      -0.92807335115898559     
 -0.13131582647717685      -0.91294699364585852     
 -0.13125976752009705      -0.95666470527338632     
 -0.12361067311409886      -0.94881923865651852     
           5
  0.34172749608360536       -8.5463342722825686E-002
  0.32692894803104960       -8.3847159816332742E-002
  0.32277813475810291      -0.12148428489173647     
  0.35277624895542536      -0.12179303058006338     
  0.35439363900316728      -0.10535734378768148     
