   1.0000000000000000
   50.000000000000000     
          28
           8
   6.0000000000000000     
   2.0000000000000000     
   6.0000000000000000     
   6.0000000000000000     
   3.0000000000000000     
   4.0000000000000000     
   2.0000000000000000     
   9.0000000000000000     
   10.000000000000000     
   5.0000000000000000     
   2.0000000000000000     
   1.0000000000000000     
   4.0000000000000000     
   3.0000000000000000     
   8.0000000000000000     
   6.0000000000000000     
   8.0000000000000000     
   1.0000000000000000     
   8.0000000000000000     
   3.0000000000000000     
   6.0000000000000000     
   7.0000000000000000     
   7.0000000000000000     
   1.0000000000000000     
   3.0000000000000000     
   10.000000000000000     
   1.0000000000000000     
   1.0000000000000000     
           1
   0.0000000000000000        0.0000000000000000     
           8
 -0.63416677200689842       0.70006889539506922     
 -0.64189030633184185       0.70845032953795650     
 -0.65215827149601979       0.70146732353147057     
 -0.66560769033668399       0.70899724567610145     
 -0.68180606733056637       0.66787124744647264     
 -0.68472819484631908       0.65469936759897396     
 -0.66744914383406428       0.65934155645413672     
 -0.65493791864471340       0.66074439249338501     
           3
 -0.66707039774850918      -0.85141559824607749     
 -0.68117881876388753      -0.85608819734473685     
 -0.62767242339759233      -0.87184825703271640     
           3
 -0.63722004892561901        1.8459558507551144E-002
 -0.66758187807494518        2.9733095645440376E-002
 -0.67040827748480458       -1.1170684366100584E-002
           7
  0.71047654909058477        2.0856083492069518E-002
  0.68843868307166323        3.3488596246429213E-002
  0.65415376258962943        3.2990710368178397E-002
  0.66420002048956006       -2.0199719782496378E-002
  0.70898232684894258       -1.9301556793204822E-002
  0.70686017352312980       -7.7074688111224803E-003
  0.70357729534163349        4.2633465868517325E-003
           6
  0.96469271617547636      -0.10037403344273631     
  0.95660309148699640       -9.1128837822682413E-002
  0.93955457711036849       -8.3598446854048644E-002
  0.91795387732604949      -0.12109950426417188     
  0.92446566731812774      -0.13553879250767498     
  0.93723390914831728      -0.13517149830384481     
           6
 -0.26211435649731518       -8.5041066211789224E-002
 -0.25907543891389595       -7.2939530189167934E-002
 -0.29217167840551539       -6.2212956318749915E-002
 -0.30465159969276723       -6.1214046072257007E-002
 -0.28417837081756825      -0.11909085171750901     
 -0.26155162347072120      -0.11966530854506890     
           7
  0.58236533625038911       0.30751060177198786     
  0.57082730927255665       0.29630834758764413     
  0.54092849917109243       0.29916434479360415     
  0.52568164364227055       0.27671005291888900     
  0.57221972098159612       0.26197054233139427     
  0.58001731773191645       0.25451431780188971     
  0.58634059630249735       0.27956655324412494     
           4
  0.68678512792277624       0.14167134694668346     
  0.66484839811517882       0.15200062047478693     
  0.65491119616537330       0.13959876031980378     
  0.68782680391741780       0.10440142309284520     
           5
  0.38260830712615423      -0.58930244016667399     
  0.36605380960274408      -0.59293241080712800     
  0.35175358146634583      -0.61350430809726064     
  0.34630272062177309      -0.64007403870581292     
  0.40138552012955836      -0.60921797513405695     
           8
  0.37918337073998415      -0.47557068941401104     
  0.37893512454362477      -0.45806102128655546     
  0.34215304728991136      -0.46497249835855559     
  0.32409179716004172      -0.45749648262145970     
  0.33578720801118728      -0.48522351816107290     
  0.32819352610700220      -0.52023492757425083     
  0.33970051705168114      -0.50693234630745787     
  0.34382466239506282      -0.52024525179274717     
           7
  0.39260998509134093       0.50145667705695640     
  0.39698103612793589       0.51356963410663126     
  0.37770076115980378       0.52355507560451675     
  0.36222728258900061       0.48923860526992841     
  0.34411408987513914       0.47476538333230872     
  0.37776045572536354       0.47939576638269726     
  0.39084027075084860       0.47914439099417622     
           8
 -0.19921792818810008       0.66376750252657757     
 -0.20669193681339712       0.67614388028773420     
 -0.23409515580622667       0.65909936989184903     
 -0.23293975040650372       0.63478391318204241     
 -0.24114332972093344       0.62728935452432277     
 -0.23470516113226367       0.61933711288885607     
 -0.21383111306731792       0.62056099159045308     
 -0.19283931061259851       0.63692188812143080     
           8
 -0.77402249034497017        6.4332634584947604E-002
 -0.77808059225991733        7.4726202147231496E-002
 -0.78658819868165120        6.3746679878437934E-002
 -0.82344060822394294        5.3137035329737133E-002
 -0.82698628907037475        3.4363052605717120E-002
 -0.81664540258362761        2.3092753337899105E-002
 -0.79951838556500765        2.5648925598248551E-002
 -0.79055132576732334        3.3748027152862133E-002
           7
 -0.91722506655950053      -0.88154700393875696     
 -0.93538047370594435      -0.88539915688633730     
 -0.93364468321301475      -0.90952204051687580     
 -0.94258517106367079      -0.92928399762413039     
 -0.91665151768786135      -0.93078543970664251     
 -0.89050730505400044      -0.92854725169322494     
 -0.88665429484653402      -0.91625269394819553     
           4
  -9.4915900936733757E-003  0.88515578577892640     
  -5.9339535750461213E-002  0.85103509880503547     
  -2.8389604980051431E-002  0.83871508470010236     
  -1.1636750151872998E-002  0.83740255771731409     
           4
  -6.2032055345736511E-002 -0.87198052272483828     
 -0.10277108092680134      -0.87050962846321556     
 -0.10102017551631255      -0.90245756082304973     
  -4.7045792768820774E-002 -0.90859774912501023     
           8
 -0.68657581400922385       0.50306657182945624     
 -0.70255779048270506       0.49838893297184045     
 -0.69215468462764307       0.48539368438891300     
 -0.69672112290691135       0.46267569155698757     
 -0.68738937872994443       0.44628065427989849     
 -0.64670858914410023       0.44801789389291424     
 -0.64432812095656378       0.45720746248872379     
 -0.64776678408953481       0.46951527991422470     
           4
  0.37003119590965505       0.29896710444124347     
  0.35296297461559561       0.30261016932177204     
  0.31705631697599873       0.27916856348408370     
  0.34552800388800015       0.25097745635181690     
           5
  0.50387929973067591      -0.47270507031497694     
  0.49161064796420018      -0.45602914435681885     
  0.44506723775565160      -0.46545379976313683     
  0.44541496508870287      -0.51308354645971765     
  0.46046626040473687      -0.50414139908366518     
           6
  0.23365344601193758       -6.1094061378412258E-002
  0.18541335265227821       -4.3772409570650747E-002
  0.18991813065239299       -7.5398222923502622E-002
  0.18080668089636484       -8.8040774010962983E-002
  0.20204321679694875       -8.2762976137366773E-002
  0.23254592992172457       -8.2952751210113834E-002
           3
  0.94494392199099864       0.77384433047527412     
  0.91195736625115054       0.72953007630753308     
  0.92454929681452946       0.71257542586769740     
           4
 -0.23888610596388662       0.59618016697371568     
 -0.28376176262356845       0.59751231573020436     
 -0.23904079904532333       0.54940286169253161     
 -0.22348381962420016       0.54688004855091621     
           4
  0.81623186720034602      -0.34484918135329845     
  0.76722721706506924      -0.34622131818470109     
  0.77064161728315195      -0.37352374391893645     
  0.81326888678959108      -0.38998199713924653     
           5
  0.13092627540019358       -1.4074931297760669E-002
   8.8704205794007285E-002   4.1798736707252156E-003
   8.0908082764915637E-002  -2.9060436147293790E-002
  0.10147362854000586       -4.1070547160514365E-002
  0.11291343132576495       -4.4088113238602331E-002
           6
  0.66018791397440035       0.44482905490447100     
  0.66871133161443153       0.45968625494935583     
  0.63137283501766983       0.46258236549180903     
  0.62012092383874995       0.41569118292432633     
  0.61310111449261173       0.40234690223325498     
  0.66459115748075404       0.40881254785931304     
           5
  0.27963004662359897       0.42065067141433043     
  0.23073899121205602       0.42996941231752911     
  0.23370555220173467       0.40435028399975187     
  0.26052274631230482       0.39187965374398109     
  0.28674528858755843       0.40129678391383372     
           3
  0.91994352031247306      -0.49337900469840767     
  0.89874316345563421      -0.47978391767646938     
  0.88357971823761161      -0.54059919075169982     
           5
   9.9297584143174633E-002 -0.36819364053902165     
  0.11129144895209767      -0.35517290248982031     
   9.2630478541864389E-002 -0.34552911519610624     
   6.0648563407567330E-002 -0.39491340729675467     
  0.10019536564709178      -0.40167968964515610     
