   1.0000000000000000
   50.000000000000000     
          24
           8
   8.0000000000000000     
   2.0000000000000000     
   2.0000000000000000     
   1.0000000000000000     
   10.000000000000000     
   4.0000000000000000     
   5.0000000000000000     
   2.0000000000000000     
   8.0000000000000000     
   1.0000000000000000     
   10.000000000000000     
   7.0000000000000000     
   10.000000000000000     
   9.0000000000000000     
   10.000000000000000     
   6.0000000000000000     
   2.0000000000000000     
   10.000000000000000     
   6.0000000000000000     
   3.0000000000000000     
   9.0000000000000000     
   9.0000000000000000     
   6.0000000000000000     
   2.0000000000000000     
           1
   0.0000000000000000        0.0000000000000000     
           7
 -0.23504665111976775      -0.81333142521932422     
 -0.22921817581896420      -0.78843620794429714     
 -0.29445232106559593      -0.80965148545581289     
 -0.28198865811725576      -0.84860751194266004     
 -0.26167164236118856      -0.84238822659747670     
 -0.24006784212793297      -0.84664973060514193     
 -0.24005848345314698      -0.83077983966914626     
           6
 -0.54125316752785591       0.78201187940840367     
 -0.59288352597679572       0.79201902547399361     
 -0.58214515151649571       0.74751739996513666     
 -0.58861245996872757       0.73377647726639184     
 -0.57223811824313198       0.73137870867822630     
 -0.56086532900407171       0.74288455535341924     
           6
 -0.91596172566371559      -0.57658005733496442     
 -0.91803088847781000      -0.56334585045672780     
 -0.92375190979562904      -0.55002892811629778     
 -0.91880259859124858      -0.59342363540089771     
 -0.91705806334970630      -0.61795124075087737     
 -0.89884046242778237      -0.61196870281489357     
           8
  0.13915128611648800       0.86116901761386266     
  0.13813388015936520       0.87361119554762678     
  0.12605938859910526       0.87727767854680561     
  0.10040393101448238       0.87971708482980182     
   7.3750340765582456E-002  0.86497151142372952     
   7.5599208884267730E-002  0.82619961980946066     
   8.3524826941880057E-002  0.81314478073181728     
  0.13149604397752596       0.82223784518944054     
           4
  0.44615076960760885       0.42568211795631816     
  0.43174509436755987       0.42286016007341853     
  0.44178945573819101       0.38134242238460714     
  0.44235490487139650       0.40961513926874199     
           6
 -0.14840196400039740       -9.0079297333397840E-002
 -0.20757609615092054       -8.4030927172483186E-002
 -0.20239820487218418      -0.10405694195566983     
 -0.19378254705319251      -0.11616471931881846     
 -0.17433290405534957      -0.12147969361748365     
 -0.14195311995079196      -0.10382687719272045     
           5
 -0.51654672481463915        8.3905567296298333E-002
 -0.56227452519590204        9.1124787742077301E-002
 -0.57218037592089266        5.6427891440434294E-002
 -0.57991443879104565        3.6259573717202745E-002
 -0.56813398797926118        4.0397697830772170E-002
           4
 -0.62398939700532363      -0.20097830093701050     
 -0.63439020895940701      -0.21062855924437651     
 -0.61018116697487690      -0.26921236926611458     
 -0.57822655066341078      -0.25557616360645147     
           6
  0.40012225417823732       -7.6654084195420844E-002
  0.40702759732957744       -5.4774495597911983E-002
  0.35360819571095342       -6.1177711502239968E-002
  0.34053979216402319       -7.4469957751898352E-002
  0.34403470811865200       -9.5991006303012452E-002
  0.36077429189810112      -0.11159457015077517     
           5
  0.21924698019442110      -0.85101667331686670     
  0.16969856154133994      -0.85163303590893535     
  0.15652794599278219      -0.88574611920156554     
  0.16313650973952831      -0.90209051687545150     
  0.21528998532336788      -0.88819206061684219     
           4
 -0.85487938654055695      -0.18263498754072041     
 -0.88667693333554631      -0.17269891933634049     
 -0.90246671226627950      -0.17433851287634203     
 -0.90507423389864106      -0.22904484638734254     
           4
 -0.50312266105494441      -0.22683781498742053     
 -0.53643057151326534      -0.21645039983719219     
 -0.55672003185733532      -0.25452062241968626     
 -0.54040141995464452      -0.27433070931609682     
           3
 -0.49555433251181480       0.15930553108628134     
 -0.53685118162977963       0.17917859841355782     
 -0.49991975507334574       0.11662172526525993     
           8
 -0.22828956036101772       0.39229530772272386     
 -0.24008259536566162       0.38878668851055304     
 -0.25219076452986533       0.39211910679681555     
 -0.26817906868313129       0.37726796867317064     
 -0.27015066743688182       0.33320506344118195     
 -0.25338103512763682       0.32765239319873496     
 -0.23834437316226439       0.32886652915313430     
 -0.20733256206286499       0.33596742917056416     
           8
  0.25784991993736528       0.71130791300568152     
  0.25485142155008178       0.73225900057052917     
  0.21494229281631227       0.74102479330061866     
  0.20977948744223979       0.73175689538475808     
  0.20138745885877396       0.68402461703223516     
  0.22347518192978694       0.68132626614250502     
  0.23353875613887803       0.67987599206428495     
  0.26842502165534016       0.68039775299262484     
           8
 -0.76327266733688826      -0.16485115331114425     
 -0.80292186035443913      -0.17140782006280436     
 -0.81996552574340553      -0.17533504444155304     
 -0.81209452249406411      -0.18706215087620448     
 -0.80819083156551119      -0.19723798802369596     
 -0.78102161341327514      -0.21374764908824606     
 -0.76690222232106753      -0.21417725342983401     
 -0.75604655923995367      -0.19659733751991587     
           4
   3.2533980558402634E-002   5.4874672631433766E-002
   2.6495300461040761E-004   6.0229574417769452E-002
   1.9153053838038350E-003   8.4055196885385874E-003
   6.4230185190277983E-002   3.8737143280453475E-002
           6
  0.41121804059249456      -0.30983696612122374     
  0.37998056598065660      -0.29128790249451664     
  0.36516931984913320      -0.32231473614659828     
  0.36379661717731793      -0.34164748196248301     
  0.39206941973809328      -0.33641164992936490     
  0.42111111581744609      -0.34843654278194480     
           6
 -0.15181114054422831      -0.21082248611738938     
 -0.19716946107187383      -0.21629503839474609     
 -0.18627012088236938      -0.24245142082289098     
 -0.19459260700114575      -0.25275434467980534     
 -0.16598770159739812      -0.25200960041639314     
 -0.14703322233108435      -0.23568139516658079     
           6
  -4.6863074141936446E-002 -0.29336717669099088     
  -6.7758953747474829E-002 -0.27047760281343963     
 -0.10503142012269129      -0.28292271624227572     
 -0.10600166714782761      -0.32640850556655376     
  -6.3458614316496881E-002 -0.33169647884891590     
  -5.6283676444929237E-002 -0.30422182554770782     
           5
 -0.52884733822681373      -0.59015985779695956     
 -0.52895332349090918      -0.60368723904251675     
 -0.53586376222916221      -0.64049767878974273     
 -0.53687845702439962      -0.65319968114570359     
 -0.50350917084354285      -0.62199482098355563     
           5
 -0.77263901943703739       0.72658867402401817     
 -0.78201404114166617       0.70398968281187591     
 -0.75722719378625269       0.66921784203787082     
 -0.73735658118363012       0.66807120564431521     
 -0.72303394636456220       0.68944637002449505     
           4
  0.14762335346621647        8.3102190605342553E-003
  0.13410720577165983       -3.4886038141461309E-002
  0.17776975443466181       -3.3847942131765292E-002
  0.20274846036898941       -2.6033161428329503E-002
           6
  0.58594131094035040      -0.59262505898662354     
  0.53318462722391835      -0.56230495386499058     
  0.52803800344086238      -0.58245156395267506     
  0.54347607679888732      -0.62294124892944702     
  0.57385244315591577      -0.61844774140380065     
  0.59537190481232871      -0.62597414447933108     
