   1.0000000000000000
   50.000000000000000     
          20
           8
   10.000000000000000     
   8.0000000000000000     
   5.0000000000000000     
   6.0000000000000000     
   1.0000000000000000     
   1.0000000000000000     
   6.0000000000000000     
   5.0000000000000000     
   4.0000000000000000     
   10.000000000000000     
   2.0000000000000000     
   8.0000000000000000     
   7.0000000000000000     
   10.000000000000000     
   8.0000000000000000     
   3.0000000000000000     
   2.0000000000000000     
   2.0000000000000000     
   8.0000000000000000     
   10.000000000000000     
           1
   0.0000000000000000        0.0000000000000000     
           7
  0.15977139795836307      -0.34903187041620137     
  0.14737323813805717      -0.35839996649581923     
  0.12114056857369335      -0.35045324939143080     
  0.10019650209804308      -0.38065203974423434     
   9.2862022927756693E-002 -0.41291339153272316     
  0.15796205195588958      -0.39452070295089775     
  0.16571451262324141      -0.38607401933158142     
           5
 -0.79377516708727691      -0.65290000264903469     
 -0.84894124497881285      -0.63695814223550462     
 -0.85876402951936237      -0.66194771744367464     
 -0.80154410390292552      -0.70588230994435397     
 -0.80146843574645876      -0.67348227486315615     
           6
 -0.24489299042143275      -0.46026237291808214     
 -0.25623017160411576      -0.45348589713016102     
 -0.29869926286556148      -0.44067209812438646     
 -0.31408060794806891      -0.47203040143086755     
 -0.30464334196925025      -0.49729893921233970     
 -0.27987603542400191      -0.50142783933078305     
           7
 -0.70445868803652667      -0.28311860451299520     
 -0.69833736385028655      -0.26846067070572127     
 -0.71506294200102838      -0.27412141238180160     
 -0.74943479033733829      -0.26758054187506447     
 -0.77314037935166469      -0.31234815712641467     
 -0.76109884128730376      -0.33232756068889113     
 -0.73467731914426326      -0.34207533152647740     
           7
 -0.83047556457175542       0.17995971671780245     
 -0.86467781797721521       0.17087491413257172     
 -0.88044434819066719       0.17232213597758711     
 -0.89985666256220176       0.16967154341596685     
 -0.89270978412627466       0.14731402946254060     
 -0.89873452498497153       0.12927907644120903     
 -0.83719779758398694       0.13558384354050101     
           6
  0.67530928496238940      -0.30443137379132068     
  0.63141307758084797      -0.26466146130262747     
  0.63330165299989116      -0.28183782896715537     
  0.61889750698408486      -0.31086080439986113     
  0.61919082843461881      -0.33842586789499807     
  0.68837353214948327      -0.33178460691164119     
           6
 -0.13458137108066143      -0.47598491667038900     
 -0.19331114044356235      -0.47868308948779753     
 -0.20012888049155525      -0.50159270747207563     
 -0.20159078948658327      -0.51718277456381745     
 -0.18781041885312616      -0.51489761662526923     
 -0.14463614831472704      -0.52709234600888955     
           3
 -0.45405750862402716       0.68950332605873732     
 -0.44345586966008194       0.71401548648965463     
 -0.50973329863092642       0.65927702431155766     
           4
   9.4616071857825459E-002 -0.54131705030421340     
   2.2166267215490254E-002 -0.53921975590581306     
   3.1497723204963038E-002 -0.56126444555723476     
   8.1793032772220137E-002 -0.56534160200773720     
           6
 -0.32232918456898652       0.62185773831178981     
 -0.37118167358482129       0.63054415783684159     
 -0.36838580688161771       0.60265802062154672     
 -0.37977607346291975       0.56928453789462319     
 -0.34420572681345307       0.56639141847740604     
 -0.30697028305031937       0.58584573181819510     
           6
  0.42429094204161333      -0.86596615729394699     
  0.39334941758731701      -0.83596398722354781     
  0.36279052451021476      -0.88168828158916446     
  0.37387821848767194      -0.89877420214914394     
  0.38728915949658604      -0.90871939063185225     
  0.41805831668227433      -0.89223090139222749     
           7
  0.58524872235368874      -0.53637890630794283     
  0.55860611121603743      -0.52440985593060019     
  0.53147769492154406      -0.54410305042708762     
  0.54706647323332114      -0.58955914091703532     
  0.58548087068911780      -0.58510484546340069     
  0.58655558206539404      -0.57053313579700515     
  0.58819241128924116      -0.55852612574579985     
           4
  0.73036581515270216       0.65398540575234343     
  0.69150905885286318       0.65093404240685737     
  0.70337269817470860       0.58447781619058892     
  0.73633006440227389       0.58485388719803166     
           6
  0.94902589522978387       0.94018420478924314     
  0.90958939080330370       0.95322410839085048     
  0.87980522177753540       0.91506290292278625     
  0.91892762881248247       0.89024549010580467     
  0.92363851797648300       0.90238008140205839     
  0.93905490243608558       0.90296786021856557     
           4
 -0.65810425813218720       0.57299339379841752     
 -0.72086646865523862       0.57426519375349550     
 -0.71559697309114401       0.52481818769038902     
 -0.66773832957662715       0.54385848135121295     
           4
  0.31067374316772600       0.55132445424854215     
  0.23989600529473851       0.53798885059841606     
  0.23931432057150323       0.52153173858808222     
  0.25310331961026988       0.51391517073248749     
           8
  0.25324897968466492      -0.94375652902083951     
  0.26176643204059363      -0.93639924353104242     
  0.21010306068234200      -0.91981553430046337     
  0.19684121120795864      -0.96025793318472796     
  0.19079845491507097      -0.97123962098828209     
  0.20315418184440442      -0.97790412123897841     
  0.21639543792789775      -0.97373617537992896     
  0.25943269615093595      -0.96490688155648996     
           3
  0.45645372392271483       0.11519372034058725     
  0.41041531492412026        9.2266503999160948E-002
  0.47386356130988783        7.9709078244106571E-002
           6
 -0.12502720345129886        9.4994316367201376E-003
 -0.18704637367489724        2.8043171037680455E-002
 -0.19116322357442520        7.6294655799646269E-003
 -0.18169910761623773       -3.1129470444910656E-002
 -0.16015835473721662       -4.2178997706887489E-002
 -0.14265826444620411       -3.2516756374731379E-002
           6
  0.18929393066675201       0.13249270712017119     
  0.16586258165692766       0.12675649949586601     
  0.14038983717698372       0.12591906931970753     
  0.14089105293919113       0.10674869090555053     
  0.18900573548010258        9.1295553889641973E-002
  0.19902460863172478        8.1180738013112166E-002
