   1.0000000000000000
   50.000000000000000     
          28
          10
   3.0000000000000000     
   10.000000000000000     
   2.0000000000000000     
   5.0000000000000000     
   4.0000000000000000     
   9.0000000000000000     
   3.0000000000000000     
   4.0000000000000000     
   3.0000000000000000     
   3.0000000000000000     
   6.0000000000000000     
   7.0000000000000000     
   2.0000000000000000     
   2.0000000000000000     
   6.0000000000000000     
   5.0000000000000000     
   3.0000000000000000     
   9.0000000000000000     
   5.0000000000000000     
   5.0000000000000000     
   10.000000000000000     
   8.0000000000000000     
   4.0000000000000000     
   2.0000000000000000     
   9.0000000000000000     
   2.0000000000000000     
   9.0000000000000000     
   6.0000000000000000     
           1
   0.0000000000000000        0.0000000000000000     
          10
 -0.69182998601482282       0.94507189624256571     
 -0.70329665096183136       0.95487468745731974     
 -0.73413034255335519       0.95686557000133721     
 -0.73074222516552823       0.94608518541481712     
 -0.74240759622309493       0.95496809534319305     
 -0.73820193098533060       0.93698734698012620     
 -0.75111856084057749       0.93034646302630464     
 -0.73967950395414239       0.91479256700934319     
 -0.73848431884234189       0.90440106082160110     
 -0.69911948869311502       0.91610210755975940     
           6
  0.12324963462485286      -0.50867757691430771     
  0.10284063332721644      -0.48423911479688936     
   7.3618351108050872E-002 -0.50195286415590235     
   9.6609968455440384E-002 -0.52390172330225815     
  0.10586838296745442      -0.52890646574852918     
  0.13079337066156668      -0.52752195765189136     
           3
  0.78540138659723291       0.83889970303454420     
  0.76675112396382905       0.83211299439106501     
  0.80894417989100431       0.78448285553946928     
           8
 -0.61974157016482645       0.67923310629792988     
 -0.67729510685972927       0.69320520704794120     
 -0.68162742603439652       0.67740498305307162     
 -0.67226015735040123       0.66888203207263064     
 -0.68057262827200793       0.66427650861391108     
 -0.67505000641302648       0.65309163469470977     
 -0.63266761759349066       0.64524179999426445     
 -0.62942159369155870       0.66851477832198025     
           4
 -0.45142504521392463       0.36164623024504328     
 -0.47006163540419360       0.38825617225932713     
 -0.51011823547442359       0.33734802869122332     
 -0.48889406080961284       0.33126663803435868     
          10
  0.85807614140678889      -0.77122581988466310     
  0.84980711348113946      -0.76580394769117333     
  0.85488307352178683      -0.75551679314809694     
  0.85348207753825212      -0.73452415526052750     
  0.79265092218491884      -0.75111516901880682     
  0.80829974471292632      -0.78119969363269604     
  0.79467001495353407      -0.79274849886795440     
  0.82284004171127667      -0.78464318977747549     
  0.83483682174034268      -0.78809171382266829     
  0.85790339230615076      -0.79414380470173340     
           6
 -0.16898405397876420      -0.25155455813599548     
 -0.18125711239821463      -0.24347588168755679     
 -0.20009773348982260      -0.24181421257738880     
 -0.22557114482034171      -0.22993802561119009     
 -0.19854266853785021      -0.29198437939534549     
 -0.17575542050231124      -0.27910380987647210     
           3
 -0.39872517701351212      -0.79578170292774386     
 -0.45741610963905360      -0.78213583375191309     
 -0.41966768618645706      -0.83472018415067839     
           7
  0.79464695923485462       0.67591538886917635     
  0.77581394821859617       0.67454886030565997     
  0.76238391901074010       0.68063350587353599     
  0.74591097479292967       0.67289723468050477     
  0.77649229939003050       0.61915776720618709     
  0.78691221102630649       0.62675581534065183     
  0.79096488977638746       0.65614584994587721     
           7
 -0.60363588870368190      -0.23449522622985472     
 -0.62468773712094927      -0.21260274272020441     
 -0.63516932022425898      -0.20926726470486234     
 -0.66257714213047880      -0.23820757341488366     
 -0.64779672868357963      -0.26486667506607364     
 -0.61886331591462773      -0.25774461474457344     
 -0.61393896296005701      -0.24236844146592021     
           3
  0.10265426020981029       0.49679600058042883     
   8.1527664742063161E-002  0.44079141333490351     
  0.13037658507266428       0.44342740444409529     
           6
  0.54953619063272718      -0.33109449600309931     
  0.53138063850111150      -0.33738341473412264     
  0.49510340735892344      -0.36984401014991847     
  0.52507541375483446      -0.38633186028227323     
  0.54021573542314927      -0.38682725196439471     
  0.54703329636857267      -0.36847275618553904     
          10
  0.46094610652543744        9.6909320884706759E-002
  0.46340440970983365       0.10496434097207637     
  0.42229849235329309        9.3829666248096188E-002
  0.40172887739071433       0.10291431017857666     
  0.41164928136338569        9.4854036787017412E-002
  0.41203816357274969        8.4260625913407744E-002
  0.40486110817456877        4.6696630001200813E-002
  0.44485245778404514        4.8386152268826553E-002
  0.44863905457042969        5.7381581512629370E-002
  0.46602295110976583        5.6597634037239795E-002
           6
 -0.35171890140547613        5.0727329709304506E-002
 -0.35994082420970669        6.2260573151975515E-002
 -0.38857346292279971        6.9414807835330272E-002
 -0.41107664254149678        5.1900326511112788E-002
 -0.40734738830512329        1.3654656230761158E-002
 -0.39594234900666375        1.5555462438420063E-002
           5
  0.51902358184551090       0.74464386340900657     
  0.52348283328227430       0.73343750424815168     
  0.51974672364946528       0.72192989367172267     
  0.55842936734877346       0.72456250802260880     
  0.56997851843280711       0.72633151402091167     
           4
 -0.60616388302320023        8.1605002407558608E-002
 -0.63509295294362744        8.2007830202853904E-002
 -0.63051831513709988        4.6139176572795565E-002
 -0.60312436437320538        3.8343297329746666E-002
           5
 -0.37211259877090619       0.39420244793510167     
 -0.38522730050279608       0.39730125210712475     
 -0.42151823948084066       0.39631452759606139     
 -0.43414246518640437       0.39420765962769344     
 -0.38251128742529172       0.35050685421430572     
           6
  0.28019728832110419      -0.14556801504205863     
  0.28216978305058582      -0.11932481713542624     
  0.23320741417032556      -0.13019493830646722     
  0.26245690574084196      -0.17889655708625934     
  0.27552585337167590      -0.16540013326637334     
  0.28604318882456536      -0.15703417522361809     
          10
  0.17188531045646743       0.61785610603673158     
  0.17831301066455557       0.63035789307550150     
  0.18358741321467167       0.63713458539582402     
  0.16349189857517077       0.62764858083706920     
  0.14739779759344529       0.63698997597821772     
  0.13452318280092707       0.61637721390405475     
  0.12629839760651634       0.57980226558849179     
  0.15203793107954952       0.58899596937113741     
  0.17235119975955890       0.59221357870961389     
  0.18451663814910071       0.60839533661050615     
           3
 -0.75146163626474005       0.24080662806021128     
 -0.80687435596336055       0.22953811522554216     
 -0.75287326070394833       0.21409754551464455     
          10
  0.58855396049622322       -8.9300053093534122E-003
  0.59773892172787813       -4.6220570568208958E-003
  0.58981749111808945        1.6450236556030222E-002
  0.57146739001172642        1.3645051074109252E-002
  0.53504070900185996        2.2529844011122797E-002
  0.53667518619791810       -2.2660771879492421E-003
  0.57456492513671009       -3.6514264414626407E-002
  0.58388973627274343       -3.8502186590679402E-002
  0.58184160744935676       -2.6620260028562409E-002
  0.59505340425099429       -3.4476402864340519E-002
           5
 -0.34938844143658770       0.94533579843661708     
 -0.40580635086142808       0.92990825245471287     
 -0.39489296039617688       0.91730336553349912     
 -0.35141307001098804       0.89392884045717802     
 -0.34700631543079730       0.91692295139100322     
           9
  0.30880903964307471       0.82934342136731887     
  0.27173911368841053       0.82899598812004405     
  0.27250178821750748       0.81605485948988465     
  0.26404852840219023       0.80196361275461814     
  0.26545773119882454       0.78797214855814479     
  0.27119077275695980       0.77818133834366177     
  0.28183618498903795       0.77877661200562587     
  0.31152130981069659       0.78510730411677865     
  0.32474977765123114       0.79557984387669001     
           7
 -0.70238830495104632      -0.54297900407279254     
 -0.74992797055565741      -0.53733413974646349     
 -0.74465125754062111      -0.55719083054911811     
 -0.74695562942542659      -0.59673717987764630     
 -0.73591679733830917      -0.59593647326261401     
 -0.70919579960891099      -0.58854550596146360     
 -0.69288684797876132      -0.58748724004767738     
          10
  0.61348505798627950       0.19731216258130477     
  0.61591225026713081       0.20620916308078380     
  0.60820404916059079       0.21043453078521529     
  0.59075391591990400       0.21088947828053442     
  0.55773511683135446       0.21384956581642217     
  0.56455094667333616       0.20310940604889599     
  0.55937180367947259       0.16072589975218499     
  0.57542415191920193       0.16976520728279221     
  0.58348661234318322       0.16222778749033792     
  0.61169178126900858       0.17177921221809950     
           6
 -0.34406484148906941       -4.0831907008589859E-002
 -0.35058050349367997       -2.6004166359326192E-002
 -0.39742292342633662       -2.0051993035733549E-002
 -0.39302019105673158       -6.4659175415413842E-002
 -0.37983910553487571       -6.4956861250530407E-002
 -0.36844232155065287       -7.0872387346553378E-002
           7
  -6.3895557624387353E-002  0.64992566001873397     
  -7.9732385619540283E-002  0.66253991607319707     
 -0.12578020200200721       0.66845908197989068     
 -0.12287131112030253       0.65555895449176704     
 -0.12591412016548448       0.64351898766005422     
 -0.12499651535360048       0.61587644036977618     
  -7.0526208021172002E-002  0.63063913745785771     
           6
  0.93049180147076604       0.50095532419525146     
  0.87801651851485296       0.49829940049048960     
  0.88483149109694859       0.47315127381880034     
  0.89725245240814577       0.46319255156995115     
  0.90145595021514180       0.47424916132059203     
  0.91179312543511160       0.46606896836435768     
