   1.0000000000000000
   50.000000000000000     
          30
          12
   2.0000000000000000     
   5.0000000000000000     
   1.0000000000000000     
   8.0000000000000000     
   3.0000000000000000     
   5.0000000000000000     
   1.0000000000000000     
   7.0000000000000000     
   7.0000000000000000     
   1.0000000000000000     
   10.000000000000000     
   10.000000000000000     
   7.0000000000000000     
   6.0000000000000000     
   4.0000000000000000     
   2.0000000000000000     
   9.0000000000000000     
   5.0000000000000000     
   6.0000000000000000     
   4.0000000000000000     
   5.0000000000000000     
   4.0000000000000000     
   10.000000000000000     
   1.0000000000000000     
   10.000000000000000     
   3.0000000000000000     
   4.0000000000000000     
   8.0000000000000000     
   2.0000000000000000     
   5.0000000000000000     
           1
   0.0000000000000000        0.0000000000000000     
          12
  0.97059926030226251       -5.6687429133039924E-003
  0.97681300445463792        1.0320898371141796E-002
  0.95634241229192540        1.6887809501028604E-002
  0.93599592949466304        2.2257570262496723E-002
  0.93199515146577172        1.1204286736502055E-002
  0.92418966359378374       -4.3530478880661160E-003
  0.92938559992506609       -1.8360092615041498E-002
  0.94632652012163809       -2.3794840201365363E-002
  0.95579372341532443       -3.4320926015367695E-002
  0.96722264874703057       -2.5117934291126253E-002
  0.98423536257325595       -2.5582659027759091E-002
  0.97775212552038182       -1.7259648835436868E-002
          11
 -0.47312930472339887        5.5247448791751474E-002
 -0.47853224610706263        6.8626003961387058E-002
 -0.48422543457386630        7.3729428940719849E-002
 -0.48765028463821042        6.5727806470919178E-002
 -0.50841430939319587        7.3726288609429674E-002
 -0.51768693810884314        6.5698541301033586E-002
 -0.52114341419459431        3.2122802616004330E-002
 -0.50626086101335221        2.7031226954317658E-002
 -0.50977976448430606        1.9412829511890339E-002
 -0.49082573908001415        1.1866347861888282E-002
 -0.46401584449834710        4.4443608922887588E-002
           4
  0.84131512330485303      -0.66740941823343070     
  0.79929004227684475      -0.65660815565152941     
  0.81626661097208864      -0.69535411802552183     
  0.84051657474621433      -0.68055776558197623     
           5
  0.66182037738140986      -0.64987792997999128     
  0.64347176996997946      -0.64960530696770136     
  0.62640154313007390      -0.66707850520420531     
  0.63291773768432424      -0.69069476853674305     
  0.65585700650716117      -0.69529594996520117     
           3
 -0.82149434123096687       0.94722926339846869     
 -0.84396410995439564       0.93702446599819655     
 -0.85087796983534569       0.91786266913800107     
           4
 -0.16416433138393885      -0.25552511558951679     
 -0.21644804262822318      -0.25414388385969516     
 -0.21816681195187346      -0.30152764877250376     
 -0.15963890406803211      -0.28106871272883976     
           7
  0.23445019305890286       0.41633181964766730     
  0.18721711533605900       0.42817825630805062     
  0.18055612924142633       0.42161412190733721     
  0.17930511472113358       0.39333674063885055     
  0.19132782295467091       0.38945155836702544     
  0.20815265833077537       0.39359138228068896     
  0.23901291807090047       0.38519506874125742     
           5
 -0.53527025199509137       0.77028373229060088     
 -0.56969890017019797       0.76156004952938361     
 -0.58143596180329871       0.75964560239301948     
 -0.56956920185793913       0.72780522178183504     
 -0.52697498388444231       0.73241006933038855     
           7
  0.94087856435846340       0.51235755606128419     
  0.94730333194679517       0.53326710645242081     
  0.92356146310826503       0.51987265501408852     
  0.89623494640570489       0.53231374924172226     
  0.89481064758667150       0.50094260608587693     
  0.92353633760119613       0.47706157688651529     
  0.94872331884407946       0.49216778076967632     
          11
 -0.43465980200493248       0.70715764495162170     
 -0.43112205472027526       0.71525625332357479     
 -0.44808237726887429       0.71082343637389889     
 -0.46751334960662871       0.67126251009859494     
 -0.47236082210930896       0.66006467485175757     
 -0.46191424717814905       0.66599386892354173     
 -0.45696280546864132       0.65372667381384431     
 -0.45344009112589878       0.66214884021183340     
 -0.44717518480417023       0.65258331706214101     
 -0.43988228182085676       0.65452166248216526     
 -0.42818944723427949       0.67205877705836858     
          10
  0.13942415867625052      -0.15865592506346102     
  0.14833514521011387      -0.15717522011734686     
  0.12914448277127857      -0.14231752664784703     
  0.11673823653452997      -0.13350913828814140     
  0.11307627250605566      -0.14221530450413053     
  0.10034646382562026      -0.13240333227557016     
  0.10518640343840746      -0.18456522426461000     
  0.14629366690347187      -0.18921128725874287     
  0.14655004253217474      -0.18100371302232982     
  0.14803338555212731      -0.16920553616413583     
          12
 -0.47117708058414071      -0.87961426851555857     
 -0.46903168537565737      -0.87192232163341810     
 -0.50247676511552275      -0.85690069762240206     
 -0.52130460647826571      -0.87892783834538635     
 -0.51512331877730599      -0.90246935043102006     
 -0.51515012973598195      -0.91036226052116709     
 -0.50356339054214005      -0.90509492214080345     
 -0.49953744845481324      -0.91382818086708340     
 -0.47777181213537595      -0.91105824957481862     
 -0.47424910848334850      -0.90281576202518976     
 -0.46688491583599157      -0.90437754376412116     
 -0.46467554102704856      -0.89655485629862885     
          10
 -0.25097549184826751      -0.17029277738119283     
 -0.25595849260759529      -0.18247410702344311     
 -0.26938426521997433      -0.16930059758967958     
 -0.28126051495675386      -0.17046403497952303     
 -0.28866718508418776      -0.18712017573107112     
 -0.27921848311845915      -0.19237031454738138     
 -0.23697998897043837      -0.22133380128870206     
 -0.22706473427360216      -0.22768078476555950     
 -0.23117323159423386      -0.21505116186850029     
 -0.22799247985893123      -0.19864919781576312     
          12
   4.8522947595887128E-002 -0.64113635494766208     
   3.9604484894767797E-002 -0.64177789657227102     
   4.8914864262974048E-002 -0.63173046367068919     
   3.8412434615913690E-002 -0.62772656993154852     
   1.8268822892260179E-002 -0.62796254764642656     
   2.4417095451826146E-003 -0.62345982682033096     
  -7.6205196889338328E-003 -0.62073731674231836     
  -4.6273665352439611E-004 -0.67616557386294995     
   1.9846564690766667E-002 -0.67398848274582301     
   2.8192994970768916E-002 -0.67417175694351184     
   3.6882367428112649E-002 -0.66587119745901602     
   4.3437937594163270E-002 -0.66015708523068006     
           9
 -0.29039095215586053      -0.43754178805071237     
 -0.30312435533154553      -0.42489694428487085     
 -0.32277575042318668      -0.43761545653139072     
 -0.33140064694227112      -0.43744332603470165     
 -0.33534126655034346      -0.44934288200157307     
 -0.33259571618482076      -0.47413172222511207     
 -0.31515013559949073      -0.47264344430628608     
 -0.29454064710421318      -0.48486516229207072     
 -0.27788807048392772      -0.46658280038257910     
           4
 -0.48683129903283306      -0.59991117518994841     
 -0.53812361903628259      -0.63304340266832237     
 -0.52381743520181068      -0.64860495040651556     
 -0.50940166664889541      -0.65649717796960472     
          10
  0.20442633446958614       0.87984276393920990     
  0.17084128894278458       0.88254487519041647     
  0.16020361512347797       0.89033988106660134     
  0.14726209423641509       0.88365577552015517     
  0.14735146440299532       0.86780688851442200     
  0.15383393543521037       0.84660936910488971     
  0.14909910819948918       0.83127393973893482     
  0.16262041769508764       0.84264999665727069     
  0.19437616300733437       0.83223803296036092     
  0.19608550691946328       0.84770001282672913     
           4
  0.48725229313629703       0.42822482907891229     
  0.46101267230893977       0.43016002400704939     
  0.45042117257159658       0.39181063388567899     
  0.47341262171450588       0.37876634715988278     
           7
  0.53467942971731330      -0.48977894725538246     
  0.49833970716446985      -0.48918867273406008     
  0.51032368464542843      -0.51156608163096373     
  0.52552520476487385      -0.53165234862398381     
  0.52859887753220280      -0.54405110979927263     
  0.54294737344990351      -0.54417455987450847     
  0.55277728835029383      -0.53017977869357491     
           7
 -0.46300742832111180       -5.7297441783867510E-002
 -0.48963321845178742       -3.1417748471289433E-002
 -0.50861439196986891       -3.7430742905998841E-002
 -0.51119421958237266       -7.3389486541872093E-002
 -0.51118750189631823       -8.6976443418933874E-002
 -0.48671578868885057       -7.6725003400648167E-002
 -0.46721174740454141       -7.4005356313804810E-002
           5
 -0.42948732394562650       0.98377748427840117     
 -0.43871016900514581       0.99027145395513705     
 -0.44473540354289642       0.98028524583638987     
 -0.45704895135490703       0.96593722885094435     
 -0.44688303349369468       0.93503398486728662     
           5
 -0.30313750726946687       0.76730193939633917     
 -0.31976136309225667       0.78901114861957966     
 -0.35569477064637001       0.78801786155860387     
 -0.34732138848462935       0.73485043816460227     
 -0.33034582415703401       0.74246962191943167     
          10
  0.33123594490511832      -0.35298194430600177     
  0.29921592337846908      -0.35707159230559204     
  0.27811873359102501      -0.38296912939352284     
  0.28119229665335760      -0.39721170244247983     
  0.27410999616277554      -0.40130493153711205     
  0.28360361170742227      -0.41063918783699921     
  0.30197496463124635      -0.40810130322772048     
  0.31349344034023685      -0.41171839720586317     
  0.32816189113012822      -0.41023233208835286     
  0.33192184033337946      -0.39907371651024043     
           3
 -0.13704387381723104      -0.60001327265241944     
 -0.14615651860283613      -0.63874989519951320     
  -9.6097780244758554E-002 -0.65712848617921193     
          10
  -8.1723705760605295E-002  0.68260033526520802     
  -9.2606510343410317E-002  0.68144355680666258     
 -0.10052065711202544       0.67377718927158925     
 -0.10225640947593498       0.65718723270498602     
  -9.7459680673267476E-002  0.63772789339411873     
 -0.10781989848189052       0.62855513427585019     
  -7.6665688076850688E-002  0.62743449661898842     
  -6.9105952031170065E-002  0.62360184428012466     
  -5.6458156656083114E-002  0.62679441938673741     
  -6.1195303983133859E-002  0.63571076824192041     
          11
 -0.70479492737817906       0.75655829114311257     
 -0.71530552440759987       0.74978409594201612     
 -0.74309506973392181       0.75930615379544830     
 -0.74968444747517815       0.75459810385590353     
 -0.74812332278818461       0.74551614154038381     
 -0.76091537345974158       0.72115582013562030     
 -0.75627592262870957       0.71463884580709125     
 -0.75081672187232662       0.69812826997933597     
 -0.73204276651410394       0.69993107748278283     
 -0.71407429633935104       0.69849279049626312     
 -0.70606601143358272       0.70719999924840415     
           4
  0.46592898275438499      -0.63304300137143987     
  0.40974582237592194      -0.64731025604190739     
  0.42787990268304799      -0.64814338888712597     
  0.45156813540884144      -0.65077333946079452     
          10
  0.48727354198781248        1.2908122943711391E-002
  0.48542643018785414        2.2066720604775852E-002
  0.47272963467119578        1.7520957663921383E-002
  0.43401963215190786        2.5514350050170317E-002
  0.43055679974394262        1.1599010306607579E-002
  0.43845510752606714        6.0417446810262232E-003
  0.46547225764091932       -1.9788227028693019E-002
  0.47343817029505414       -2.7530366317470013E-002
  0.48168336883921165       -2.1485488547916463E-002
  0.48794103398325894       -2.6262378593553942E-002
           7
 -0.71731066890523998      -0.88585612798752233     
 -0.72298764742068489      -0.86129426330774339     
 -0.76195506009415404      -0.87889571487236107     
 -0.76583661730058561      -0.91006233760992361     
 -0.75557901907700142      -0.91798700792971089     
 -0.73073520984710827      -0.91522748547695099     
 -0.71614587188026591      -0.91523402021335776     
           3
  0.96372908676392743      -0.71846215856836471     
  0.93430285401069602      -0.76817559743170005     
  0.98428083417693635      -0.75245494829230253     
