   1.0000000000000000
   50.000000000000000     
          24
          10
   4.0000000000000000     
   9.0000000000000000     
   9.0000000000000000     
   10.000000000000000     
   10.000000000000000     
   7.0000000000000000     
   3.0000000000000000     
   1.0000000000000000     
   7.0000000000000000     
   1.0000000000000000     
   9.0000000000000000     
   1.0000000000000000     
   2.0000000000000000     
   1.0000000000000000     
   9.0000000000000000     
   3.0000000000000000     
   1.0000000000000000     
   1.0000000000000000     
   1.0000000000000000     
   7.0000000000000000     
   10.000000000000000     
   8.0000000000000000     
   5.0000000000000000     
   8.0000000000000000     
           1
   0.0000000000000000        0.0000000000000000     
           9
 -0.29491025658172826      -0.55362143481135950     
 -0.31262609011828651      -0.54097022036275144     
 -0.32907595237805254      -0.53505386384492404     
 -0.34440715377472914      -0.53684475498927964     
 -0.36085812153316094      -0.54950851454613059     
 -0.34776322803339316      -0.58597437762958460     
 -0.31246982139193147      -0.60156750417251148     
 -0.29988562309957095      -0.59458499040495427     
 -0.30713803520930116      -0.58066628067585335     
           5
  0.10456678317658838      -0.38302164739769684     
   7.3109053250302855E-002 -0.38934839268569249     
   5.4011657115826554E-002 -0.40351734587050547     
   6.5331329439026836E-002 -0.43621936689934204     
  0.11260027882594012      -0.42145543261383989     
          10
  0.52660501062700460      -0.91379112141448615     
  0.49571080981448401      -0.92411491655542233     
  0.49325897304291660      -0.90781020616509767     
  0.48376698247375982      -0.91640591680264838     
  0.47006240053294945      -0.94463603645967698     
  0.46740294045012509      -0.95303309164751859     
  0.46823073751515504      -0.97025140465346205     
  0.48251406417473514      -0.97313237391947738     
  0.49423945480459797      -0.97515191211216545     
  0.52879396410298962      -0.96431333868909019     
           4
  0.27483062491192606       0.35977902383467797     
  0.22664993040003351       0.36553192091281217     
  0.23425840221412328       0.32550102417141208     
  0.28454005522141329       0.34592918920126209     
           4
  0.11300757360906978      -0.30672806049874513     
  0.11074680427397168      -0.33184413779671440     
  0.10413193012325853      -0.35084802150007827     
  0.15402053663609216      -0.36025922584610515     
           7
 -0.66833377310984587      -0.73000871855605853     
 -0.69848630792647559      -0.72023146570257357     
 -0.70982918531665262      -0.72398361487139606     
 -0.71996942230536343      -0.73821247212933261     
 -0.72529660950949437      -0.75252934208270406     
 -0.71463344060152667      -0.78821847990701821     
 -0.69903644751330218      -0.77403934898268734     
           4
  0.25721267251151231       0.49341280934234022     
  0.23837271248879255       0.49262122257757768     
  0.29849211731887254       0.46386820606878720     
  0.28331776397015473       0.48192736740531245     
           5
 -0.57945088463390049       0.45922174844713409     
 -0.59917856021689853       0.45854781839663811     
 -0.62116936835488923       0.46374985237802191     
 -0.60223976047072103       0.41561812838820311     
 -0.58446396530424916       0.42079253455062104     
           8
  0.27039000476467812      -0.23923587887152861     
  0.27387892944600856      -0.22003090155619595     
  0.25120152421976349      -0.22862560017547395     
  0.23462160768438500      -0.21650043289091825     
  0.22700561631275692      -0.23214006159939377     
  0.25997486851265433      -0.27750257837264475     
  0.26739329488549685      -0.25893601372807207     
  0.26201718068908414      -0.24704070580643364     
           9
  -6.0723040338784132E-002   2.3851244079364287E-002
  -7.4875727968155864E-002   3.0351373072789945E-002
 -0.12107894552509152        3.7540746865592001E-002
 -0.11713771390465598        2.1915215323055952E-002
 -0.11176152601711282        1.1258434230962131E-002
 -0.12689962303330213        2.2816735079136206E-003
 -0.10289393768308829       -9.2938627508118501E-003
  -6.4881903796983192E-002  -1.2016938759952425E-002
  -6.1001722775659871E-002   6.9402818625123380E-003
           9
  0.21089606238905995      -0.61012668654578284     
  0.21498219928694573      -0.59449227525495429     
  0.15813870603526733      -0.59111159754297782     
  0.14963211405279825      -0.58441193624783039     
  0.16284947029172542      -0.61325620707154227     
  0.14679854711681961      -0.61988507045274999     
  0.15910003156038932      -0.62685878086317770     
  0.17223418774714669      -0.63983276657907862     
  0.18429190137141091      -0.64264330747340492     
           3
 -0.72212562221823606       0.49817440094293314     
 -0.74198574822396646       0.46343723701538120     
 -0.67681688097120762       0.44818544294841622     
           5
  -9.2167888590416996E-002  0.95562211523866458     
 -0.12728107316734955       0.95964832218262752     
 -0.15297913509135935       0.95314337735199595     
 -0.15194970796400437       0.93060897322175595     
 -0.10150622192439275       0.91324846672586479     
           4
 -0.80341907557817427      -0.66870955139536370     
 -0.82850392248944627      -0.69266877919641934     
 -0.83601530795137824      -0.71796383605006708     
 -0.78892785527481668      -0.71305595450630732     
           3
  0.70368307085663195      -0.74783314518099653     
  0.66141604886564243      -0.77019959263817039     
  0.71100931611193963      -0.79363038292324539     
          10
  0.88512262849477186       0.25530452014716742     
  0.87447427334795003       0.25712582916600629     
  0.86424193844880293       0.25064230932361892     
  0.84409768157113652       0.24884369131191386     
  0.82606885118121942       0.23354697048249975     
  0.83154184632975781       0.22358422872307343     
  0.82626931186606145       0.20857715200143540     
  0.83824271934680006       0.20304681879844910     
  0.86534527145797635       0.19745185518133190     
  0.88622762795082288       0.23012203867836192     
           6
 -0.38168345058157949      -0.87712533397434678     
 -0.39869333510682325      -0.87898300653676009     
 -0.42327215450830680      -0.88341924887590839     
 -0.42272003853062978      -0.93781552076520425     
 -0.40992560375654979      -0.93292236355224623     
 -0.39693415953183125      -0.94029323998230052     
           6
  0.33392469818522263       0.19424394776188658     
  0.30513263074442915       0.22984736120122254     
  0.26955967969718514       0.21404241411361644     
  0.27100149292727427       0.19283478520143535     
  0.32398985731024238       0.16728434725709571     
  0.33736456574587648       0.16676335692461197     
          10
 -0.32953253090566670       0.93096814556054286     
 -0.31668691197800347       0.94758523489191460     
 -0.32935096471886938       0.94199188892352703     
 -0.33949429798629388       0.94643455342164529     
 -0.37369636519579946       0.91939320781999356     
 -0.37591429611186522       0.90715565823584532     
 -0.37249442749425055       0.89710622222001657     
 -0.36103018782571433       0.88998451897913977     
 -0.33741921146556753       0.89133872771260736     
 -0.32554183729139102       0.89812220733443604     
           8
 -0.17336139873862749      -0.12714853040833179     
 -0.19058649722254614      -0.13986262350975212     
 -0.19859241714380266      -0.13293832287058516     
 -0.21994929789182346      -0.15063103820218721     
 -0.20822143047606573      -0.18173391395568969     
 -0.20411600316317696      -0.19543888819146354     
 -0.18007106994322497      -0.18377158062745061     
 -0.16892221731533966      -0.18830241886806320     
           6
  0.58386167403880029      -0.46860686328804430     
  0.54792001258134215      -0.45878800237423145     
  0.53685839829933180      -0.47296652503392744     
  0.51975544332512225      -0.48342431524666685     
  0.54295158478478167      -0.52455382557095032     
  0.57515438399912133      -0.51163757899602991     
          10
 -0.81441848611551637       0.18614998019337903     
 -0.82983333820636962       0.19265543394720647     
 -0.84115066729650123       0.19402949506463299     
 -0.87875832847993718       0.20481948759349261     
 -0.86628673099223685       0.15779790793869428     
 -0.87224908118047084       0.14560915670015820     
 -0.82412258978774999       0.14810325095572016     
 -0.81776088839750249       0.15467323528833107     
 -0.82874522942913409       0.16643402601115304     
 -0.81555527157226615       0.17207989459190931     
           9
  0.35635687827330631      -0.67984495086908192     
  0.34139519535388257      -0.69367846729642324     
  0.32726789422017066      -0.68477157432612390     
  0.33465801921472449      -0.71760220600222946     
  0.33343300785875535      -0.72956073976134472     
  0.32845898737295998      -0.74790153473610421     
  0.35031584584579128      -0.74165389197049458     
  0.38975866421832694      -0.73881265727153611     
  0.38788307822454987      -0.72482402374754829     
           7
 -0.23337968453204319      -0.75754416655577794     
 -0.25306130075481992      -0.76191588842480096     
 -0.28422419398281035      -0.76266971220598223     
 -0.28051418405631601      -0.77535095852321012     
 -0.27114595428339849      -0.79619328548691470     
 -0.27876188332378887      -0.81078531308353685     
 -0.21773438318702951      -0.77997630093003711     
