   1.0000000000000000
   50.000000000000000     
          28
          12
   1.0000000000000000     
   1.0000000000000000     
   1.0000000000000000     
   3.0000000000000000     
   8.0000000000000000     
   10.000000000000000     
   8.0000000000000000     
   5.0000000000000000     
   1.0000000000000000     
   6.0000000000000000     
   4.0000000000000000     
   9.0000000000000000     
   8.0000000000000000     
   3.0000000000000000     
   8.0000000000000000     
   3.0000000000000000     
   10.000000000000000     
   8.0000000000000000     
   6.0000000000000000     
   8.0000000000000000     
   7.0000000000000000     
   8.0000000000000000     
   4.0000000000000000     
   5.0000000000000000     
   1.0000000000000000     
   10.000000000000000     
   3.0000000000000000     
   6.0000000000000000     
           1
   0.0000000000000000        0.0000000000000000     
          12
 -0.76423281230715812      -0.75217453357774511     
 -0.75374213507296139      -0.73359568784760198     
 -0.78401452397941007      -0.72480343050762497     
 -0.78368401857403647      -0.73455528049938912     
 -0.79358097948699435      -0.72527970472422476     
 -0.79764436293495145      -0.73818749542250750     
 -0.80203079285601131      -0.74691189552565218     
 -0.80260498263771218      -0.77391060220034646     
 -0.80312347281112872      -0.78128113095157503     
 -0.77522664155784848      -0.78219697280351919     
 -0.76076046661292285      -0.78756784716395523     
 -0.75256771457529603      -0.76565122862267898     
           9
  0.17514848083281037      -0.56019240492821498     
  0.18054465038060938      -0.53630416068443232     
  0.17218940831506441      -0.53964526291115200     
  0.16088612296962837      -0.53346692360249182     
  0.13790381436532312      -0.55146212054882715     
  0.12809429569836531      -0.57824815808979102     
  0.13456352312273445      -0.58791748441788028     
  0.14987151837419288      -0.58533374677551930     
  0.16325904467287256      -0.58564574946957138     
           6
  0.31173115317800365      -0.25442975699272574     
  0.30077080568594350      -0.24544721521136487     
  0.27686630786056904      -0.24738466300692633     
  0.26748159910047520      -0.27011560286837233     
  0.31041621412483306      -0.29278173231552312     
  0.31685954718531423      -0.27940006325316924     
          10
  -7.4632395982762112E-002 -0.37049117433880990     
  -8.3641530898008715E-002 -0.36562773936126169     
  -9.8283475762671560E-002 -0.36848038937906252     
 -0.10418893508338081      -0.37603876513803297     
 -0.11081386030350417      -0.36456761058921611     
 -0.12203222335863001      -0.37133841284120489     
 -0.13219522450174778      -0.38175602687709864     
 -0.12916195161541588      -0.39905954776478247     
 -0.10908004152965164      -0.42182917674862497     
  -9.1411472580368011E-002 -0.41709572390417882     
           4
  0.24317412026969840      -0.40619021361406388     
  0.18763031419115489      -0.39480503457101196     
  0.18306664294596553      -0.43648285267506826     
  0.19902816068866197      -0.44832826693484074     
           6
 -0.81975871598227035      -0.51993140022376816     
 -0.81820779420412204      -0.50880515543031246     
 -0.88058092057420012      -0.51701770114479018     
 -0.85779862876957491      -0.52197113755782087     
 -0.82147849975860432      -0.55411046595266944     
 -0.82055030218861535      -0.53465126184522160     
          12
 -0.60659149237989385       0.32542407238505461     
 -0.59959530049636400       0.33462186123771070     
 -0.61371446148040132       0.34583870999648941     
 -0.63447153757555252       0.34660171653431360     
 -0.65117747302551054       0.35090382882883187     
 -0.65118989398078586       0.33854093462768881     
 -0.64650829385147379       0.33282313004779990     
 -0.65860787336687687       0.31062023017576024     
 -0.63844795753952044       0.28958575940195219     
 -0.62203322617905310       0.30091904277694581     
 -0.60794472946741007       0.29805070418074397     
 -0.59927722025315244       0.31243641189801730     
           7
 -0.60834896496026025       0.50951978731944914     
 -0.62214391788267742       0.53607606369425675     
 -0.62854817429941967       0.52480187558635916     
 -0.65607830403215628       0.53512567177830750     
 -0.64977915153070331       0.48201789857035959     
 -0.61732537608813665       0.47518361329880610     
 -0.59976133608245885       0.49066402094753364     
           4
   7.2034574419591380E-002  0.15278068346387177     
   6.7144528718492968E-002  0.12481821596612278     
   7.7823249403755262E-002   9.6040358964767938E-002
  0.13197766065983368       0.10423243079757145     
          10
 -0.65146698848617757       0.77547026064032254     
 -0.67868526505225235       0.78988086599415441     
 -0.68998532609330288       0.78478472207266115     
 -0.69980532975499676       0.77817347911174184     
 -0.69887521046081758       0.76446573464825940     
 -0.69524939457836876       0.75529655994230527     
 -0.68547439308243863       0.72567544031241671     
 -0.68198778591994436       0.73357852264630874     
 -0.63871322362050009       0.72891931339773475     
 -0.65359191991201060       0.74037282158057549     
          10
  0.10005725961453724      -0.64413719073963416     
   9.6443077267895805E-002 -0.63583928082882191     
   8.4758263137864581E-002 -0.62640925463033026     
   7.5869658487029798E-002 -0.62522004381605401     
   6.7214338940726315E-002 -0.63113010333701647     
   5.8596225589215192E-002 -0.66636931734816307     
   8.0424055558770094E-002 -0.67394789183402193     
   9.8154203454062047E-002 -0.68170296601254265     
  0.10242764374194233      -0.67349968669791860     
  0.10256913033868653      -0.65228766853372255     
           7
 -0.75912800091453148      -0.90204783012660039     
 -0.77230925660191074      -0.90461011624337173     
 -0.79271567121287712      -0.90216257829944013     
 -0.81391833502889710      -0.92734055423541395     
 -0.81188576266327750      -0.93881839834396863     
 -0.79990536736092732      -0.95578355615430066     
 -0.77933491815440137      -0.95084706206339753     
          12
 -0.51337875383395992      -0.66851212223720180     
 -0.51099810218957653      -0.65623919441415091     
 -0.51943487680064937      -0.65512508155958771     
 -0.53110136542684516      -0.66502514758180453     
 -0.53739230818866868      -0.67033238153023633     
 -0.56539846856535514      -0.67388083974505597     
 -0.56320632556836248      -0.68753513086442319     
 -0.56412235401707644      -0.69886401481131288     
 -0.56236651853153541      -0.71341754280404424     
 -0.55272181014300048      -0.70705243918178928     
 -0.54121559539942454      -0.70679546985318498     
 -0.52549467997021981      -0.70359121070421604     
           9
 -0.73021383185928501       0.97440978535223410     
 -0.74657714079597659       0.97628340690113868     
 -0.76444803319927457       0.97529874833732033     
 -0.77311872275899884       0.97292634139850254     
 -0.78061035470384865       0.95096905558348377     
 -0.78604571829191661       0.92300024690500115     
 -0.77339451589413399       0.92024681174015044     
 -0.73748128203686603       0.92328417390337958     
 -0.74425424297051790       0.93440303856748064     
           6
 -0.33783634478883329       0.94999486317248361     
 -0.33092524929366163       0.96921572769233977     
 -0.34881147381791444       0.97240558038787783     
 -0.38776050073059709       0.94431525733831445     
 -0.38649161083976885       0.92883799857485649     
 -0.37145280241738826       0.92430902542731286     
           4
  0.45876706873734646       0.42802980072802654     
  0.41273849282611363       0.42999673148387230     
  0.40634980350629435       0.41849727321392233     
  0.41093335287091792       0.40147444243005570     
           6
  0.10085535178972767        3.7375216921881137E-002
   8.7717282478209674E-002   4.0527312503361515E-002
   5.0589398396247778E-002   4.8058139311566786E-002
   5.4724961992576482E-002   3.0255709997772634E-002
   5.1571726314283146E-002  -4.6944025137220478E-003
  0.10350578785451017        1.3392058348843765E-003
          11
 -0.80379769636735143       0.32975025975400651     
 -0.81736025223465736       0.33428181919191929     
 -0.82862014860300159       0.34957965907956329     
 -0.83637495162023046       0.35615111827394158     
 -0.85130975680743437       0.34109755504961059     
 -0.85797864509227695       0.33380051826380908     
 -0.86253268768807567       0.32302067639617343     
 -0.86585696697070247       0.29381685545963970     
 -0.84982059356058615       0.29622866983153612     
 -0.80589113381906141       0.30024910748878253     
 -0.81717807757361394       0.31921909662995551     
           6
  0.78511165520033366       0.24545407479947318     
  0.77362574746525481       0.25917016209872901     
  0.74248865739115943       0.26824137691484712     
  0.73088228334854233       0.22124124451443503     
  0.76448075641400237       0.20652199847026825     
  0.78741523676962599       0.20625222426223930     
          12
  0.28696422490157419       0.82984409087120770     
  0.27339427000440758       0.84095088951324548     
  0.25651251396916241       0.83617794153127578     
  0.24226339478250247       0.82354439101719779     
  0.23265040077237842       0.82647990905369906     
  0.23939611891297768       0.81574899081052199     
  0.23184581546866731       0.78968031910936243     
  0.26424861767932262       0.77718869657981315     
  0.27266203794112154       0.77635023769778844     
  0.27642538850741727       0.78743864812898934     
  0.28474520617764637       0.78459024161011781     
  0.28402532980192041       0.79672089654489009     
           7
  0.72642726710245853       0.42032979614212945     
  0.69931359541734506       0.42526972582678430     
  0.68635741378402604       0.40853577818075587     
  0.67455083927148907       0.40096543373732807     
  0.68880556617731092       0.37691718613203895     
  0.72314454506352954       0.36945953263282644     
  0.73845261893499603       0.37336463675027137     
           5
  0.47261233063599412      -0.21470865254218641     
  0.44600610610736374      -0.19160207859815145     
  0.42827859114401212      -0.20506068433460556     
  0.43745424387646031      -0.22626994817683727     
  0.45117998851119739      -0.23763330893302903     
           5
  0.34180911077929343      -0.14962796703490827     
  0.33609030575294319      -0.16242523525622346     
  0.33770150868300047      -0.18559954291313865     
  0.35873453622026702      -0.19648772141422263     
  0.37964047221294728      -0.18304637757087094     
           3
  0.35405785136902373       0.30644818628078091     
  0.35910291588044052       0.32119711733773815     
  0.32233870606765419       0.28725688474351269     
          12
  0.69491892455775817      -0.91026348803672852     
  0.69620503149871404      -0.89823525345023991     
  0.68435228640332590      -0.89621017943359160     
  0.67245287595861503      -0.89290522704628683     
  0.65577758975210054      -0.89720421648945836     
  0.65458522276671449      -0.90491382668969023     
  0.65218527029141649      -0.91424898451143422     
  0.64469064310412016      -0.92108194308940505     
  0.65413164162555604      -0.93426948990166170     
  0.67523485972809039      -0.94384144460292174     
  0.68761734058457435      -0.94588749885189705     
  0.69343363829244620      -0.93116490821076958     
          10
  0.48972857077712673        3.1254317682334221E-002
  0.47650079121985750        3.2349754764007248E-002
  0.48393311590709714        3.9510467473855962E-002
  0.47576543959757084        4.6249408898997035E-002
  0.43786246945100510        5.4516788182283289E-002
  0.42843413012267423        1.8605925363008768E-002
  0.44050422872026701        3.5806088534460039E-003
  0.45226695210785578       -5.7358663058684686E-003
  0.48545731008340487       -5.7818896476808691E-003
  0.48649503322012388        2.1443237467764272E-002
           8
  0.74595034758159295      -0.30498486808658481     
  0.72904142030085584      -0.30816736979612902     
  0.73368127162069618      -0.29543837776270110     
  0.70097701633826159      -0.30863527081420705     
  0.69870868442605860      -0.33164610394023414     
  0.69404472602905043      -0.35675053971449061     
  0.70827381869681927      -0.35337585701972385     
  0.75299773980795304      -0.35177805579829524     
           6
 -0.37358735718821079      -0.51406519904274306     
 -0.38296722351672774      -0.52087475842846520     
 -0.39711689019181695      -0.49864412288695187     
 -0.43373421149081992      -0.55151305171137432     
 -0.39537103987408229      -0.55008763212816558     
 -0.37028995680292665      -0.54382280352482404     
