   1.0000000000000000
   50.000000000000000     
          26
          12
   10.000000000000000     
   9.0000000000000000     
   4.0000000000000000     
   4.0000000000000000     
   7.0000000000000000     
   4.0000000000000000     
   10.000000000000000     
   1.0000000000000000     
   4.0000000000000000     
   9.0000000000000000     
   5.0000000000000000     
   2.0000000000000000     
   10.000000000000000     
   2.0000000000000000     
   9.0000000000000000     
   3.0000000000000000     
   9.0000000000000000     
   2.0000000000000000     
   7.0000000000000000     
   2.0000000000000000     
   3.0000000000000000     
   5.0000000000000000     
   9.0000000000000000     
   4.0000000000000000     
   9.0000000000000000     
   10.000000000000000     
           1
   0.0000000000000000        0.0000000000000000     
          11
 -0.55591653648347150       0.43943880468682128     
 -0.56584312609214216       0.45559092407221585     
 -0.57239590032191656       0.44837873286008578     
 -0.59090444195759795       0.45711167512394202     
 -0.60935300042980645       0.45493231562881603     
 -0.61992489365352521       0.42738947751105205     
 -0.61107760114685061       0.41056904326035648     
 -0.59214438317185025       0.40602602420866030     
 -0.58805431999366242       0.39585637940016016     
 -0.58169558097222629       0.40287668085723083     
 -0.56901392207823365       0.42633444670107490     
           7
   5.1379265442606598E-002 -0.51319310461035017     
   1.4942422759652178E-002 -0.52649722106948327     
   2.7686517071037968E-002 -0.54067334736186112     
   1.9666316891905556E-002 -0.54991967747489690     
   3.2163176422069728E-002 -0.57523682875778559     
   4.6958081012914751E-002 -0.56531195050068206     
   6.4581122065431318E-002 -0.57853297241987478     
           3
  0.79254203294204861       0.83924294108668895     
  0.76110227786651774       0.84232543030692975     
  0.78424534312643135       0.80272558768957125     
           5
 -0.17226180277690087       -2.5270450077337581E-002
 -0.19092414792715917       -1.9921540685052273E-002
 -0.20511010791087314       -5.3744331368921705E-002
 -0.19583458099363388       -7.4510960998906292E-002
 -0.14659110959456223       -4.3416560756915509E-002
           5
   6.5083382350367328E-002  0.57500529080656038     
   3.9995146484395651E-002  0.59963794730238607     
   3.3594569353222470E-003  0.57320903078581509     
   9.1752158918247985E-003  0.55787073110450403     
   2.4870457050202459E-002  0.54988559022226036     
           5
 -0.23050902556431879       -1.2024394924496667E-002
 -0.28980464974877740       -3.1271704342743768E-002
 -0.27925958823101998       -4.7069616218717809E-002
 -0.26064516677719946       -4.2632627443384252E-002
 -0.23598761589903369       -3.6569318236904035E-002
          12
  0.29498650725393349       0.80550330924933844     
  0.30183115132929089       0.82673520999251904     
  0.28396906673734251       0.83061216364956880     
  0.27546799815342449       0.82386857425786619     
  0.26012054690445530       0.83460922915665647     
  0.25011433446229803       0.80333620444363951     
  0.24593835182459095       0.79612655545666344     
  0.24496762247879328       0.78586772457484422     
  0.25744940515223613       0.77890033044232465     
  0.26618900544556151       0.78638566087481976     
  0.30232103004942856       0.77185897334391529     
  0.30357959780825222       0.79631784878849199     
           3
 -0.47735599423914404       0.57218946658609759     
 -0.52322251180074741       0.57047882896795032     
 -0.46386065898131401       0.54790823212952589     
          11
  0.78767497543668596      -0.66450460716335324     
  0.80413571538793793      -0.64677309731034116     
  0.79280962222713836      -0.64600596087650974     
  0.75235224799554390      -0.63544490899663597     
  0.75231919599990260      -0.64745682360893431     
  0.74628794679610511      -0.65322214334416906     
  0.75182509729989688      -0.66350578860226295     
  0.73658864385295708      -0.68945049145450754     
  0.74997627101643960      -0.68969287316713812     
  0.77796002816002718      -0.69192078052622663     
  0.80164353749190498      -0.68384783382556025     
          12
   5.5196230629382600E-002 -0.36168071122592305     
   3.9282290059896210E-002 -0.36079898396163890     
   3.5746094320073730E-002 -0.34909651879575115     
   2.8919459138666666E-002 -0.33939942698108644     
   2.5481913420821664E-003 -0.34277524909179191     
  -1.1538665770636586E-002 -0.34145501535310868     
   2.2037761448228319E-003 -0.35674859803423031     
   3.5165392341074964E-003 -0.37254151176141720     
   2.8125058206734492E-003 -0.38425886049139701     
   1.4534656654526492E-002 -0.38627364352395455     
   2.5876425088311856E-002 -0.39533295495109577     
   3.2627299619105619E-002 -0.38754348331170585     
           5
  0.74573399529571593      -0.14629848186314068     
  0.75994768410362068      -0.12199369711980027     
  0.70255517628126762      -0.15371327835997109     
  0.70251731740479939      -0.17857781701403691     
  0.75946003944767104      -0.16544278769553517     
           7
  0.86777078502164262       0.24701969282983013     
  0.84476759260375023       0.25968062072552200     
  0.83379989640402530       0.23766612247918900     
  0.83319276669130515       0.22413034325369532     
  0.84287706177465882       0.21193145785158107     
  0.84893535397762077       0.19665211042917463     
  0.88690799369281881       0.20618058156799013     
          10
  0.85206657383082174      -0.46880972138713634     
  0.85429442627076058      -0.45837249437900424     
  0.80181947724291636      -0.45161378826990717     
  0.80700846014160399      -0.47100087910371102     
  0.80411326034348063      -0.48800252241046099     
  0.80057169619350710      -0.49859030463629866     
  0.79159726620333970      -0.51253427294090526     
  0.80367549205078559      -0.50841903996210724     
  0.84700844691026433      -0.49203473266180114     
  0.85700904889940532      -0.48711996977715905     
           9
 -0.82319686680335535      -0.59811330066450086     
 -0.84174272343876466      -0.60510396068104966     
 -0.85340374679147113      -0.59476893226298533     
 -0.87052331476781519      -0.61175367116442114     
 -0.87417502578935280      -0.63929112932509302     
 -0.86911888661933168      -0.64947424131509934     
 -0.84995145852787302      -0.65797191000504607     
 -0.84073506023719946      -0.65346403607722781     
 -0.83219012450795171      -0.65674817731100710     
           5
  0.50225134109163017      -0.60880205103607654     
  0.50402280508466457      -0.59204716329667773     
  0.46146653265752685      -0.59856125739357524     
  0.43850452504638049      -0.64101012469911678     
  0.49062014478465937      -0.64065684107152054     
           7
   3.9831292768785671E-003  0.83905444518264560     
  -4.5887886481892851E-003  0.86440517538131212     
  -2.0635476996007526E-002  0.87610351876378378     
  -4.5623183896313535E-002  0.82397432877568666     
  -9.1348814323168846E-003  0.81898689899810573     
   1.2653182056430214E-003  0.81421376595701345     
   1.5615143012367987E-002  0.81671113431376374     
           3
  0.21205375422079564      -0.83370364880529901     
  0.17832818036537251      -0.86418595396011377     
  0.21808986541438249      -0.88209611071368965     
          10
  0.73411990778725555       0.21827505957858728     
  0.74885415465182337       0.22777486254165027     
  0.72100402551146425       0.23398009361856431     
  0.70540510162737347       0.23029073504539707     
  0.68923653936631590       0.23175287910757308     
  0.69331374924899947       0.20936776280759151     
  0.68661912091193544       0.19579536095593533     
  0.70352628857076893       0.17567230830950703     
  0.73611050048452131       0.18141186843271073     
  0.74912370963842156       0.20643184719834076     
           6
  0.35451394769470157       0.22604685918130676     
  0.31315211571323204       0.25318984058751182     
  0.29935929044471810       0.23692987267798549     
  0.31324178546102077       0.19772698529480631     
  0.34869573041027135       0.20006804138213688     
  0.35952124267145430       0.21017885512715997     
          12
 -0.42135401334566597      -0.64304227696229677     
 -0.43065802071386844      -0.62539023255638337     
 -0.44535918505458100      -0.62236503321516434     
 -0.45331398918064009      -0.61948585158672220     
 -0.46822567542045901      -0.62199786567221471     
 -0.48136413952683871      -0.64614254825027639     
 -0.47772003252977746      -0.67846930744723610     
 -0.46980547082189900      -0.67833659127272361     
 -0.44978797293931105      -0.66640190389909126     
 -0.44106988899445382      -0.68085873208877090     
 -0.43119066095182318      -0.67777722771187598     
 -0.43401140354334511      -0.66623579596415217     
           4
  0.69750229507680417       0.96829080632073572     
  0.66934041532704658       0.96602344050167399     
  0.66174749954576884       0.93686405139249063     
  0.69907996169684994       0.92091448101232221     
           7
  0.65064313070680513       0.13438902864203231     
  0.66141241834963849       0.15064539001479615     
  0.63553775047866423       0.13742000961571399     
  0.59815401165255377       0.10680196697390409     
  0.60859399970828121        9.1386551189279977E-002
  0.62855888055325204       0.10216277354527079     
  0.64098426037419254        9.8345345634651804E-002
           9
 -0.11522029806395807       0.87709806440959359     
 -0.12315151840130177       0.86873025087852640     
 -0.11036923547710153       0.88496054201072782     
 -0.15111908189333983       0.87137837176331434     
 -0.16283784305147359       0.86242681259361564     
 -0.16087949197603693       0.82717165949642801     
 -0.15102036924568055       0.83202629056259481     
 -0.12817062963171241       0.82187572373660722     
 -0.11423995641173748       0.84510106329238732     
           8
 -0.21581630843402350      -0.32422473077997988     
 -0.21309859540106263      -0.30103178083668691     
 -0.25806803826361496      -0.30753803914776573     
 -0.26634033034189825      -0.34162235327221979     
 -0.27871405300819346      -0.35277921345294094     
 -0.27187540309228458      -0.36435452854442485     
 -0.25544796983372120      -0.36291562657641607     
 -0.24398767942131819      -0.35013808185247020     
          11
   7.8796233330310689E-002 -0.17375708185852040     
   9.0757675883739064E-002 -0.16225663295679857     
   7.2672984142753583E-002 -0.16322382226355991     
   4.8787390941742746E-002 -0.17088925666239957     
   4.0824641697732852E-002 -0.16567042840104804     
   2.7695768132583135E-002 -0.16450012855973653     
   2.8847268446655985E-002 -0.17317162461523822     
   2.9557628128543855E-002 -0.19100192601473409     
   2.8983134658317009E-002 -0.19951335378652929     
   5.3675635153249503E-002 -0.21748143372929810     
   8.4397654993671314E-002 -0.19082130050628043     
          10
   2.7523139987875065E-002  0.22264042467589540     
   9.6572648357231700E-003  0.23074605500896647     
   2.6394026936718230E-003  0.21951285404666041     
  -9.6602055045401508E-003  0.23113866264585275     
  -1.5786067938847473E-002  0.19775108410992412     
  -2.7953623959109455E-002  0.18686932097296402     
  -1.9707872382425332E-002  0.18250715681840482     
  -2.4114447084522588E-002  0.17212413656113290     
   3.2544384966446335E-002  0.16948361312064672     
   2.8059129851063246E-002  0.19545132709660254     
