   1.0000000000000000
   50.000000000000000     
          52
          10
   3.0000000000000000     
   8.0000000000000000     
   9.0000000000000000     
   9.0000000000000000     
   9.0000000000000000     
   6.0000000000000000     
   8.0000000000000000     
   1.0000000000000000     
   10.000000000000000     
   2.0000000000000000     
   9.0000000000000000     
   5.0000000000000000     
   8.0000000000000000     
   2.0000000000000000     
   6.0000000000000000     
   10.000000000000000     
   8.0000000000000000     
   3.0000000000000000     
   3.0000000000000000     
   2.0000000000000000     
   4.0000000000000000     
   8.0000000000000000     
   4.0000000000000000     
   10.000000000000000     
   7.0000000000000000     
   9.0000000000000000     
   9.0000000000000000     
   5.0000000000000000     
   3.0000000000000000     
   10.000000000000000     
   5.0000000000000000     
   5.0000000000000000     
   10.000000000000000     
   9.0000000000000000     
   5.0000000000000000     
   2.0000000000000000     
   5.0000000000000000     
   1.0000000000000000     
   9.0000000000000000     
   1.0000000000000000     
   2.0000000000000000     
   10.000000000000000     
   5.0000000000000000     
   10.000000000000000     
   9.0000000000000000     
   2.0000000000000000     
   9.0000000000000000     
   3.0000000000000000     
   3.0000000000000000     
   9.0000000000000000     
   8.0000000000000000     
   4.0000000000000000     
           1
   0.0000000000000000        0.0000000000000000     
           5
  0.82098518328458281       0.26596423460191054     
  0.78476901139877153       0.27591385074331037     
  0.79845082363801856       0.26609068720564355     
  0.78836932571301765       0.25795444747340035     
  0.82690966690335133       0.25506165520102708     
           3
  0.31224241081649667       0.50504333933101286     
  0.26782089777784140       0.47816449934497557     
  0.30486999313728630       0.48797189020277981     
           5
  0.49550613733386528       0.29024834674429417     
  0.46757829145065205       0.29059940590362443     
  0.45404555226825444       0.25985579274284359     
  0.49059112663405008       0.26175235649177758     
  0.48723036752466342       0.27068661564763186     
           7
  0.19703070991933688       0.29255403097293270     
  0.18700163749356224       0.30084112698061904     
  0.16883993510273357       0.29339554761134484     
  0.17126534004610791       0.27253569415675671     
  0.17402886232511211       0.26587726113213134     
  0.19738294793657113       0.25585107054293899     
  0.20200031928461770       0.27792086975723934     
           7
 -0.81029168954157960      -0.81763491793949838     
 -0.85334186891637342      -0.80692455009064357     
 -0.84848072743028113      -0.81911640512475226     
 -0.85137665836512699      -0.82808173034832511     
 -0.84795356680013512      -0.84624022229249141     
 -0.83251352272600554      -0.84910528689817588     
 -0.81141320382334714      -0.83585458139945124     
           4
  0.27064981784065067      -0.82030517303738693     
  0.25691920358195891      -0.81404396665137591     
  0.23233372909443939      -0.84343879410139322     
  0.25575060692481028      -0.85496197558309450     
           9
  0.14579813329566732       0.36671404640177491     
  0.14645900849914062       0.37716254266323374     
  0.13839026406938124       0.37830824483911896     
  0.11645313407254360       0.37603818602730676     
  0.10708676022234816       0.37738074718311670     
  0.11206488251249201       0.36170897584810152     
  0.10733988037972969       0.35614952962037044     
  0.10785090397324087       0.34604121431663099     
  0.15333650125753401       0.33864357638420184     
           4
  0.51398159347818806       0.59749043904735388     
  0.47248907623695668       0.60687516256047680     
  0.47954841812266480       0.59827237492015051     
  0.49058019808154030       0.58099620752814674     
           6
  0.24514715961667569      -0.65884122712046289     
  0.20435239995557469      -0.64362570213661996     
  0.21319220778314887      -0.65588932355420670     
  0.20580294598520565      -0.66782919964072573     
  0.22574222187810652      -0.66461924356702784     
  0.23555435324389828      -0.66811283129996513     
           5
  0.58106092354122019      -0.69989692299144579     
  0.55801202386011306      -0.70072453340603680     
  0.55960515662205801      -0.73039512578235577     
  0.58291924920118243      -0.74004596545584000     
  0.59413537042237530      -0.73355908731649233     
          10
 -0.19698151976594655       0.57724672474971772     
 -0.20709673259302952       0.57892547889247559     
 -0.20479234619693762       0.58976008345280262     
 -0.22447991958631766       0.58953084747687323     
 -0.23871388259239476       0.59077616971113378     
 -0.23164298868663932       0.58417439861614928     
 -0.23603658104409286       0.57615929869703220     
 -0.20984821230804865       0.54779105432688502     
 -0.20245982059980414       0.54510733284715307     
 -0.20015485266006000       0.56571594157062866     
           4
  0.80106096922909198       -4.3063110494035481E-002
  0.77066147390453366       -3.0468337715275073E-002
  0.76041635234124794       -5.0435638545072610E-002
  0.77051173065313028       -4.9203966983812533E-002
           7
  0.53635269023232524      -0.82058857464591572     
  0.52771006988290758      -0.80884778857583162     
  0.51863238631865582      -0.80737064740988174     
  0.50272028113618983      -0.81209302453195209     
  0.50071164560172499      -0.84824129186263042     
  0.51633806494285206      -0.84119624037702068     
  0.53718940750821476      -0.83314602532791393     
           4
  0.84183404072419310      -0.15675131674994297     
  0.80661521577694517      -0.19784783828699665     
  0.82198955530575502      -0.20012493584171909     
  0.83883058718423309      -0.19542656052069252     
           8
  0.10637993252140174      -0.96125151027945765     
  0.11307467036082879      -0.94883340329053889     
  0.10264772577560372      -0.95023968361859612     
   8.6221283451271918E-002 -0.95250610653547407     
   7.4674384263014024E-002 -0.94591852983007307     
   7.5112377968407695E-002 -0.98247902228819628     
   9.5420073676836525E-002 -0.98419677320879428     
  0.11421405470034218      -0.96654080197724657     
           8
 -0.55469616334310623       0.67535365507533740     
 -0.55408381065036771       0.68693789707464847     
 -0.56862393436643255       0.68265389897510109     
 -0.58840868773334831       0.68242794786964189     
 -0.59309952889094431       0.67455065809261439     
 -0.57615130388984825       0.65538289354966273     
 -0.56420949569238066       0.65672547318279917     
 -0.55908815953693469       0.64612683110581159     
           7
   9.3242804920776190E-002  -1.7997878901058181E-002
   6.5553295902095646E-002   8.8983636939830510E-004
   5.7761607440309851E-002  -1.2140791768330585E-003
   5.6366105947901889E-002  -1.2645966514792727E-002
   5.1494910626343801E-002  -2.5313585862432649E-002
   6.2226747406116771E-002  -3.9697924196592668E-002
   8.2594626585497169E-002  -3.8719446880977254E-002
          10
 -0.75598761411277604      -0.58378647257375205     
 -0.74989948122010985      -0.58242713313307348     
 -0.76519045125312579      -0.57207385659718879     
 -0.77537946120239887      -0.56170373656892136     
 -0.78203405275505566      -0.57192144717494731     
 -0.79270742624481216      -0.58375196158075571     
 -0.79564341725381771      -0.59346870784219041     
 -0.79119973530254240      -0.60828983431448436     
 -0.75549709829366085      -0.60229982946963401     
 -0.75193219217411911      -0.59086496186865556     
          10
 -0.26819407512243232        8.2563186742846267E-002
 -0.27676911187637865        7.7258755560356621E-002
 -0.27798034241426234        8.8408250673978617E-002
 -0.28511777214370282        8.1626693335570655E-002
 -0.29686568077575576        7.2539775000392215E-002
 -0.30620686960492277        6.4820969704224601E-002
 -0.30149779597896770        4.2862232509695133E-002
 -0.27869161839568429        4.7527463086142654E-002
 -0.26265437357340898        4.1780138194705413E-002
 -0.25875228004673556        5.1787117956759825E-002
          10
  0.50989070859364038       0.69706868561967728     
  0.50528354963710098       0.70252321217414693     
  0.51252400679156107       0.71150264230872473     
  0.47623313440782983       0.71496058844208521     
  0.47049350997576156       0.71029252237895912     
  0.47053868800092313       0.70098445371013174     
  0.47578006642524956       0.69032148861470888     
  0.47123809156187735       0.68644080878830094     
  0.48557704627147169       0.67236854196244611     
  0.51062393150054763       0.67446543496139000     
           9
  0.55225074459432588       0.96728142840702303     
  0.54583106835720274       0.96613284598280025     
  0.53444652825121697       0.96329809088108242     
  0.51597657750331272       0.96327455266855455     
  0.51876287111868646       0.95502640122795768     
  0.51948712382045459       0.92577625108776573     
  0.52721600098202159       0.92905645800151593     
  0.54220742015476298       0.92818871306658768     
  0.54948232971612010       0.93974839274866873     
           6
  -9.4211932982978960E-002   8.6773008283905592E-002
 -0.12376911103717313        8.4852545321118245E-002
 -0.12399920101902671        6.0805908105082393E-002
 -0.10667354801360693        4.3995727366777052E-002
  -9.5874907332327258E-002   4.7500301413817794E-002
  -8.4095741327354590E-002   5.3506979339097968E-002
           6
  0.64628406482681833       0.49335718945812634     
  0.64327192000881839       0.50076142006038160     
  0.61352373914634484       0.50723264687518899     
  0.60125576962907723       0.50047962047503991     
  0.61437934029464591       0.47578731713219613     
  0.63371782477588845       0.46956969793169706     
           9
 -0.52932329077944473      -0.53367986959317870     
 -0.55120877342751540      -0.53260496743212227     
 -0.56807524370798701      -0.53250055018107989     
 -0.56810781840691116      -0.55156060792726336     
 -0.56906038675268800      -0.56457424494267716     
 -0.56576521671651536      -0.57097979736644566     
 -0.55410904796574356      -0.56653478860443662     
 -0.54605434279208198      -0.56344603752900935     
 -0.52917681121445803      -0.56979701792955906     
           8
 -0.30626832882731475       0.17495685350057905     
 -0.31049216247010858       0.18580815111742854     
 -0.34069777265767298       0.19041608672566093     
 -0.34213885673026617       0.18149291177347521     
 -0.34430592522829917       0.17271480721051080     
 -0.34084535381581099       0.15998031287063344     
 -0.30626127923512686       0.14932401111074423     
 -0.30379121674111320       0.15844691978825964     
           5
 -0.67850765949104008      -0.24205777033924475     
 -0.71323432178830259      -0.22595091623832592     
 -0.71289379226678007      -0.26728477970522674     
 -0.69896004901809206      -0.27028672414421867     
 -0.67280115137173246      -0.26555266577266379     
           4
 -0.66680196637186950       0.93597161448195421     
 -0.67999855480120841       0.93441551457726602     
 -0.68483252844333908       0.92283286209779558     
 -0.66108714477545072       0.90808599056483930     
           3
  0.81002361550737489      -0.90981036949422756     
  0.78183260997025650      -0.91284657255188473     
  0.79713550917552867      -0.91486003536618876     
           9
  0.65661305362645905       0.59873189927348602     
  0.64887846475641198       0.59553190012995327     
  0.62368574416337630       0.59234079602955370     
  0.63137110907774108       0.58488735567634043     
  0.62203206936744548       0.56525034515535433     
  0.64403499808580700       0.56851525637717515     
  0.64630109751525355       0.56036061179609109     
  0.65742878452940501       0.56972560121134819     
  0.65873553136961183       0.57864987802512091     
           3
 -0.91558567419264347       0.32939426035787917     
 -0.95192483671124073       0.28985504735741469     
 -0.91819375466511521       0.30644860041208921     
           5
 -0.95026730796757475      -0.39344466834215891     
 -0.94296395019090473      -0.38414029487019363     
 -0.97996559042957943      -0.41302305460116562     
 -0.97201985110576627      -0.41586239022317240     
 -0.95649105508616239      -0.41626533626542472     
           5
 -0.69682070680087382      -0.88130780012735099     
 -0.72569817427657268      -0.89248274151708140     
 -0.72609429388621216      -0.92075945927813962     
 -0.70206198055763280      -0.91692413332466993     
 -0.68571505925542753      -0.90609103855876993     
           8
  0.35523288248033219      -0.21271049200495803     
  0.32932677302582741      -0.19621666645006217     
  0.32233832278101260      -0.19709922275174332     
  0.31016174321667472      -0.20509158538108999     
  0.31458468195304395      -0.23227480209795323     
  0.34023098120527789      -0.24390010234970805     
  0.35150748098309342      -0.23143819110024552     
  0.35408326414023483      -0.22289060283982262     
           7
 -0.47738366480434768       0.60619776828148364     
 -0.50748155859856625       0.59573417514949711     
 -0.51335484306676815       0.60244884836885260     
 -0.51069181297147570       0.58816389711321881     
 -0.51159359197857612       0.56407464547803876     
 -0.49324928369535381       0.56611690806899118     
 -0.48427144200687372       0.56794297421832252     
           3
  0.31939804142741840      -0.63453103659518328     
  0.29299646682517810      -0.63466877417014556     
  0.30179514613725467      -0.66564111019194661     
           5
   3.7962219661958868E-002 -0.14835638917736091     
   1.7944082763297217E-002 -0.17994522444108291     
   2.3036788748740503E-002 -0.19134667277720308     
   4.0077999642694859E-002 -0.18493081116847493     
   5.1608620619490522E-002 -0.17687561133486099     
           5
  0.29673075697200918      -0.34661644678068398     
  0.28655028195932952      -0.33691498571981549     
  0.25863207235979491      -0.36676069116420079     
  0.28935162430575567      -0.38046979094737787     
  0.29670052323402907      -0.37437042003736654     
           4
  0.36499748941316579      -0.32634502000157145     
  0.31960462298541226      -0.34568859742455310     
  0.31961252172931148      -0.35704974700240505     
  0.36282066202343177      -0.35502547909048898     
           3
 -0.20611443836891000       0.18038143336207738     
 -0.24365836167676225       0.16465188848266918     
 -0.21116369290784517       0.15345620560049528     
           9
  0.16202270753340456      -0.65384946529945498     
  0.15608373894336836      -0.64620356750707897     
  0.13474636350278940      -0.65647247974670209     
  0.12015483895144177      -0.65995828669087642     
  0.12150918193065860      -0.66773928519161119     
  0.12175112930057876      -0.68459775722800409     
  0.16497301835859132      -0.69169024506625199     
  0.16183788143140876      -0.68576121130517209     
  0.15860885223810547      -0.67261077301864280     
          10
  0.24901702533183792       0.50372504838360033     
  0.25771546702675907       0.51744314033890759     
  0.24341876284929917       0.52104340928751436     
  0.22192194933227816       0.52125172774426642     
  0.21970044280519779       0.51026414483452531     
  0.21392568476581336       0.49156689377841373     
  0.21433662938768905       0.48077691560781094     
  0.22371490999575683       0.48739744962253834     
  0.22969438708184961       0.48803959968859861     
  0.25392618377469561       0.48190060204918389     
           7
  0.36830052858752499       0.57296529093431792     
  0.35579280285177095       0.57185897262060392     
  0.33381351423966871       0.58160575851861196     
  0.32876214169803780       0.56712170554721897     
  0.33457450246137671       0.54526969274177328     
  0.35567666625573918       0.54148904701349365     
  0.36459141084942037       0.53968805502123185     
           9
 -0.62930205830324071       0.31289640402788210     
 -0.65765280457809339       0.31525060332766097     
 -0.67028629225480141       0.31415497168666034     
 -0.66535323764036203       0.30964591234611832     
 -0.67312248093756710       0.30047030912966038     
 -0.66000176730064475       0.27579837142449043     
 -0.64676527681631613       0.27545006417884632     
 -0.63287092651187504       0.28290915114487369     
 -0.63491099531177564       0.29492334480573551     
           8
  0.11809208674103294       0.42937297777721067     
  0.12794773346340760       0.43666529667111231     
  0.10869995554245040       0.43015779946838639     
  0.10089732027135358       0.43622464422160251     
   9.3811860147781048E-002  0.43820422295220179     
   8.1692635278609524E-002  0.43340330003503352     
   8.8836535181701981E-002  0.40481372764914986     
  0.11409478894620978       0.40453658443956209     
           4
  0.97653521594768156        7.4943645407806736E-002
  0.93671620412526346        6.0404529802148235E-002
  0.93363921431553976        3.4804798647164736E-002
  0.94629852781411727        3.7609003569909184E-002
           9
  0.70823546048884556       0.64569182629724953     
  0.67534270736202884       0.64362771350715542     
  0.68223343567992667       0.63540501142967787     
  0.67528424574973567       0.62183231764599511     
  0.68048871866719240       0.61539829785849776     
  0.68666474090946494       0.60472210711332308     
  0.69365880186381423       0.60382696636538469     
  0.72216753921227439       0.61471420582718150     
  0.71572554721896475       0.62281227795720329     
           9
 -0.91210117408427438      -0.20029601556192073     
 -0.91995255477961491      -0.19683993241730682     
 -0.92738705710350688      -0.20052219056515336     
 -0.94869179136257786      -0.19061367227046835     
 -0.95583255105969211      -0.20532355020489429     
 -0.94792447136820945      -0.21660852713851109     
 -0.95508799830804836      -0.22965988476590671     
 -0.94458666340239605      -0.22697508755233270     
 -0.91546334297340681      -0.21505592459354769     
           6
  0.79040835626001382      -0.35775515102557415     
  0.76991168541737620      -0.36160503832027840     
  0.75006687695889951      -0.36236954524235215     
  0.76750031015589171      -0.39317899792688871     
  0.79537419186624048      -0.38777543456797381     
  0.79226805642279219      -0.37480292465877008     
           7
  0.14149867968158911      -0.22403871669566083     
  0.11239084741295194      -0.21584059910373124     
  0.11480549716539143      -0.22530916221073052     
  0.10912227877659877      -0.24272978088967007     
  0.12559376173173464      -0.25208061360819484     
  0.15194083542385647      -0.25520919654266688     
  0.14921161388555843      -0.24851956763927491     
           6
   2.1094358077859861E-002   6.0399976095633107E-002
   1.4145682134994265E-002   5.5465867289319445E-002
  -5.4673555536379360E-003   5.8958555248039529E-002
  -1.0523959907762035E-002   5.2620321898694214E-002
   1.2120189507402665E-002   2.4231112362026620E-002
   2.2931133806420582E-002   4.2368805346132327E-002
          10
  0.96837346913392874       0.45372081590492902     
  0.96101625464816720       0.45197720858315743     
  0.93698410544567068       0.45090034970454329     
  0.92904320673400487       0.43901896149228020     
  0.93556813367039116       0.43169354082588696     
  0.94276939831262041       0.40646421716357739     
  0.95543433408583867       0.40768509977810879     
  0.95613793269336500       0.41560915649615804     
  0.96825366642157296       0.40977291933600335     
  0.96365513635413447       0.41613784671786663     
           4
  0.77042299871382425      -0.60228832105164443     
  0.75843634074336075      -0.63684434396370648     
  0.78494035478451085      -0.64439101614165162     
  0.78128532226141800      -0.63335007310656066     
