   1.0000000000000000
   50.000000000000000     
          40
          12
   3.0000000000000000     
   10.000000000000000     
   8.0000000000000000     
   1.0000000000000000     
   2.0000000000000000     
   5.0000000000000000     
   4.0000000000000000     
   5.0000000000000000     
   4.0000000000000000     
   3.0000000000000000     
   6.0000000000000000     
   4.0000000000000000     
   8.0000000000000000     
   5.0000000000000000     
   9.0000000000000000     
   10.000000000000000     
   4.0000000000000000     
   7.0000000000000000     
   8.0000000000000000     
   9.0000000000000000     
   9.0000000000000000     
   10.000000000000000     
   3.0000000000000000     
   4.0000000000000000     
   4.0000000000000000     
   10.000000000000000     
   10.000000000000000     
   4.0000000000000000     
   2.0000000000000000     
   9.0000000000000000     
   8.0000000000000000     
   7.0000000000000000     
   8.0000000000000000     
   3.0000000000000000     
   1.0000000000000000     
   5.0000000000000000     
   2.0000000000000000     
   9.0000000000000000     
   5.0000000000000000     
   10.000000000000000     
           1
   0.0000000000000000        0.0000000000000000     
           4
  -8.9083265061702180E-003 -0.11336532662452611     
  -3.2525531110082342E-002 -0.11318577774765808     
  -5.2640638704643049E-002 -0.13343671009343264     
  -3.0722909475873750E-003 -0.12422571868475157     
           6
  0.96350161474943208       0.20347077545688269     
  0.94368861352807099       0.22167412966280908     
  0.92321895475796178       0.21265746521896214     
  0.92420808908764951       0.18627240019903471     
  0.93184260424514953       0.16817346025517343     
  0.94139452188790129       0.16977171651856998     
          11
 -0.14280326970082471      -0.18150131734318670     
 -0.15515756706658365      -0.17855564427389228     
 -0.14525316963727097      -0.16823323488980341     
 -0.16304346344006587      -0.16795710958644866     
 -0.18758935688427580      -0.16615801451867565     
 -0.18848676314460031      -0.18649470408759514     
 -0.18876435089744850      -0.19627032855284215     
 -0.18186538162333668      -0.19815913401519286     
 -0.18717490100861889      -0.21124684670301200     
 -0.14102561998997487      -0.21019425955175611     
 -0.14516634004298337      -0.18773914860015004     
           5
  0.49467160861378706      -0.34446645974102008     
  0.48462127454342874      -0.34279448700957477     
  0.44770766250296601      -0.34453131683444882     
  0.45226245225559453      -0.36379346488553538     
  0.48259855080145830      -0.37991386129919702     
           8
  0.31239631178534771       0.18875153352395435     
  0.29528501811434033       0.20835368046121350     
  0.27293589630173948       0.21479322117212701     
  0.26229878127387668       0.21344367380490117     
  0.27136553081895742       0.16711556160356406     
  0.29622456125329905       0.17007330891643857     
  0.30973894655857320       0.16580259286830168     
  0.31181231843169721       0.17780901566241603     
           8
  0.43891707150505488      -0.77645926048184888     
  0.42471882087735913      -0.76373931358148184     
  0.40409331310448404      -0.76304189213093343     
  0.39373928561794874      -0.77172538153471903     
  0.40309849106312567      -0.77747794142297422     
  0.39460169511170740      -0.79185679026737754     
  0.42901106917904147      -0.81375516871557574     
  0.43913128494170717      -0.79114290931620490     
           9
 -0.14541541755332837       0.84571190897488402     
 -0.14756233707479388       0.85735204245896524     
 -0.15948060058031327       0.84923653580182257     
 -0.17113071699933280       0.85654414150494729     
 -0.18311762024114997       0.84501795736997098     
 -0.16987109144027487       0.83020794232997819     
 -0.18148685255150457       0.81243039294852881     
 -0.16358593042170302       0.80922786458413443     
 -0.13133200490556118       0.81993898421363620     
           5
   7.4595173525665526E-002  0.18567556918129607     
   4.7491366087707890E-002  0.19283492496194096     
   2.5835905552972504E-002  0.19114909075268832     
   2.6056047777571850E-002  0.16656606947047817     
   2.5107036018435010E-002  0.15525185315633153     
           9
  0.83949593458071847       0.75041806348923712     
  0.82571156305139293       0.76312753808410783     
  0.81712725939576736       0.75685760953076242     
  0.80766070137374057       0.76581984962792704     
  0.80998030190378212       0.75349987321429301     
  0.82258072093164480       0.72442953910274788     
  0.84584871938221140       0.71577353481747608     
  0.85128164462174993       0.72159772198207972     
  0.84565736756184273       0.73128657837186883     
           6
  0.87909366757512020       0.55475513109560493     
  0.85496492214401165       0.55671214800893465     
  0.84342817969960282       0.55246719419500445     
  0.83401005760487512       0.55390822835127451     
  0.84277884863028996       0.53883880393902972     
  0.85285034698895479       0.50946923461356441     
          10
 -0.46668793257130553       0.47441560107645059     
 -0.46274687927674368       0.49204113661345528     
 -0.46141026876849617       0.49982909651481366     
 -0.49446196960145711       0.50011088269824333     
 -0.50829053060098439       0.48216725619645701     
 -0.50820641928709342       0.47174745959729164     
 -0.49948247569259768       0.46973884404608046     
 -0.49888086538143561       0.44813603238175226     
 -0.49080498656816873       0.45378153040278496     
 -0.48385725691359321       0.44982460333725260     
          11
  0.23105093612735852       0.65092746141145896     
  0.21105192504719339       0.66488169571361833     
  0.19897077228016410       0.65769915771482834     
  0.17935911285357797       0.66397420100285032     
  0.17957687535538680       0.65416743451744375     
  0.17693347704540885       0.64687144151364417     
  0.20621624855621420       0.61892216995888150     
  0.21758954914086892       0.61481257374074005     
  0.22037639395657549       0.62303473609289806     
  0.22674078717249996       0.61917606156140415     
  0.22280518806290681       0.63844675705705789     
           7
 -0.82702073468492199       0.81763501123870930     
 -0.83603788673946000       0.82119205519873195     
 -0.85090447849451090       0.82941510074908065     
 -0.84977797557664259       0.81134915632242532     
 -0.85834297958683248       0.80081483418349075     
 -0.82219025584641181       0.77623759194749897     
 -0.81064941926267131       0.79452048977072454     
          11
  0.53598240015430998       0.62115973874718999     
  0.51536759191381942       0.63736743377245264     
  0.51004293815676816       0.64377761344863060     
  0.50268404954610746       0.63869018846507375     
  0.49571645262521907       0.63737150503351303     
  0.50435808639752444       0.62128810135617618     
  0.49437817924668043       0.60163568414906632     
  0.50057694563867705       0.60747202245578724     
  0.51347206947264468       0.60200234820875342     
  0.53828522667763712       0.60078031017006239     
  0.53739934134849954       0.60975914384931396     
           7
 -0.62687022642534862      -0.52943502011851606     
 -0.63335166403534870      -0.52094027028031409     
 -0.64302720185355355      -0.51887709737218135     
 -0.67145900290420757      -0.53899830517593894     
 -0.66399140460417150      -0.56908382592337303     
 -0.65566795315670101      -0.56517650086282489     
 -0.62448928445506691      -0.55146226942019472     
          12
  0.55941685167160815      -0.34401958008332517     
  0.54212143114849731      -0.35179111517129336     
  0.53879767806822232      -0.34640828350075453     
  0.53445001321193308      -0.35142236985206016     
  0.53572021121037028      -0.36438434759089089     
  0.52875254450692877      -0.36687586639293995     
  0.53492404438650187      -0.38112975649173186     
  0.53544459379443521      -0.39581677529289344     
  0.55252462322379381      -0.39315447425125610     
  0.55407302923893498      -0.38591605289950853     
  0.56149646811403542      -0.39137744822197496     
  0.57333251463672597      -0.39577637854016195     
           4
 -0.60483840788196264      -0.41854832364873507     
 -0.64714805421736776      -0.40857804791852115     
 -0.65587734372675255      -0.44164596817053742     
 -0.62232056766499388      -0.44282802320378389     
           5
 -0.45862615598689854      -0.28233281346412376     
 -0.48002080453536716      -0.28233205345662443     
 -0.48070067070026562      -0.31621349358648360     
 -0.47467239150232560      -0.32759812745969247     
 -0.44730076609850611      -0.32486590144322119     
           4
  0.28759441413017001      -0.10414382869205178     
  0.24639501433637048      -0.11159913455050259     
  0.27448883481327035      -0.13037508890953073     
  0.29080618003655112      -0.12943839693368123     
           4
  -8.4320214915353228E-002  0.84493504696528432     
  -7.7444820207710652E-002  0.83023429301416107     
  -6.1013746970484395E-002  0.82556876457300998     
  -4.9881664293256786E-002  0.82045672277362314     
           4
  0.32392006425178804       0.28989498574697847     
  0.29112608487456459       0.29469307527870781     
  0.28933549274457687       0.27017954624808732     
  0.31631181189588797       0.25644253054680638     
           7
 -0.23093017075031622      -0.49297918599251167     
 -0.25747396985819326      -0.49458781333079299     
 -0.26393742596315550      -0.51251144274419214     
 -0.27117252226296451      -0.51836721725182733     
 -0.26237088206986492      -0.52906323775791120     
 -0.25321023285603450      -0.53084277792301471     
 -0.23769492616366492      -0.53579276364315165     
           4
 -0.44249446710222501      -0.93526619619057183     
 -0.47057712956312381      -0.94804648984923845     
 -0.43606406974215478      -0.98001059054299466     
 -0.43596840732428432      -0.96060774976998031     
           9
  0.86962759644647869      -0.33167630166975071     
  0.87109146730033571      -0.32114168685727912     
  0.86115177576344670      -0.32215734916736971     
  0.83434020592555891      -0.33286366535461492     
  0.82329922738107264      -0.33018762520969147     
  0.82508686431175438      -0.35534213091481814     
  0.82981116488931794      -0.37379314261114488     
  0.84788883678923466      -0.36406409445487403     
  0.86566305742047411      -0.36062073540480760     
           8
 -0.92509445097637877       0.55550495525117172     
 -0.91978681717383426       0.59167393460269557     
 -0.94702176587226516       0.58563235509497957     
 -0.96634976350526358       0.53945265834564349     
 -0.94917209372053624       0.53998873995731356     
 -0.93680797287909412       0.53782945548264061     
 -0.92987262246070490       0.54490372878335802     
 -0.92189838726668638       0.54016484594766856     
          10
 -0.91449478479109914       0.75780963209937313     
 -0.93041140497828578       0.75487116609360982     
 -0.93369899715271387       0.76551552922306221     
 -0.94668279989514303       0.75940969385880541     
 -0.94473528917132643       0.73741349825236613     
 -0.94403528428700367       0.72636060558669335     
 -0.93500205880585707       0.71908836395223519     
 -0.91794478545177161       0.72269509803811960     
 -0.90797912070067610       0.72206452562091850     
 -0.90595794469798629       0.73317104582159875     
           9
 -0.67126689033614151       0.93843409722122317     
 -0.67346937118040540       0.94738342596472869     
 -0.67433901571703014       0.95545998071996308     
 -0.68899791666372101       0.94891807520139759     
 -0.69371302400203716       0.95756309171867349     
 -0.72422853997035419       0.91591667876440430     
 -0.71006249021614165       0.90971920860373634     
 -0.67408732055607479       0.91346460340277380     
 -0.67751189677498702       0.92225287184569860     
           3
  0.32211745088251126       0.84145021604242010     
  0.28209772627164104       0.83323913284381645     
  0.27041292886741175       0.80538597749756224     
           4
  0.21848873908860267       0.46009848676514697     
  0.18977172799497402       0.46641059155183412     
  0.18345751506613442       0.43729325932434504     
  0.19956883969687825       0.42629396396987640     
           6
 -0.27707454904600681       0.89169743346606256     
 -0.32313540865789114       0.89789252482213155     
 -0.31452280279534833       0.88688734340112541     
 -0.32051976929153314       0.87682199830272134     
 -0.27889803041253558       0.86213706326062711     
 -0.27774029561926838       0.87603494702889839     
          12
  0.59790473576570091       0.39661876886192782     
  0.60095239330732853       0.40653995679989635     
  0.58097824205767412       0.40013531659847434     
  0.57563315489274136       0.39175474443299413     
  0.57330543053597804       0.37708207660772453     
  0.57316141806721799       0.36664376659009096     
  0.58211958246539675       0.35758178546846353     
  0.58952098522937235       0.36516526063108690     
  0.58938040118560930       0.35757623380216508     
  0.59833269372371334       0.35937041187800078     
  0.62037910996665224       0.35917814541138299     
  0.61414239176181562       0.37275275754894616     
           9
  0.47225790848178906       0.41538082326484943     
  0.46159863473873236       0.42501553979428591     
  0.44946259391281373       0.42645774357348054     
  0.42946825578969250       0.40940585543798091     
  0.43056587906021848       0.39890997976204545     
  0.42407962278128636       0.38118961659626532     
  0.46869394426554895       0.38190976157729961     
  0.46338902292818834       0.39132918457082938     
  0.46299865294963855       0.40305164353736694     
           8
  0.25557644513229633      -0.87547038963760038     
  0.23241879825051856      -0.87439226378075463     
  0.21086355676093699      -0.88963653394003106     
  0.20920311368349778      -0.91762516627247281     
  0.21890181448883705      -0.91379380457106207     
  0.22711790897254280      -0.90675053018015850     
  0.23052628926279869      -0.91388249286548107     
  0.25231920839398592      -0.90236476904890173     
           5
 -0.42281336153336035      -0.52589619188243819     
 -0.46785060829157049      -0.51432817027576871     
 -0.46028452043656531      -0.53226741277027168     
 -0.46625684764673392      -0.56639832369119447     
 -0.45178066379664239      -0.56353633944017978     
           5
 -0.59230337997244242       -3.9848975702968623E-002
 -0.60628761090188998       -4.5068838994497575E-002
 -0.61349757331653421       -6.6677451435576143E-002
 -0.60958757897130755       -7.8109375741191464E-002
 -0.57249776521902707       -7.2652185200131031E-002
          10
  0.77536525577626070      -0.73495400348934325     
  0.78110461490200056      -0.72748753022893387     
  0.77321581599769629      -0.71089957532958092     
  0.75198074606930421      -0.71270147881354828     
  0.72870189434028954      -0.72213975819557263     
  0.73999611507086271      -0.74081032426990345     
  0.72657867086712824      -0.75041818675893734     
  0.75687648575044497      -0.75270503075661321     
  0.77025409697102198      -0.75530304735024689     
  0.76881429768028275      -0.74467269100240485     
          10
  0.77295754467824995      -0.47688062414241233     
  0.76567128483579849      -0.46628596804884836     
  0.77046567920790332      -0.45688794536984823     
  0.73916675361522832      -0.46518628226518588     
  0.72327872009578331      -0.48061892517254623     
  0.73077416599592859      -0.48084787678134017     
  0.72898781313053829      -0.48888434145980031     
  0.74747848182332055      -0.49399467422426846     
  0.74978513348137843      -0.50485731911832177     
  0.76550661326258795      -0.49530831214258875     
          11
 -0.93004964324410011      -0.42922741356418032     
 -0.92139930840869055      -0.40861656112217037     
 -0.92653888274097951      -0.41359506648207017     
 -0.93305684177451220      -0.41642106884907315     
 -0.93649781538859667      -0.40936254237935282     
 -0.94538161272904631      -0.41017530395855273     
 -0.96343024172207292      -0.42473051764679493     
 -0.96304395601229620      -0.45032502614588116     
 -0.94319149148187298      -0.46253561379101804     
 -0.93470468185760047      -0.45168019807360749     
 -0.92190443005716893      -0.46326872358486043     
           7
 -0.94591266994743561      -0.51089864495374326     
 -0.96095556219640521      -0.50805619089074372     
 -0.97447004080013666      -0.50535354201557692     
 -0.96911480506872327      -0.54549503595740712     
 -0.95775774264953339      -0.54865820045797864     
 -0.93413088736847527      -0.55095558575303916     
 -0.93237644515154183      -0.53151883231704833     
          12
  0.62977346748660534      -0.84635728742034722     
  0.63188589695568009      -0.83517691832800134     
  0.62716073845569698      -0.83114500873588393     
  0.59914482718974127      -0.81748308372924638     
  0.60540772377357144      -0.82925572601800179     
  0.59688572433297260      -0.82905157162416010     
  0.59431569013505969      -0.86307881510426709     
  0.60165480901174795      -0.86162777457367046     
  0.61015041937391190      -0.86717512432640931     
  0.61492504365496981      -0.86141948745094932     
  0.63435425779514254      -0.86680613821145824     
  0.63806377796003499      -0.85172775569350301     
