   1.0000000000000000
   50.000000000000000     
          46
          10
   10.000000000000000     
   3.0000000000000000     
   6.0000000000000000     
   4.0000000000000000     
   6.0000000000000000     
   5.0000000000000000     
   4.0000000000000000     
   7.0000000000000000     
   4.0000000000000000     
   4.0000000000000000     
   6.0000000000000000     
   5.0000000000000000     
   1.0000000000000000     
   6.0000000000000000     
   8.0000000000000000     
   10.000000000000000     
   8.0000000000000000     
   1.0000000000000000     
   10.000000000000000     
   4.0000000000000000     
   4.0000000000000000     
   8.0000000000000000     
   2.0000000000000000     
   5.0000000000000000     
   9.0000000000000000     
   3.0000000000000000     
   5.0000000000000000     
   8.0000000000000000     
   7.0000000000000000     
   3.0000000000000000     
   2.0000000000000000     
   8.0000000000000000     
   3.0000000000000000     
   1.0000000000000000     
   2.0000000000000000     
   2.0000000000000000     
   3.0000000000000000     
   5.0000000000000000     
   9.0000000000000000     
   8.0000000000000000     
   6.0000000000000000     
   10.000000000000000     
   5.0000000000000000     
   10.000000000000000     
   10.000000000000000     
   7.0000000000000000     
           1
   0.0000000000000000        0.0000000000000000     
           4
 -0.55920551299197296       -4.0549226049789069E-002
 -0.57633925701132482       -4.4325780577562875E-002
 -0.54312983061141629       -4.5378275372470828E-002
 -0.52993179008948121       -4.6337972620753572E-002
           6
 -0.26065460983774663       0.60582464673646874     
 -0.26611174442256930       0.61916741942000297     
 -0.26769376663141026       0.58932391082830637     
 -0.25809672645979487       0.59069065296173306     
 -0.25460247634643246       0.58185169534461889     
 -0.24261982520972869       0.58399933543516969     
           6
  -6.0023464399078713E-002   9.8642277244636617E-002
  -5.9545611309854363E-002  0.11108262938153021     
 -0.10491339792802332       0.11921767692750575     
  -9.8934409283435498E-002   9.1708690700637363E-002
  -8.8401771593127412E-002   8.6442243613057274E-002
  -6.7922967187941316E-002   7.6642289983906847E-002
           7
 -0.70001326665916253      -0.95182506961408087     
 -0.71113269321960892      -0.95116853834097415     
 -0.72648808967046552      -0.94536173399014944     
 -0.72373645127544561      -0.97288023348848518     
 -0.70811742167021918      -0.99136370219003078     
 -0.69835608192592991      -0.98668520134145687     
 -0.68592424573304611      -0.99424231395335072     
           6
 -0.85857983982023711       0.87511662343849550     
 -0.86456903453555567       0.88431835440533169     
 -0.86151679456198782       0.85254679366898456     
 -0.86438607930503453       0.84364801169741843     
 -0.84639292409024502       0.83721263798832157     
 -0.84551112017845964       0.84582735054724989     
           9
 -0.77554121760575123       0.40434209135414217     
 -0.80051481211175979       0.41070934783334451     
 -0.81381027078442247       0.40877472459625364     
 -0.81320643613650634       0.39342067649844181     
 -0.81326774246157529       0.38455310781056279     
 -0.82389879351330753       0.37019872823679617     
 -0.80325847250549842       0.36801254751558893     
 -0.78679990285923673       0.36287040139729648     
 -0.79001473211006723       0.36899974655667833     
           3
  0.63246752485197688       0.69248570780788499     
  0.63120256358528204       0.67964470278602729     
  0.67580682811991899       0.65891734848129191     
           3
  0.56782198735376610      -0.13651834832620399     
  0.54971325051303610      -0.18287386381790394     
  0.57438925604345248      -0.18543063301842794     
          10
 -0.85819977679156800      -0.94283855504833436     
 -0.85893427884133144      -0.92736968079424476     
 -0.87948040176774156      -0.92533349295681311     
 -0.89697630710744802      -0.93798373004450586     
 -0.89586199632371966      -0.95443119221277661     
 -0.90228423348470432      -0.97066820465935622     
 -0.88867231388842749      -0.96181558931900346     
 -0.87325576468470989      -0.96133591308008159     
 -0.85678499864145974      -0.96579478236320604     
 -0.85484229082773333      -0.95187994109928287     
           5
  0.31771955255139789       0.61371638715223675     
  0.27445268420655916       0.58781370314525139     
  0.28602394888594213       0.57096705308097706     
  0.32099292304268873       0.56998183366342059     
  0.31457545934449932       0.58289701858062104     
           9
  0.22154588587255311       -2.1882785959338694E-002
  0.22003011517084872       -1.0820442690406665E-002
  0.20458285269095941       -1.6744233173845647E-002
  0.18660726159879804       -2.1561001476662151E-002
  0.18204203184816706       -3.4138880700869588E-002
  0.20296405827456038       -5.1713532146395735E-002
  0.21800072939065684       -5.1420894893425190E-002
  0.22730562028219767       -5.6969486591844573E-002
  0.22247468918267080       -4.0555455026418094E-002
          10
  0.93746623247454042       -2.0782402271551700E-002
  0.91179347324769833       -1.7936486261996211E-002
  0.90327574131211086       -1.1133807717096107E-002
  0.90274628955454972       -2.2511317355627114E-002
  0.89867073835747635       -2.8199832743048589E-002
  0.90287307743273848       -3.6753905804225995E-002
  0.89762102291747670       -4.9757048947823408E-002
  0.90009736099898408       -5.6387260456756974E-002
  0.90789904697251489       -4.3981949682778812E-002
  0.94102058799590604       -4.0937604324374668E-002
           3
  0.77953987737306307      -0.55030150167622316     
  0.74180121220252815      -0.56983118721597470     
  0.76104635526920894      -0.57716817115653141     
           6
  -9.0978404173800764E-002 -0.85172381704024125     
 -0.10730298524381358      -0.84195291074869938     
 -0.12218309514261887      -0.86684154452853279     
 -0.12903676953083151      -0.88153839409781087     
 -0.11571052332887134      -0.87291168433149324     
 -0.10581001962254873      -0.87877249810372338     
           9
  -5.2844421266142819E-002 -0.69475282493153423     
  -6.2316099447908897E-002 -0.68325166899749512     
  -7.3770222305708566E-002 -0.68954270523769678     
  -8.4618930484232802E-002 -0.68463220251930035     
  -9.1553844118530375E-002 -0.68568148143083418     
  -9.2299715958175890E-002 -0.70807849021338010     
  -8.9699330823579060E-002 -0.72394094577680146     
  -8.1524890519788284E-002 -0.72892680231295626     
  -5.3733188584689243E-002 -0.71825073124858640     
           3
 -0.31715310546213693      -0.48471522693706637     
 -0.34607599114541360      -0.50715079014489173     
 -0.33327275128234635      -0.50372422213620416     
           9
 -0.11235713278981760      -0.72611958252901221     
 -0.14083728865830519      -0.71352696498691015     
 -0.14859600737801693      -0.71883712654498211     
 -0.16034501225448727      -0.72689724236487874     
 -0.15239597732694563      -0.74069226155954127     
 -0.15981770296836179      -0.75152825014432478     
 -0.15376745631984906      -0.75613797666327354     
 -0.14588753956480213      -0.75686810871917998     
 -0.11920467071134917      -0.73983162026427518     
           5
 -0.55813666871798417       0.97961416409231750     
 -0.55916315941181594       0.99086751387104033     
 -0.58599231291654919       0.96684369953993521     
 -0.57541165771338132       0.95140132168847535     
 -0.56101042617726149       0.94661783227143415     
           5
  0.28971926693391625       0.40622344819155809     
  0.27118133492030155       0.39909030292341324     
  0.27656781948731518       0.37306669318219360     
  0.29177132952833779       0.36827459061661827     
  0.30310368061340548       0.37096311604285165     
          10
  0.48588957519920228      -0.34234214435749033     
  0.47709549358361869      -0.33228788031315343     
  0.47211812269087072      -0.32546864522391467     
  0.45781047404353259      -0.33117469100848951     
  0.44429058356202950      -0.32555572946581063     
  0.44296962181037269      -0.36023983217151229     
  0.45415904661647610      -0.35916986094496739     
  0.44348248118135919      -0.37235360450559174     
  0.46009936572203414      -0.37261769576036374     
  0.48624635587929588      -0.37282549082578148     
           5
  0.58223871176928244       0.25011885778237380     
  0.54241673704273174       0.25412426467727339     
  0.54035503115062933       0.23214900180471632     
  0.54277020656141739       0.21906562026249882     
  0.57979412353472837       0.22853943682488126     
           9
 -0.50274957848958268      -0.24331166292003445     
 -0.52066440705022643      -0.24840040075329353     
 -0.54677744105329229      -0.23932083232756096     
 -0.55250942213231535      -0.24853782231174157     
 -0.55016753622152426      -0.26758842620838946     
 -0.54240920788964286      -0.26883951291464270     
 -0.52550409709318202      -0.27704714771917027     
 -0.50951068938786792      -0.28563108423639227     
 -0.50461724207970149      -0.27284303394187798     
           9
  -1.6650188712884772E-002  0.90140713706251230     
  -2.1970488748034842E-002  0.91613555341458319     
  -3.1330834000170595E-002  0.90901975966538584     
  -4.2364520271756731E-002  0.92060235436808258     
  -4.5794974392224519E-002  0.87800194414488519     
  -3.4204410036371855E-002  0.87907260548312038     
  -2.1465301542024535E-002  0.87722648800003977     
  -1.1841152105977779E-002  0.87454011089606476     
  -1.8137225048435426E-002  0.88465405390428420     
           4
 -0.30529404851620429       0.91621163412043094     
 -0.34572116250524743       0.91364443192762823     
 -0.34843369188357642       0.88341268922679184     
 -0.35123333987143973       0.87016483936560740     
           3
 -0.26851584928516747      -0.20520796947653533     
 -0.30687163798717926      -0.22842830557486365     
 -0.26881259885795128      -0.23836503103571979     
           6
  0.80351791521516225      -0.44659736664612221     
  0.78250429874733107      -0.43611478652692570     
  0.75489845152980051      -0.43872952149429340     
  0.76436420090152901      -0.44772540405485256     
  0.75896660911814651      -0.45515460431273030     
  0.77186594184921431      -0.47110774261193877     
           7
  0.12441325864448262       0.54498550085771902     
  0.10907026693698914       0.55497725956262789     
   7.4091499287658041E-002  0.54458942462433446     
   7.7737674459582656E-002  0.53538533439642744     
   7.5725290837619377E-002  0.52516319635476427     
  0.10332730122347115       0.51436769313328745     
  0.11792759414001049       0.53530835500127016     
           4
 -0.37275774989213001       0.94375510508473581     
 -0.40512262808934674       0.94017031175154908     
 -0.39333383799803734       0.90184504764856399     
 -0.36648359054070995       0.92286718036959470     
           8
 -0.43041201493763515       0.60679377639127507     
 -0.45136862036923575       0.60502839752838433     
 -0.47460761728650297       0.60072858888174829     
 -0.47868772615565736       0.56951467066583517     
 -0.46755323401177806       0.56668844096273419     
 -0.45613293207330147       0.56638059635090388     
 -0.43418230397143531       0.57303186356802860     
 -0.43615700365639692       0.58325895266636607     
           9
  0.23126408086798958       0.63978069876956134     
  0.23470814095807602       0.65567968118652242     
  0.20903546785249222       0.65997303718420530     
  0.19345383342475436       0.64297716005178529     
  0.19330753526425715       0.63576278476568271     
  0.19037430818639300       0.62476841010147455     
  0.19769827873152335       0.62704703420425389     
  0.23610403750392614       0.62183268212981568     
  0.23512924927107715       0.63376763241160861     
           7
  0.45221453260059613      -0.78670443170223470     
  0.45278349774757204      -0.77520548005381240     
  0.42523184113668461      -0.78639574224109843     
  0.41430143456518470      -0.77555455065750045     
  0.40797956586802547      -0.79038672221982520     
  0.40754149808877549      -0.79813546350279019     
  0.42541213690659818      -0.82068824754209102     
           9
  -5.3130111426284828E-002 -0.91296443515945913     
  -6.3076467365335981E-002 -0.91161121929602762     
  -8.1121542306420213E-002 -0.90950902418763757     
  -9.4347674198591358E-002 -0.92100245996092611     
  -8.7999766771095500E-002 -0.92821587416613216     
  -9.4828840613552456E-002 -0.93805448591807261     
  -8.1822973816783010E-002 -0.95112829627519013     
  -5.8325099417634335E-002 -0.93728295581806254     
  -4.9870245609269059E-002 -0.92829509000264809     
           8
 -0.21785340894702748       0.37274672639615225     
 -0.21260159039117013       0.38178409982911421     
 -0.23946583244594291       0.38093172703086220     
 -0.25154272269115707       0.37824453716197159     
 -0.25714998884328388       0.37102025819278744     
 -0.25072453748757723       0.33912745765669478     
 -0.23622291910272916       0.33605780418351144     
 -0.21497322735561236       0.36048727154608562     
          10
 -0.49781500100619458       0.86147771670155748     
 -0.52691921727016267       0.85594259404923179     
 -0.52399311221344003       0.84938794306334664     
 -0.54087706671988112       0.85564160136933853     
 -0.54836537686587583       0.84937846475411338     
 -0.53751993420758448       0.84065975531740700     
 -0.51666220708755395       0.81498989041652059     
 -0.49961016410118314       0.82465276323819436     
 -0.50462405250042452       0.83062696873996689     
 -0.49776467950589126       0.83894951106526405     
          10
  0.17630105626892861       0.80387180734240837     
  0.18039189566610916       0.81113214274470469     
  0.15588110695565946       0.83241684591089160     
  0.14426234629530077       0.81712942127557631     
  0.15053371523233039       0.80041839373685897     
  0.14436398762228600       0.78885188144779561     
  0.15412226576892402       0.79314950240992999     
  0.16397734758718741       0.79001389358589524     
  0.18472106680992120       0.78907818863563006     
  0.18581250891524131       0.79687998315857345     
           7
 -0.53264973600825505       0.38390464379247663     
 -0.56341602570092075       0.38214074002667525     
 -0.56209777366511005       0.37128264850776183     
 -0.56195267796762760       0.35828722790329831     
 -0.54830833891437103       0.35018434649270025     
 -0.53308061231757209       0.34379676216193961     
 -0.52540389882606198       0.34988063294234339     
           5
 -0.88450495698029841      -0.56895445263693578     
 -0.89100298191885330      -0.58207184677238433     
 -0.89854049470230846      -0.59807744178926270     
 -0.89223237634263253      -0.61004562495889847     
 -0.86958031166444716      -0.61276533396281174     
           8
 -0.75776646245131030       0.69385694011399879     
 -0.77090050196371274       0.69789837599546767     
 -0.77432884419875381       0.69079242413895448     
 -0.78766096208198533       0.68563115091968252     
 -0.78013175318588734       0.66422409479902733     
 -0.78457555890720454       0.64940420275818633     
 -0.74890385433363871       0.66079358440601133     
 -0.73935845083692475       0.66258439270501202     
           5
  0.31992288188835843       0.54849322996557925     
  0.32276799214922891       0.55969462469901587     
  0.28093680839535545       0.55575791383736406     
  0.28117474747090870       0.51984400151351529     
  0.29272352396563933       0.53364156669611951     
           8
 -0.45090075356271425      -0.94036614188851464     
 -0.44939579128108814      -0.92878403406465759     
 -0.46408916365402197      -0.93077397259827344     
 -0.47565830213011090      -0.92926761560891258     
 -0.47827834367488448      -0.93731809486195306     
 -0.47742562439375735      -0.95785024324068879     
 -0.44761485117969058      -0.97777875837300399     
 -0.44004017025921399      -0.94999298648470187     
           6
 -0.63276666214532684      -0.38922409506943156     
 -0.64150964493360219      -0.38863350168984312     
 -0.67005408374517561      -0.38386108000800839     
 -0.67542279260858518      -0.41660896265387398     
 -0.63621985627366773      -0.40541268291907057     
 -0.62733107233564767      -0.40714216072862824     
           6
  0.35928707277796446       0.69740901496681840     
  0.34872043122309199       0.69300182053164694     
  0.35941700102585838       0.68487122831592018     
  0.34873446934495123       0.67356357543302536     
  0.37995065806067146       0.67762236775669504     
  0.39708400458082710       0.67471815329204377     
           9
 -0.78973044834701911        6.8664972054616968E-002
 -0.79753428680497906        7.1158247316921885E-002
 -0.82216749646787501        7.7929676212654717E-002
 -0.82107417108732828        6.6308285631208760E-002
 -0.81931678466250524        3.0050053833448356E-002
 -0.80524325122123031        3.3787002785671705E-002
 -0.78522832062461156        4.2194899673629931E-002
 -0.79263377172659366        4.9508136170726864E-002
 -0.78374772858988884        5.2789402490156824E-002
           5
  0.43021016606263424      -0.39321420612927988     
  0.41883252651680891      -0.39093501394965591     
  0.40470065934901422      -0.40465445961151353     
  0.39470743877082698      -0.42482435614862740     
  0.42251015894697663      -0.43326627509578197     
           6
 -0.42848637683938290       0.29116835192125062     
 -0.44251959742148983       0.30098953312056748     
 -0.46330082265437272       0.28446642754259127     
 -0.46261833506190975       0.26307223067434249     
 -0.43591511190927640       0.26467568259214419     
 -0.42451556654972683       0.27303975881479753     
          10
  0.11445075873128535        9.9952579579222947E-002
  0.10346241200812954       0.10742608719097466     
   9.3224349073157173E-002  0.10929743898760158     
   7.0046169485358106E-002  0.10564664996618305     
   7.2421741318437621E-002   9.0926031762050358E-002
   7.5751549655590347E-002   7.6385300602665865E-002
  0.10826765854237284        6.7934701603055703E-002
  0.11412083068806803        7.0994275654417557E-002
  0.11048983545224403        7.9950592738968249E-002
  0.11310390751662608        8.9822798726522102E-002
