   1.0000000000000000
   50.000000000000000     
          36
          12
   1.0000000000000000     
   1.0000000000000000     
   9.0000000000000000     
   10.000000000000000     
   9.0000000000000000     
   9.0000000000000000     
   6.0000000000000000     
   5.0000000000000000     
   6.0000000000000000     
   2.0000000000000000     
   10.000000000000000     
   2.0000000000000000     
   10.000000000000000     
   9.0000000000000000     
   10.000000000000000     
   3.0000000000000000     
   1.0000000000000000     
   2.0000000000000000     
   8.0000000000000000     
   2.0000000000000000     
   2.0000000000000000     
   5.0000000000000000     
   2.0000000000000000     
   6.0000000000000000     
   9.0000000000000000     
   8.0000000000000000     
   8.0000000000000000     
   9.0000000000000000     
   9.0000000000000000     
   9.0000000000000000     
   4.0000000000000000     
   5.0000000000000000     
   4.0000000000000000     
   2.0000000000000000     
   1.0000000000000000     
   8.0000000000000000     
           1
   0.0000000000000000        0.0000000000000000     
           3
  0.38675073363201368       0.31346972183632538     
  0.37962068222993423       0.33661164516042191     
  0.38864541118976653       0.28758058787129942     
           4
  0.27693856617718515       -4.8760117762644002E-002
  0.25095770317830829       -5.9116118234629089E-002
  0.23103059784878677       -5.3084362281260025E-002
  0.24387937224223272       -9.0468753134783073E-002
          11
  0.42724497573126186      -0.43363974293495167     
  0.43206949488163748      -0.40792414589334991     
  0.40513716991781129      -0.41689894081257800     
  0.38668738085992793      -0.40767417312691040     
  0.38030458695198699      -0.41161140935268481     
  0.38044711612565274      -0.44099471722370032     
  0.37608683150227773      -0.45854925005544611     
  0.39488406423661510      -0.45952586417058006     
  0.40221837366435959      -0.45606973706328346     
  0.41365717002521302      -0.46185886705136425     
  0.42244559270763060      -0.44103764606354351     
          12
 -0.85376865630702103       0.84026665162887382     
 -0.86287221586141560       0.83456249784306769     
 -0.87920634591857316       0.83689152220578622     
 -0.89767699467281625       0.84193753455448095     
 -0.88672363289900491       0.81808809262098936     
 -0.89150254815532470       0.80828179331384686     
 -0.89592751526693915       0.80057419168504962     
 -0.88583545362960525       0.79234510711076633     
 -0.87527225047529389       0.79289281349171536     
 -0.85002327515756404       0.79997328597671913     
 -0.84443722869848159       0.80750238933028928     
 -0.84984038248071736       0.81389408019969145     
           8
 -0.86439711340701986      -0.56204776590504979     
 -0.87264173069030937      -0.56526589346594258     
 -0.90002645514983060      -0.55669546213424259     
 -0.89318766125764937      -0.56752506807665692     
 -0.91472582019123438      -0.56074362094817021     
 -0.89931438988924806      -0.59790022209034221     
 -0.86199144417066786      -0.60221876530220975     
 -0.86764416018589774      -0.57556256088598912     
           8
  0.56360856354516775      -0.41089986194107136     
  0.55744278697247640      -0.40473343913442922     
  0.52516244456189543      -0.40440058310662291     
  0.52698756251020762      -0.44467753500251911     
  0.53865974277945217      -0.45396514565321672     
  0.54951220879419294      -0.44151880337750254     
  0.55891373234037889      -0.45088117958887303     
  0.57217412192283623      -0.44071728946596667     
           4
  0.73979226119319053       0.65972125862194519     
  0.70989946367979506       0.66167750826545491     
  0.72058354132293945       0.61530178017253323     
  0.73653641544855597       0.61379229996313256     
           3
  0.84325584124189445      -0.78469391595114346     
  0.80416390803590632      -0.77820922167357154     
  0.81221306233408230      -0.82697597868654715     
           8
 -0.91099606779546094      -0.35019578698729353     
 -0.92357251473374979      -0.35460600906566370     
 -0.92722110277009429      -0.36182657134374108     
 -0.94956101295570350      -0.37781714999553623     
 -0.94875840366995878      -0.39835917837123175     
 -0.94103918442858381      -0.39204682603407265     
 -0.93880342786080018      -0.40118870120994482     
 -0.90882418066074577      -0.39356073960141003     
          10
 -0.31347369864618008      -0.81462027950907845     
 -0.33726571036503972      -0.81416495008968404     
 -0.34612474907478974      -0.80939417761773225     
 -0.35958049144088094      -0.81195576915043066     
 -0.35393387207583876      -0.82560831947587754     
 -0.35562903172333638      -0.85278825477032649     
 -0.34558855679929562      -0.86200982620981204     
 -0.33700706940132286      -0.85504831706887996     
 -0.31905842991956379      -0.85778008372119408     
 -0.30780448655292292      -0.85270203500390507     
          11
  0.51571937147708724      -0.81233981953516921     
  0.49105760548257982      -0.82288279599966785     
  0.49475802184741563      -0.81060892022241837     
  0.47927500870780004      -0.82184453317662121     
  0.46383786446735953      -0.81271690735585755     
  0.47207400325369858      -0.83652682424763281     
  0.47036614707301422      -0.84615728522440936     
  0.47091175704489457      -0.85595976444659660     
  0.47925582819270668      -0.85553631586626266     
  0.51079435658906447      -0.85277149920144490     
  0.51985742496357012      -0.83478228304560198     
           6
 -0.66535495180568183       0.75735497659286843     
 -0.68513521166074698       0.74881246516493172     
 -0.71210604070966921       0.72778480790453781     
 -0.69568317837838789       0.71566841541858661     
 -0.67994723918559719       0.70544021371244503     
 -0.67492780020709553       0.71627682894213540     
           4
  -7.4734977093647514E-002 -0.67485161430360618     
  -9.5068119734315226E-002 -0.68035577294410843     
 -0.10623546291225221      -0.67332012253832119     
 -0.10660224658542361      -0.71794046645318743     
          10
  0.64075242698704260      -0.89175070548765967     
  0.60924495562058767      -0.89215526264694989     
  0.58769282551064728      -0.88924726893453254     
  0.59198977331903424      -0.89696410146296568     
  0.58817067627866937      -0.94091317636085836     
  0.60695129490997446      -0.93244788565566228     
  0.60988431895679118      -0.94282570080491857     
  0.63386875203002724      -0.94241683344772531     
  0.63426784672861547      -0.93209535432183066     
  0.63353338978560092      -0.92081743961963902     
          11
 -0.77396894231996294      -0.71351955370990405     
 -0.78992422157472375      -0.69469805213097147     
 -0.80633466235226026      -0.70475271344552803     
 -0.81594270298723004      -0.70222143460553732     
 -0.81159764842878812      -0.70969849551873931     
 -0.81211500805377634      -0.74470767815298078     
 -0.79887536554655225      -0.73682972009235059     
 -0.79317319812964504      -0.74064659307382374     
 -0.77133261152008925      -0.74520845709295058     
 -0.77112903535095634      -0.73007036939558878     
 -0.76427904510674460      -0.72592796745389498     
           3
 -0.61027680670271656       0.78153070039199712     
 -0.63010032909383484       0.73869506828270481     
 -0.59300064581947942       0.73478137328677973     
          12
  0.15986932263406481      -0.75811349861001709     
  0.15465841558834512      -0.75379241334386859     
  0.15655256337782406      -0.73085033579219938     
  0.13680357081998837      -0.73349862475652727     
  0.11445994851945113      -0.75414369210708954     
  0.10534656283225222      -0.75179057924413417     
  0.11667513021021500      -0.76267736397296948     
  0.10770845836867421      -0.77711080370328345     
  0.12526593069516759      -0.77239588265316383     
  0.11891717111214063      -0.78166848901888075     
  0.15001316453734051      -0.76877046289840700     
  0.16199477305910265      -0.77364985421257826     
           7
   7.3050342861564976E-002  0.16708274911561247     
   5.5552929723082706E-002  0.19028714372007080     
   2.6493901387218469E-002  0.17579042417089871     
   2.8852993762560352E-002  0.16109249833554623     
   2.9222967283291636E-002  0.14385455639544550     
   5.1706357940237549E-002  0.14645028713131403     
   6.7294977434639691E-002  0.14282607117783783     
           7
 -0.30200586641570420       0.33526937681216235     
 -0.32748720463143499       0.34884750661860231     
 -0.35115743922558085       0.31755000281136075     
 -0.34828278160860060       0.30770305864985809     
 -0.34517799794975546       0.29733769801531607     
 -0.33217875917710554       0.30620197187337239     
 -0.30344716798887711       0.30229010631879411     
           6
 -0.53044032055617196      -0.37934179344653074     
 -0.54045601006786237      -0.35769698491390123     
 -0.56436506965755273      -0.36147430604934594     
 -0.57614175821887836      -0.37660675349571932     
 -0.55944180350220585      -0.40816860336420652     
 -0.54870676018850506      -0.40625468297200684     
           3
  0.48835572153657258      -0.53243102945753806     
  0.48463386322764757      -0.55866949816070899     
  0.52447507820447647      -0.55821133345269902     
           3
 -0.77196341589261097       0.37755839541738284     
 -0.78640158148930206       0.37562725972051964     
 -0.79298551495493541       0.33976903738193848     
           4
  0.53471380334249397       0.23167883234789333     
  0.53932495696956706       0.25093174685600211     
  0.49951942474251637       0.21510826180356601     
  0.52616648127987919       0.22158384559926914     
           8
 -0.34836926470844359       0.42172084390533693     
 -0.36610843325009895       0.42319406016574368     
 -0.37886703153915557       0.41732251127344544     
 -0.39225792424628286       0.40772362690544323     
 -0.37088618140311813       0.37526823913659674     
 -0.34153552941099063       0.38360646326113945     
 -0.34410072667480285       0.39840114239296837     
 -0.35187769353472975       0.40302002230250139     
          12
 -0.63849115896356168       0.92037276783004041     
 -0.65197090901367893       0.91845921914939388     
 -0.65826374152057676       0.92539255093611916     
 -0.66474274395490851       0.92105936477322681     
 -0.68080965488882628       0.91120809546577952     
 -0.67096902027956462       0.89190191355755299     
 -0.67714985143900974       0.87598600437955887     
 -0.66992572916114734       0.87504756412147167     
 -0.66196299131981118       0.87499011632407131     
 -0.64225870429486021       0.87682786375446264     
 -0.63538515088266623       0.87285124169733097     
 -0.63341543068777095       0.89576814534887728     
          12
 -0.74403237606746242       -5.9632884910269246E-002
 -0.75744975390832125       -5.2487196727476405E-002
 -0.77667066232030835       -7.0819388547114254E-002
 -0.78507659150238596       -7.1660334881655186E-002
 -0.78518055198638015       -8.6873382464231111E-002
 -0.78002548800126792      -0.10598835700876423     
 -0.75883042092830499      -0.10561201591803328     
 -0.75213522757572293      -0.10506476123141416     
 -0.73101580364252450      -0.10585207842860686     
 -0.73798200039252582      -0.10008630868077782     
 -0.72901588832288211       -9.5060955224624683E-002
 -0.74201088268514304       -9.0324450573524895E-002
           9
  -8.0119710814213624E-002  0.24953322141704204     
  -9.9393654098239359E-002  0.26360436559679895     
 -0.11402441859762882       0.25782497847877978     
 -0.12460103955502050       0.26270436331367397     
 -0.12531315237510954       0.24537476374619463     
 -0.11426309311801315       0.23013917026901615     
  -8.8602837813040000E-002  0.22139916071773694     
  -8.0372118095066267E-002  0.22198101560405464     
  -8.2349942037357585E-002  0.23606951015854905     
          11
  -9.4428589071540517E-002  0.58183510721064347     
 -0.10070723948951713       0.59618669990687223     
 -0.12440357804233293       0.58804017791006991     
 -0.13421419698400192       0.59220444297574537     
 -0.12780564553019033       0.56716853747356644     
 -0.13726754808795438       0.54323632334050653     
 -0.11816759242693901       0.54944157096990043     
 -0.10001633920409424       0.54567236382502415     
  -8.4843249887592162E-002  0.54417070243613963     
  -8.8624738139145814E-002  0.55496227211876803     
  -9.3354408255254789E-002  0.56452866777860677     
           7
 -0.85721463717262036      -0.83948414966734364     
 -0.85466860563716962      -0.82998706399002742     
 -0.89285041832206247      -0.82688889935627785     
 -0.90061430583375801      -0.83338552131075150     
 -0.89447304421064933      -0.84742951347517148     
 -0.87464265279112763      -0.86235120168070933     
 -0.85405543869015244      -0.85906000002684002     
           4
  0.20292548374107708      -0.26776487958338052     
  0.19134693942950490      -0.30131848144702739     
  0.18555104002182327      -0.31400945119316509     
  0.23448923316690484      -0.30299043579233781     
           4
  0.68934925231161726       0.29260883258843551     
  0.67185803379214215       0.30445613505318120     
  0.64924325662428184       0.28757833746300615     
  0.68370630591699122       0.25252294290429617     
           9
 -0.43269363961022639      -0.95275615389254420     
 -0.42776327477508830      -0.93787796685402613     
 -0.42807488950131384      -0.92129922290335342     
 -0.47852185072679126      -0.94450655775533843     
 -0.47497443961250185      -0.96345074444497381     
 -0.46634578654585768      -0.97206621850081421     
 -0.45683404275439526      -0.97647779305433213     
 -0.44283874364738962      -0.96998527979493432     
 -0.42242656490347225      -0.96402695246660119     
           4
 -0.21108694262226274      -0.12470331803256736     
 -0.22902846008807928      -0.11774188322856893     
 -0.23689297687505290      -0.14119895477009853     
 -0.20608304909624170      -0.14419901505712698     
           3
 -0.61196797379140466       0.19240595874021854     
 -0.61836603069836338       0.16288360561086573     
 -0.56939373934968629       0.16964085987167393     
           6
  0.59161728878530928       0.62190845490843871     
  0.60117559631791773       0.64953832813789292     
  0.54826196007527561       0.62267329181034825     
  0.55722349764090606       0.60854998321312803     
  0.56671790253751186       0.60139873728931037     
  0.59823246758315407       0.60555670675604267     
           6
  0.33390380472694231      -0.27867866294967153     
  0.30398122622483076      -0.25763624858468320     
  0.28993781353898862      -0.26448330479179560     
  0.29291135618836056      -0.28668528955859629     
  0.28734166458057409      -0.30801354166610834     
  0.32482327026480134      -0.30154527950722737     
