   1.0000000000000000
   50.000000000000000     
          34
          12
   7.0000000000000000     
   3.0000000000000000     
   9.0000000000000000     
   7.0000000000000000     
   2.0000000000000000     
   5.0000000000000000     
   7.0000000000000000     
   4.0000000000000000     
   8.0000000000000000     
   7.0000000000000000     
   8.0000000000000000     
   3.0000000000000000     
   1.0000000000000000     
   8.0000000000000000     
   3.0000000000000000     
   5.0000000000000000     
   2.0000000000000000     
   3.0000000000000000     
   10.000000000000000     
   8.0000000000000000     
   7.0000000000000000     
   10.000000000000000     
   9.0000000000000000     
   10.000000000000000     
   3.0000000000000000     
   3.0000000000000000     
   7.0000000000000000     
   8.0000000000000000     
   4.0000000000000000     
   8.0000000000000000     
   4.0000000000000000     
   6.0000000000000000     
   2.0000000000000000     
   3.0000000000000000     
           1
   0.0000000000000000        0.0000000000000000     
           3
  0.58039399965848570      -0.44681453645447539     
  0.55627500375391126      -0.46817770915401136     
  0.57944568656094342      -0.46354028160758676     
           4
 -0.67463345023764454      -0.74184048249749390     
 -0.70655395376430163      -0.76780466654087920     
 -0.70283252153878584      -0.77921499467463551     
 -0.66544285599137509      -0.79794848585076084     
           8
  0.77281095857906690      -0.86751647864503845     
  0.74287783805548213      -0.87930966700839508     
  0.73814772446861354      -0.88928400042465161     
  0.72528843672266274      -0.88592754474789981     
  0.73471490627059544      -0.89866362180036763     
  0.74195646391707804      -0.91854314638241574     
  0.76111114858549800      -0.92232992989462703     
  0.77427133703314277      -0.91820075953370806     
           7
  0.88116630063846180      -0.25072748709868919     
  0.85763970950790769      -0.23682199983265467     
  0.85810768912116353      -0.27286602990542125     
  0.86873978045165090      -0.28113552945141895     
  0.85894067969770038      -0.29328261347000256     
  0.91350414314851092      -0.28020046345314403     
  0.91317953825863052      -0.27022041244111583     
           5
  -1.3925981907103171E-002 -0.79129427910176287     
  -6.9065298685742044E-002 -0.79910034316163969     
  -6.8275917471467246E-002 -0.83955324758263572     
  -5.6278891536331525E-002 -0.83918393375347633     
  -4.4797973695228498E-002 -0.83935088302964667     
           6
  0.26256730516808002       0.21628498370209093     
  0.23751929092499180       0.20543881805787359     
  0.22998276537397608       0.19872753337125304     
  0.23322223047689294       0.16649972345044003     
  0.25131324475261102       0.16766926941323113     
  0.27033850486005495       0.18677143418124259     
           5
  0.58071244058962790       0.32250550669273331     
  0.58110907390178557       0.33493009775774563     
  0.55031113642781693       0.34332730072390089     
  0.55312232321255372       0.30149695653060704     
  0.56471611295120694       0.29728470756136077     
           6
 -0.28915701098397339       0.26664031051359666     
 -0.28976281462417486       0.24381231687186564     
 -0.28651877927892683       0.22898771725366879     
 -0.29055626316960276       0.21590558660189221     
 -0.27891301396042645       0.21123472291768769     
 -0.25258943009690993       0.21398372607283961     
          11
 -0.79466266941907338        2.3243974703793725E-002
 -0.79598391045101757        3.6056807084382872E-002
 -0.80876265356494170        2.6723284424547938E-002
 -0.82549951682021194        3.1179409849355976E-002
 -0.84264989852185823        3.6466756186519983E-002
 -0.84770844666487610        3.1516125357173443E-002
 -0.84755347377896051        2.2155906438005933E-002
 -0.81886001279347753       -7.9103671717672269E-003
 -0.81856385294048650       -2.0695332729149300E-002
 -0.80674715486969495       -2.1244954531947285E-002
 -0.79342610657888912        1.3057234777657190E-002
           5
  0.68518229354231697       0.25751541362121855     
  0.67387710767832554       0.24076707436941081     
  0.66578547112604947       0.23149504292682371     
  0.66615530562693348       0.20937398081357281     
  0.67497144987102475       0.21663201443775670     
           5
  -3.2683593637266778E-002 -0.40016326310147610     
  -5.3145977861453718E-002 -0.39360746732487606     
  -6.2569364488341467E-002 -0.38846558882746557     
  -4.3650951856784866E-002 -0.44229222714944860     
  -2.3322387596879553E-002 -0.44042376544654499     
          11
  -2.7120575553291410E-002  0.52329414059984625     
  -3.1965908749587067E-002  0.53731596591944752     
  -3.9883381038792229E-002  0.54418892862394108     
  -5.2855567101797896E-002  0.55114665137916241     
  -6.5830424439535212E-002  0.51320825971932227     
  -7.5930370981340214E-002  0.49449848656358464     
  -5.3777602917387556E-002  0.50079236354843670     
  -4.2240447467445090E-002  0.49526926512685943     
  -3.0466031116562164E-002  0.49699700750175213     
  -2.6365186116326201E-002  0.50562996050515485     
  -1.9019353672756444E-002  0.51544022641841325     
           9
 -0.39951833511851947       0.41195354832630027     
 -0.40714274256512256       0.41343255842367022     
 -0.41864165300181566       0.40824221640190095     
 -0.44060484759203139       0.38003167444345182     
 -0.45062622617871662       0.37481876673432779     
 -0.43770387723299625       0.36197254956109032     
 -0.42140114151890623       0.36842370401493085     
 -0.39920992671287919       0.36739459691843540     
 -0.39811319293256031       0.38345495011004221     
           4
 -0.65862329249393003        4.6090940913717189E-002
 -0.70616593212534517        4.6013545541973330E-002
 -0.67705918734295045        1.1172297473152498E-002
 -0.65464508365286023        1.3478953744081035E-002
           5
  0.38548677702150502      -0.51386537765670526     
  0.39614439141933222      -0.50903065232032374     
  0.34221816669725735      -0.50563494871272896     
  0.34015949369014647      -0.52979999113045650     
  0.38544682146290343      -0.53190107294774236     
          12
 -0.11729002693965294       0.60838522082404600     
 -0.11986991583013792       0.61665500495375503     
 -0.13239749513152216       0.61060314811537419     
 -0.14528121143038153       0.61925088295611685     
 -0.16532434597387022       0.60248260796106834     
 -0.15198109890868367       0.59401763038952815     
 -0.15347756778932781       0.57280978495690715     
 -0.13650019168257124       0.57085118059575723     
 -0.12600857053448347       0.57805342773451762     
 -0.11153084559506964       0.56651641154717869     
 -0.11232547391661821       0.57819003657490708     
 -0.11792777923036166       0.58327593111838716     
          12
  0.65471884330768804       0.92954850339338535     
  0.65751917867510867       0.94297379859556041     
  0.65169720594167602       0.93945822894844211     
  0.63375881257967870       0.94880771994418744     
  0.62253943751576113       0.94846903616944156     
  0.61481248891719931       0.94939562944640832     
  0.61723580550432255       0.92360465521653390     
  0.60910196942307837       0.91799137109089957     
  0.61389480935978535       0.91284812021779649     
  0.65249333276092958       0.89356100229094815     
  0.66165537233628136       0.89221431783747973     
  0.65706526937075349       0.91845324757726665     
           6
  0.23361243390476455       0.46230820673926737     
  0.22301484528544158       0.45637624725651399     
  0.20564185137142432       0.46297785135575931     
  0.20369263094168102       0.43670784749256553     
  0.21751616833468573       0.42087846182691258     
  0.22421031351290449       0.40900972944897435     
          10
  0.59187688332273181      -0.14258239658162170     
  0.57384909518195260      -0.15046963865002658     
  0.56351713741927045      -0.14760773233654931     
  0.55412170586503451      -0.14789576823335787     
  0.55634450828807691      -0.15742370242834414     
  0.55544248960440101      -0.16839431696938370     
  0.55834048285873172      -0.17708078806017574     
  0.55458564038931701      -0.19251675612384922     
  0.58244670057566594      -0.19225405736192946     
  0.59379361559078492      -0.18707010578953606     
           5
  0.35229840125216411       0.95541349406768650     
  0.33062754664186905       0.96903508497215685     
  0.30815438302056858       0.92464980576063083     
  0.33755252323718005       0.91576571091022396     
  0.35112637166228533       0.92144237329734802     
           4
 -0.25463626351144580      -0.42478088405195397     
 -0.24795819608185043      -0.40982407475903204     
 -0.28654238724752845      -0.44669933813780704     
 -0.25879508026360898      -0.45720343078596609     
           8
 -0.85591212921218840       0.24976703915007933     
 -0.88190659199973642       0.25353267200913765     
 -0.89993342923199915       0.26162734937723769     
 -0.89366672895416255       0.25416333565627330     
 -0.89774633859284425       0.24597998895302536     
 -0.89751736226760881       0.23280967099065480     
 -0.85688229965005236       0.22213809055106098     
 -0.85273911657751933       0.22944079396939399     
           9
 -0.59849809397998099       0.64872993208412755     
 -0.60764958450993900       0.64914786480093178     
 -0.63164022159698985       0.64639264617375147     
 -0.64889780474055692       0.63221093485329560     
 -0.65398181572550984       0.61516828752062525     
 -0.64641407994222566       0.61175027293183204     
 -0.63701953533640709       0.59713136677953860     
 -0.62757095830662279       0.59950262186540715     
 -0.60187541475792028       0.62155380906415014     
           7
  0.47707956204221436      -0.20348189503813874     
  0.46238880830984458      -0.20778864865033844     
  0.42887889133825541      -0.21304095107762663     
  0.44273784752145784      -0.22767525545781819     
  0.43707425706260283      -0.24265830133835622     
  0.45517156023167421      -0.25460902989953454     
  0.46636339350145284      -0.24189445976239851     
           7
  -5.3440675723371057E-003 -0.70867988075729460     
  -9.5390172712556086E-003 -0.69489148548279556     
  -4.6280606753795618E-002 -0.71517244248693668     
  -5.2081824490363797E-002 -0.72631189517423911     
  -4.1237463865434129E-002 -0.73150251644049002     
  -1.5699541875561714E-002 -0.74460735599823435     
  -5.1583235712182630E-003 -0.73554963946668817     
           6
 -0.87084590206324441      -0.65225553398840286     
 -0.87903987134386874      -0.65857700662998597     
 -0.90611279521406751      -0.66080676003853323     
 -0.87772726697248349      -0.69772848791192277     
 -0.86383189762979007      -0.69445534629523031     
 -0.85058257024376027      -0.67738935241977261     
           6
 -0.13505283450816960       0.46807457605253355     
 -0.16437002693941283       0.47104449077856053     
 -0.17201997745471898       0.45908311308217919     
 -0.17128974630227864       0.43444561287599709     
 -0.16191936154502451       0.42963409979939182     
 -0.14281798803426113       0.42097947790557910     
          11
 -0.61407571439784236      -0.84474421777277930     
 -0.61531941042128824      -0.83562718380976175     
 -0.63691622894826805      -0.82526704431997577     
 -0.65253654169223929      -0.82814388346310330     
 -0.66397799512854760      -0.81819606092701636     
 -0.66108125222222891      -0.84789713105692954     
 -0.66629241566309372      -0.86327241285448264     
 -0.63742059068155488      -0.86601763259824704     
 -0.63119633484564408      -0.87393915108300169     
 -0.62671389551121426      -0.86800629942325891     
 -0.60979267094934009      -0.86316227771330545     
          10
  0.45864560583254471      -0.28846125570397796     
  0.44629478903493974      -0.29410833936698705     
  0.44036025861624362      -0.28829764341872754     
  0.43516379222132423      -0.29429508423853373     
  0.41102831156943276      -0.29567314231023351     
  0.40388605009579248      -0.32977956491625243     
  0.40536969660874500      -0.34585069560589110     
  0.43874544119922565      -0.33809720530901505     
  0.44717592731901346      -0.33703033815625083     
  0.45099749428074842      -0.32892402624692102     
           7
 -0.25803671225637531       0.65563029588353816     
 -0.25674224696359282       0.66806843586645215     
 -0.28614763530905934       0.67395093416348950     
 -0.29572280445227739       0.68266472064294814     
 -0.30765775722178856       0.65619975544226228     
 -0.26885493594086762       0.62483365462516138     
 -0.25692148117110220       0.62612173809986160     
           8
  0.64659698357358275       0.16703322215682623     
  0.63025581655415508       0.16816449701883615     
  0.60256490182308642       0.17591154242279167     
  0.60745854425936674       0.14209917772844105     
  0.59977333692894108       0.13166503388640971     
  0.62396492394974523       0.12548119336381014     
  0.65038460227411365       0.13925078102174906     
  0.65144204291995533       0.14840880118069336     
           3
   6.7164647004852085E-002 -0.44479272730851988     
   2.1372518381743030E-002 -0.43141362172745346     
   7.1705480941605559E-002 -0.46737228786324414     
          10
  0.76742160598076647      -0.61875918707402600     
  0.76628458751844619      -0.59897795997988013     
  0.75208181299201460      -0.60023985223658471     
  0.74158721839092367      -0.59800807144228041     
  0.71674066390886737      -0.60922462916341957     
  0.71630365326662349      -0.64677362886217848     
  0.71816958232111772      -0.65397816000169617     
  0.73044235529337787      -0.65301889265825275     
  0.76067157699375532      -0.65499684071675979     
  0.75933940498167263      -0.64767443385317602     
           3
  -4.4834694676437331E-002 -0.19442587259127778     
  -9.6322653632076691E-002 -0.20320569673892902     
  -5.3919996352241595E-002 -0.21034006669269895     
