   1.0000000000000000
   50.000000000000000     
          56
          10
   6.0000000000000000     
   3.0000000000000000     
   5.0000000000000000     
   1.0000000000000000     
   9.0000000000000000     
   5.0000000000000000     
   1.0000000000000000     
   3.0000000000000000     
   4.0000000000000000     
   3.0000000000000000     
   9.0000000000000000     
   2.0000000000000000     
   5.0000000000000000     
   8.0000000000000000     
   4.0000000000000000     
   3.0000000000000000     
   2.0000000000000000     
   9.0000000000000000     
   3.0000000000000000     
   6.0000000000000000     
   4.0000000000000000     
   3.0000000000000000     
   6.0000000000000000     
   2.0000000000000000     
   9.0000000000000000     
   3.0000000000000000     
   6.0000000000000000     
   1.0000000000000000     
   3.0000000000000000     
   2.0000000000000000     
   9.0000000000000000     
   7.0000000000000000     
   9.0000000000000000     
   5.0000000000000000     
   6.0000000000000000     
   7.0000000000000000     
   5.0000000000000000     
   3.0000000000000000     
   5.0000000000000000     
   3.0000000000000000     
   7.0000000000000000     
   7.0000000000000000     
   8.0000000000000000     
   7.0000000000000000     
   2.0000000000000000     
   2.0000000000000000     
   6.0000000000000000     
   10.000000000000000     
   4.0000000000000000     
   7.0000000000000000     
   4.0000000000000000     
   3.0000000000000000     
   6.0000000000000000     
   3.0000000000000000     
   3.0000000000000000     
   2.0000000000000000     
           1
   0.0000000000000000        0.0000000000000000     
           5
  0.41101159012035943      -0.16923622068495275     
  0.38774015449798194      -0.17955400856840675     
  0.38873069819320660      -0.19624790044803808     
  0.41831392121407596      -0.20270262299120323     
  0.42277381564765587      -0.19039387171755540     
          10
  0.84563429827228143       0.89706054424688175     
  0.84384161547793179       0.90288503396100561     
  0.83796943857374240       0.90163033212121158     
  0.81943602517261560       0.90272352420168300     
  0.80945198890127001       0.90591881033719679     
  0.80387903566707564       0.88799679190945768     
  0.80702900490247231       0.87262008265661595     
  0.81907602096107768       0.86996338276614305     
  0.82596959270780235       0.86383837126242635     
  0.84344391171422894       0.88458258841550652     
           9
 -0.51626708635992669       0.84876433915790994     
 -0.52246729917076906       0.84283974176966225     
 -0.52953497977239850       0.83905053995399193     
 -0.53824812106677644       0.81573342283451489     
 -0.52414945891879572       0.80829386859396046     
 -0.50615548201477178       0.81392843746794163     
 -0.49817653378540661       0.81107002430771735     
 -0.49634454664309274       0.81775964170098037     
 -0.50211181019435580       0.82072547486688596     
           4
 -0.89845044313933875      -0.59743989799904096     
 -0.92824514605492059      -0.62721139063278286     
 -0.89992304683775681      -0.62809362065662322     
 -0.89565065007767741      -0.61926993215172599     
           5
 -0.90023744215326740       0.84074932890290333     
 -0.91725587438699974       0.84407828572505050     
 -0.92750991699110941       0.79950461603929579     
 -0.91874027741292374       0.80027728542437360     
 -0.90267691063917455       0.80814185599775512     
           9
  -7.8440923803274137E-002   7.3841657115566450E-002
  -7.6131844178483857E-002   9.0680773293302888E-002
  -8.9834163259221375E-002   9.3553547681634125E-002
 -0.11219922699333665        8.6887461365545898E-002
 -0.11305444103607928        6.3516575632657335E-002
 -0.11690576126202346        4.9202440893022628E-002
  -9.2791874970220178E-002   5.3541118922820735E-002
  -8.2752496998435246E-002   5.4653693318599594E-002
  -8.4431760491846905E-002   6.8785171458371513E-002
           6
  0.94025821450141411      -0.10544685992382290     
  0.92429550949694284       -8.7965251995577753E-002
  0.91103054387541016       -9.4762673822959151E-002
  0.92113675126263128      -0.12772323762988888     
  0.93923257208463329      -0.12316512198930792     
  0.94399802983002712      -0.11355533712674291     
           6
  0.86891316746039104      -0.66056232570035167     
  0.84714588733765717      -0.66542732697965268     
  0.83529111703391234      -0.67206657077520349     
  0.83750483754016924      -0.68403399191101888     
  0.84810546913120821      -0.69329684597428909     
  0.86993883981835729      -0.68863184707065783     
           6
  -8.4622441265247886E-002  0.54043266329140327     
 -0.10444162232897576       0.54952805587402942     
 -0.12522551610091318       0.54654868972347526     
 -0.12195171764602954       0.52927445019827635     
 -0.12485809115305113       0.51886512680852392     
  -9.5189130912102321E-002  0.51837470907588623     
           5
 -0.85991453385377803       0.42934301015293130     
 -0.88816316871901568       0.41508346968345505     
 -0.87902767413283012       0.40807760182902686     
 -0.88424752210899427       0.39954702310754953     
 -0.85810965135209782       0.39710397685477722     
           9
  0.90898271128860453       0.37769977481471123     
  0.90425989608544532       0.39041812322808594     
  0.88392785060446744       0.38992817347466607     
  0.87929974544926470       0.37425312507781827     
  0.87020749369482364       0.36738518705980283     
  0.87351729783697452       0.35347546924682699     
  0.88993010913311832       0.35549650063587640     
  0.89739129433882137       0.35330387704662825     
  0.90130821772807101       0.35922625895960941     
          10
   1.8474617530224231E-002 -0.56133909446528341     
  -1.7803534549572925E-003 -0.56258613162030513     
  -4.2597195511054863E-003 -0.57138766578209865     
  -3.5744787289611300E-003 -0.58100539745343405     
  -3.3930474758800799E-003 -0.58689665279900027     
  -1.0590218056388823E-002 -0.59134669757418079     
  -1.2620789737687148E-003 -0.60094685948205129     
   1.0386020218119817E-002 -0.59600362233816928     
   2.2254204711788662E-002 -0.59536711317707225     
   2.1257792479572428E-002 -0.58472371263983114     
           5
  0.80234423045030634       0.56960482234303544     
  0.78656460094206526       0.56253896459698260     
  0.76712112786434972       0.54429080164446519     
  0.78335122056577910       0.53056673754615880     
  0.79444510115294487       0.52524987756438446     
           3
  0.86862592409892647      -0.17953666111630803     
  0.87463461019603050      -0.19852220083676606     
  0.89513123323302868      -0.20943756330375826     
          10
 -0.26467238005215893       0.75451862597752795     
 -0.27660387752101678       0.75447405637835596     
 -0.28102662470844364       0.76471600701166809     
 -0.29698515314389928       0.75981120051083761     
 -0.29986105260303153       0.75237814568464767     
 -0.30268261855407785       0.73230826250633263     
 -0.29444519277099029       0.72232763062751537     
 -0.28751518477887339       0.72680353124369712     
 -0.28778821881430727       0.72072998652507392     
 -0.26769195408899554       0.73947920042664605     
           9
  0.61048571616550673        4.6073949698469133E-002
  0.60432981796875251        4.4288992290387574E-002
  0.60352326496983399        5.1817186170632065E-002
  0.57027031095950487        4.0721745688667051E-002
  0.57544252945082530        3.5690656580294959E-002
  0.56826997205512508        2.8295364443585928E-002
  0.59566102398880705        2.5661109836590118E-002
  0.61369880583853487        2.6869322155287517E-002
  0.61263627861903602        3.7302249933929117E-002
           7
  0.69244394563194911        5.7983947901838036E-002
  0.67954312160229113        6.0901608955500258E-002
  0.67232170752115550        6.5610093583083437E-002
  0.66066001110795014        6.3593382454872144E-002
  0.68542723572726405        3.1330155816737912E-002
  0.68460970774267471        3.9565785279597455E-002
  0.68451676711314702        5.1406792683155442E-002
           8
  0.24310385304427287       0.33565672532005764     
  0.22048268952629105       0.32978503075133470     
  0.20861501041137664       0.33764242231657948     
  0.20123082326414590       0.33779327639820700     
  0.20154685083700574       0.32580312563465563     
  0.22088280020346562       0.29595846114138780     
  0.23179537147944052       0.29858233385254229     
  0.23878080599457713       0.30879170810976952     
           3
 -0.39004816583798946      -0.27275193286903482     
 -0.42034444040764585      -0.26118431196190511     
 -0.39679969817511279      -0.28650282094977975     
           6
 -0.94247854495934669      -0.37281002196436458     
 -0.95307144709004699      -0.37251114280122621     
 -0.97662609200856465      -0.37475406234373043     
 -0.96345154887449458      -0.40637522929839603     
 -0.95780570034334278      -0.41315908822149949     
 -0.94901961607029250      -0.41374646187122005     
          10
  0.36949761228976780       0.62185328094970604     
  0.37299065691722916       0.63246007387191971     
  0.36141131883223876       0.62590963692540003     
  0.34993981714880940       0.62641640845154989     
  0.33161313071095083       0.63014430186408887     
  0.33451220811802956       0.61051008338883617     
  0.33675579850259896       0.59136465273776462     
  0.36728148868543853       0.59343183278400591     
  0.37575912028995700       0.59327301212682115     
  0.37715334635044939       0.60278191241802648     
           9
  0.22410530828302871       0.96790831480125739     
  0.22138467339948076       0.97771070531647297     
  0.19023659398658233       0.97691485155978186     
  0.18553197619087158       0.97143999239571954     
  0.18513462510372244       0.95906498168850907     
  0.18770914139834052       0.94687072871937927     
  0.21546935273459647       0.94570389154051748     
  0.22302650398756871       0.93622745158983145     
  0.22476007251368407       0.95527156428759175     
           3
  0.55163784888236156       0.28589068545470686     
  0.54494919023215105       0.26416473975265875     
  0.56508172492041897       0.24442915193476000     
           7
  0.38304739568147933       -5.1096985661500019E-002
  0.37250422422135410       -4.8212815019978407E-002
  0.35353798777061202       -5.3888842627687658E-002
  0.35313774833987377       -6.8517239100037736E-002
  0.35810872904212382       -7.6508488672938496E-002
  0.35614153444788921       -8.7370508557899157E-002
  0.36712569867626155       -8.5050013279582448E-002
           7
  0.86750297989478287      -0.75705730676743443     
  0.85782210239293155      -0.75068312487033051     
  0.84962739813300248      -0.76333793226834379     
  0.84407921792082985      -0.78151881401471002     
  0.84213687192370401      -0.79136950673220019     
  0.85267189903652585      -0.79226270768919671     
  0.88093686691536022      -0.78124023732481862     
           8
  0.87143341860842616       0.53773773207502606     
  0.86156242557328189       0.54291948660753542     
  0.85586985154827921       0.55133505431672436     
  0.84236820428414128       0.54765568985327673     
  0.83649027227025852       0.54225686927173278     
  0.83100525071437947       0.52089041028803607     
  0.83950171120728534       0.51315168219323859     
  0.87539247866536973       0.51119500891859382     
           8
 -0.69909456869427455      -0.32603551646154683     
 -0.72246692145902036      -0.31970053343924670     
 -0.72883167507302415      -0.31360211330793919     
 -0.74064316383057616      -0.33346448924146954     
 -0.73789486441269569      -0.34121910060696192     
 -0.73954271266169180      -0.35458366882564712     
 -0.70625735446403826      -0.35436311123346326     
 -0.69814596078704183      -0.35317912305816851     
           8
  0.98534495959937907      -0.16221606714183151     
  0.97173939417644306      -0.15338973889787377     
  0.95755639089967803      -0.17474138800991407     
  0.96170672428041493      -0.18063269886199737     
  0.95817765756162432      -0.19487971656543573     
  0.97818254383713599      -0.18432494551504225     
  0.99643758222564260      -0.18867547600771126     
  0.98944776957199876      -0.17988621428295265     
           7
 -0.43101205265336473      -0.81611971327524724     
 -0.47333258994236876      -0.83609906400930611     
 -0.46691545173492827      -0.84129871606318019     
 -0.46810598954990196      -0.85295363930172330     
 -0.45567337943892072      -0.85567179217094302     
 -0.45514689290325588      -0.84859453032534160     
 -0.44215783511049417      -0.84987949289555198     
           6
  0.31470174860657546       0.42648939281523535     
  0.30659764818413926       0.40901011922164915     
  0.29754727931944042       0.41170283503845551     
  0.29857365274088421       0.39541608753561841     
  0.29751277769711637       0.38732612788880372     
  0.32198720511553608       0.38715787414154673     
           7
  0.52377889856727633      -0.50881194103587934     
  0.52066989564196664      -0.49927953221500099     
  0.50661441870673218      -0.50668218634812778     
  0.49916179463221899      -0.49947564566397123     
  0.49522399605024586      -0.53221035711744258     
  0.50768430561616440      -0.53229382023012861     
  0.52452048020716724      -0.54362065252973202     
           9
  0.20246820242067581      -0.36254957440890073     
  0.19967041854404097      -0.35324217245327910     
  0.18960399434818989      -0.34601058535325385     
  0.16883934558029240      -0.34957620316742621     
  0.17134458760756757      -0.36878794393004943     
  0.17396353437939208      -0.37489524549209519     
  0.18057013111696685      -0.38994472227086807     
  0.18774555357585296      -0.38068731810689316     
  0.20534792187064682      -0.38349594343021881     
           6
  0.47061665769480437      -0.86863610737527119     
  0.45563436994903050      -0.85287939028904369     
  0.44067043558940699      -0.85269434673649935     
  0.43074070812305254      -0.86255107386385454     
  0.44324870675440248      -0.89436250314768939     
  0.44575566797479188      -0.88467976523983327     
           9
 -0.14880688818799534       -9.9096714171517289E-002
 -0.14905620708017708       -7.6917885752590745E-002
 -0.17513088436795468       -7.7075317582828567E-002
 -0.18570767988698009       -8.3818645625610061E-002
 -0.17442238370688973      -0.11238398095358601     
 -0.16394515761044218      -0.11262776042469953     
 -0.15727444129637261      -0.11471262861956762     
 -0.14992011038255129      -0.10745614330068520     
 -0.14200171616347157      -0.10964369870302813     
           3
 -0.73608853826488008       0.60005323106309860     
 -0.76906404030902320       0.57670148757713657     
 -0.74054594376467864       0.58328498491656999     
           8
 -0.17716886085024988       0.46502787080700841     
 -0.17309993931999909       0.47957773696078793     
 -0.17742373711958867       0.48638587122262528     
 -0.20825549135847202       0.47860164931820171     
 -0.21495178759765207       0.46738376061889447     
 -0.20770407547718861       0.44175637359934183     
 -0.17885285722809177       0.44590476526510991     
 -0.17223667648738614       0.45306061429382244     
           9
  0.37234321241462859       0.27411989186551344     
  0.36238654193399583       0.27434197313853581     
  0.36566995821326287       0.27984149321223334     
  0.34111573794551342       0.28137047146342681     
  0.33757052825019579       0.27355447689572959     
  0.34310365173221358       0.27013191961706928     
  0.32983026677439176       0.26070372759082883     
  0.33742548898818492       0.24301185703117964     
  0.36726296078530107       0.25094386261226559     
          10
  0.35513478229521728       0.45436724210275237     
  0.36250814834455414       0.45751021546918469     
  0.33025050333399708       0.46352035169829769     
  0.32489879866728932       0.46084261201402782     
  0.31910119292575440       0.46304830759282772     
  0.32110254252297532       0.44617039848154172     
  0.32948914712555943       0.44372391925307919     
  0.34263817493763815       0.44617678496439439     
  0.34849077895055214       0.44250693770225380     
  0.36390926671932811       0.44398522707871807     
           5
  0.21530658779316642       0.68479622369727011     
  0.20637128163187354       0.67712558828156955     
  0.19153975180672811       0.68066540580436963     
  0.19565272934458738       0.64871750789587845     
  0.21438453804065633       0.64910168240410848     
           9
  0.51237823961436335       0.93666228616857272     
  0.50460036998353319       0.93980534446536523     
  0.50620925043728404       0.94631224712242501     
  0.48422118526420388       0.93399329967881972     
  0.47595973725210028       0.91056036798513462     
  0.48991834779202464       0.91011468895793157     
  0.49723106854171689       0.91239421982308311     
  0.50880975621966285       0.90801326557250694     
  0.51135532147899632       0.91844001688771182     
           8
 -0.10685378615277910      -0.96107828550800634     
 -0.10850567562111291      -0.94978161726047794     
 -0.11856406396065106      -0.94636440792156884     
 -0.14014447191983104      -0.95825729210398913     
 -0.14303704848985399      -0.96823652004515315     
 -0.11171119463633108      -0.98850096365398066     
 -0.11084581201522013      -0.97939080103505471     
 -0.10295204710478378      -0.97890410236839653     
           8
   3.0835935089446521E-002   5.4394396157442265E-002
   3.4617917371833624E-002   6.0620836972399339E-002
   2.8385322145155108E-002   6.5937035876944258E-002
   9.0093228973720761E-003   7.0737414097917839E-002
  -1.8107986422452593E-003   4.8022092471540566E-002
  -1.7342959605763895E-003   3.7654525028664676E-002
   7.9796531432717172E-003   3.1622698641822024E-002
   3.7092426098061820E-002   3.4075559826392113E-002
           7
 -0.33913685162011381       -8.0061740397856587E-002
 -0.33808396235823596       -6.7315802162999205E-002
 -0.35215806146049888       -6.3664182982393944E-002
 -0.36617184614662673       -6.4710280445286941E-002
 -0.37587114370711661       -9.0175994462466991E-002
 -0.36852594901511387       -9.7598974435467681E-002
 -0.35187090012189914       -9.7899083579912477E-002
           3
 -0.35134640538325534       0.60858795665322152     
 -0.34905573626782721       0.59374767160730191     
 -0.34027297158628084       0.58365892848882939     
          10
  0.98567081164681747       0.67739123093878839     
  0.97226075957734537       0.68554914028422320     
  0.96620994097284174       0.69077870220265802     
  0.94516122121054391       0.68080539007063767     
  0.94416653179283794       0.67411312914447086     
  0.94841865550351356       0.66624471088088177     
  0.94534669025556994       0.65019529406967091     
  0.96213708445087121       0.65638443515183342     
  0.96927045392217959       0.65322235116102223     
  0.97535819947124236       0.66684088225966842     
          10
 -0.62156409410605429      -0.39410581551988610     
 -0.63183499862003367      -0.39804056982267993     
 -0.64498901764279526      -0.39179870360651503     
 -0.65975239710517786      -0.40013086256707081     
 -0.66024622591268189      -0.41382174646461028     
 -0.65330819745518531      -0.41341889902513901     
 -0.64357262113692004      -0.42629017220423304     
 -0.64007514950366040      -0.43386070270496851     
 -0.62563158647821504      -0.43092682659175280     
 -0.62251043243263871      -0.42139937684166728     
           3
 -0.66081126398818468       0.53077320104871872     
 -0.70082137199257444       0.50402569421757004     
 -0.65497989347064534       0.49426903158781310     
           8
 -0.32341425613605168       0.34264861652106271     
 -0.36199244812017251       0.35708209975701111     
 -0.36107884736490981       0.34335635418846622     
 -0.35713789232670312       0.33655961568403286     
 -0.34718219610939166       0.31996309077149382     
 -0.33403838860440888       0.32726026499721339     
 -0.32889867250922511       0.33145346326959230     
 -0.31795891220115474       0.32813334903439945     
           3
 -0.78047423448687125       0.66692083805805258     
 -0.80746629341829523       0.66323476566973971     
 -0.79059636569148972       0.66370482755665028     
           9
 -0.14589049980823232       0.22833570167571401     
 -0.15095529353001111       0.23350569990635159     
 -0.15039009306327636       0.24317393211826480     
 -0.16075207353270474       0.23612875752316431     
 -0.17374374317115485       0.23980743454648146     
 -0.18142146164955233       0.21342372908998067     
 -0.15433408759524600       0.19888589894780714     
 -0.14858012441860211       0.20383569424596007     
 -0.13783863826115311       0.20107428602100119     
          10
 -0.83022954114559522       0.27209147594475691     
 -0.82893169977006842       0.28184814883513604     
 -0.83473481570283192       0.28402607031081661     
 -0.86088071397389676       0.29042370074744317     
 -0.86989613382296604       0.27872145806298260     
 -0.86336404086421170       0.26134410396246133     
 -0.87336524432049312       0.25375654251026125     
 -0.84768711438549738       0.25504732714288036     
 -0.83831445579968422       0.25303037639896275     
 -0.83796142133132479       0.26123205410969014     
           7
  0.87419717948086928       0.45323449041990149     
  0.84010241770669558       0.45892347389537325     
  0.83950951334450208       0.44654592008433180     
  0.83704933980681862       0.43627668147721027     
  0.85419960400644401       0.42667933841661393     
  0.86591866660982475       0.42073850413265668     
  0.87790283178769035       0.42644016521040395     
           9
  0.71093302183756579      -0.67022348427860801     
  0.70284114377774143      -0.66744552920523714     
  0.68816623859951798      -0.67010255230530880     
  0.66811526337673766      -0.66832717616275517     
  0.66571239618997080      -0.68755967860457989     
  0.67417610098301861      -0.69033139496099116     
  0.69330872616204398      -0.71191131228567206     
  0.69294835062807381      -0.70462126490274124     
  0.70714168579092507      -0.69478562609157912     
           7
 -0.44097828013438634        9.8001087506211032E-002
 -0.45890331921600658        9.3729376332452166E-002
 -0.47003616837443113        9.2175528294671863E-002
 -0.47006975139084256        8.3237830718620176E-002
 -0.47012028247617171        6.7199968467341956E-002
 -0.44367724091937172        5.5461008124836494E-002
 -0.42765724775718789        7.5001368119106321E-002
           7
 -0.74242979696540412       -9.2809462052433761E-002
 -0.75471288377158807       -7.6767392083822536E-002
 -0.78508214234084950       -8.8275724162805200E-002
 -0.77783933891497292      -0.10382153122841423     
 -0.78462901448994693      -0.11057174874009472     
 -0.77268665363046263      -0.11311019263184544     
 -0.75173220273092323      -0.11361948900395438     
           8
 -0.19603990173928579       0.40059763912227719     
 -0.23289832541079111       0.38729906651414009     
 -0.23251324829114775       0.37854952510210677     
 -0.23917309481247992       0.37815898008396748     
 -0.22922861442523340       0.35822201901954071     
 -0.22117250271719704       0.35610205363358738     
 -0.20902007631216715       0.36601885847142174     
 -0.19900263205855320       0.36881947106794621     
