   1.0000000000000000
   50.000000000000000     
          32
          10
   5.0000000000000000     
   10.000000000000000     
   4.0000000000000000     
   5.0000000000000000     
   7.0000000000000000     
   3.0000000000000000     
   9.0000000000000000     
   2.0000000000000000     
   9.0000000000000000     
   7.0000000000000000     
   1.0000000000000000     
   9.0000000000000000     
   10.000000000000000     
   5.0000000000000000     
   7.0000000000000000     
   9.0000000000000000     
   1.0000000000000000     
   7.0000000000000000     
   8.0000000000000000     
   2.0000000000000000     
   7.0000000000000000     
   7.0000000000000000     
   1.0000000000000000     
   9.0000000000000000     
   9.0000000000000000     
   4.0000000000000000     
   8.0000000000000000     
   9.0000000000000000     
   7.0000000000000000     
   8.0000000000000000     
   9.0000000000000000     
   10.000000000000000     
           1
   0.0000000000000000        0.0000000000000000     
          10
  0.84601828944016022       0.49450536178591292     
  0.85190716506258968       0.50945236022087725     
  0.80341545469712206       0.51575074482788352     
  0.80850429267559343       0.49542140019154784     
  0.80026995704501835       0.49711289541013876     
  0.79840389152252900       0.48761835999790593     
  0.80891117692210013       0.47535365287165637     
  0.83702803654544666       0.46760481488079197     
  0.84467235044861821       0.46985160338684434     
  0.85313634180616638       0.47003756732667729     
           3
  0.75760796643939110       0.96671583315898568     
  0.74770215745551516       0.92261222845111546     
  0.77465407417318832       0.93158591297370186     
           3
  0.44304688844002482       0.39944349185789707     
  0.42114599505139805       0.40819932893789179     
  0.39592381474128180       0.38321475675931987     
           6
  0.40829223895307443       0.10766762738645169     
  0.35764698750518054       0.11061198170336395     
  0.34857996462203822        7.9420353968562382E-002
  0.37067045597727738        7.2900876790851943E-002
  0.40127594871859562        6.6571503279193672E-002
  0.40082900773829766        8.7015404893043782E-002
          10
  0.10943300847023749       0.93896253609103342     
  0.11000935136142988       0.95007302639234592     
   9.6098665445099402E-002  0.95697073036483737     
   8.1855415363074543E-002  0.94705166517762485     
   6.3115135060940047E-002  0.92230423965918451     
   5.6709432529395781E-002  0.91673596479204178     
   7.5830467952415367E-002  0.91092413356571611     
  0.10269748904352030       0.90151362416179759     
  0.10338690050081634       0.91461295470733139     
  0.10778186304245507       0.92863266256767796     
           6
  0.12001580421648804       0.15039887567548324     
  0.10847409929205833       0.16855179862526526     
   9.7933441864254386E-002  0.17106801925311763     
   7.2675301943940410E-002  0.15408271404936369     
   7.0166021837011039E-002  0.11183552394348530     
  0.11697243247214668       0.13354833843141020     
           4
  0.15234274300858300      -0.70320372762296290     
  0.13230147088222799      -0.73202479304993195     
  0.15025302910004110      -0.73608483045908280     
  0.16362119034034864      -0.73684547439043335     
           7
  0.64894143263501503      -0.49108248927148129     
  0.60841899160642854      -0.47112601835583540     
  0.60014038982319418      -0.47856882819877239     
  0.59341883344980317      -0.52628967710317420     
  0.60629553499259181      -0.51998557707163229     
  0.62099686852356228      -0.52695067360722414     
  0.65130137140497724      -0.50932540730227593     
           8
  0.19697574736635554       -9.2636081858407757E-002
  0.19406157204795521       -8.1385812798634702E-002
  0.18102396554949951       -9.7580786228900887E-002
  0.17813033769986705      -0.10841267092818442     
  0.18989718064794017      -0.13937993102256493     
  0.20697084654884573      -0.14000044151576443     
  0.22240905291521004      -0.13226699205523612     
  0.23225445739276998      -0.12358602809174417     
           5
  0.76949590445138283      -0.15709292144687481     
  0.75724942226642444      -0.16534340974604519     
  0.76159919345982918      -0.17600776897319978     
  0.78569179178496162      -0.21359935937695762     
  0.80500286354819728      -0.20980708554380104     
           7
 -0.57396918627594917      -0.16065838644928382     
 -0.61337124634605678      -0.17153016186329140     
 -0.62519400039258954      -0.16170208022925689     
 -0.62756082082683529      -0.19788205025531960     
 -0.62235128436302589      -0.21046098918690223     
 -0.58586154357403775      -0.21838176969240286     
 -0.57585615340509633      -0.21526000717781488     
          10
 -0.13406601000870044       0.43054210902736312     
 -0.14599023335786993       0.44961844083662583     
 -0.15962023740726167       0.45866852857724555     
 -0.18388301830804166       0.45291477368362804     
 -0.18501328741007192       0.44002747845902601     
 -0.17602245684200485       0.41539973785984241     
 -0.18068666236005143       0.40776934871325921     
 -0.14622204684794818       0.41147545716769601     
 -0.14692111527109408       0.41978323225372544     
 -0.13293387123883052       0.41361566807676509     
           3
 -0.60914194225298712       0.44715176555801900     
 -0.59539075606154146       0.39274365838802405     
 -0.56660552580175927       0.41188453608373921     
           9
 -0.14740839245012344      -0.29019785116768804     
 -0.16341799509799704      -0.28714136554243613     
 -0.17438846408533776      -0.28247328635071189     
 -0.18312936811808830      -0.28270007210361714     
 -0.19438482491726494      -0.29131714901001593     
 -0.19341337127465441      -0.31443980731192794     
 -0.18040305429582637      -0.32823908536611179     
 -0.15890637153953155      -0.33322898524814770     
 -0.15121293102029085      -0.30139532670587932     
           4
  0.40381853949343915       0.27083837264057781     
  0.38503395251767425       0.29751284965378011     
  0.39435892517398569       0.25498477895425747     
  0.41192090998365993       0.25574953152959040     
           4
  0.94960534003109742       0.46103582868372617     
  0.93449535284738139       0.45833026188389620     
  0.92576124558733708       0.44986234789101842     
  0.97426565589816383       0.41206297070889297     
           8
 -0.75463788382748609        1.3732650261267756E-002
 -0.75007516178443556        3.0373094738668421E-002
 -0.79586729649401133        3.1642052354054873E-002
 -0.80862743254794900        2.4862329623531864E-002
 -0.80316842463269345       -2.0219730271713213E-002
 -0.77641434484161576       -2.9480118972960941E-002
 -0.76376599177535365       -3.0825198456683927E-003
 -0.75421975083389414       -9.8913546713714573E-004
           9
  0.95768786879011980      -0.75111007443057554     
  0.94874644395090613      -0.75344165878636404     
  0.93800166362757098      -0.75233330417269362     
  0.90215567560197452      -0.76385193889135095     
  0.91245898504800238      -0.77505485804134189     
  0.93226720062292923      -0.80526890839106124     
  0.94062608562838501      -0.79572534092119740     
  0.95288310064241033      -0.79416132516289006     
  0.94776480460222845      -0.77903567524077355     
           7
  0.59166553347595996       0.37548313186854648     
  0.58938922505739721       0.39084476406457458     
  0.54001845525128400       0.38096682692175748     
  0.54867854546806805       0.37017516597338601     
  0.53537586885479915       0.36926555252276272     
  0.58260582224705559       0.34470398979856426     
  0.58734325654572506       0.35834562373740686     
           6
 -0.40387600263729417       0.73545183071584064     
 -0.42768926330242890       0.75260371883001820     
 -0.45683491536808907       0.73834066186342251     
 -0.45203064710259344       0.71175314867172301     
 -0.44050315902223164       0.69960670170061556     
 -0.40054712229681172       0.71310310231912544     
           8
   3.6096204552586525E-002 -0.12759839687133476     
   2.3092157973060003E-002 -0.13088700486995869     
   1.0864499618511677E-002 -0.12895159325152133     
  -1.2548786695055426E-002 -0.12552756958502459     
  -1.0539142567869569E-002 -0.15239716730802194     
  -2.4334566865714113E-003 -0.17300147413790440     
   3.8929536541153123E-002 -0.15036315219770688     
   2.8655199532528895E-002 -0.14211842606049080     
           5
 -0.88352144787180509      -0.92383178113816156     
 -0.88169161810665320      -0.91097918372751774     
 -0.93309114242577396      -0.90898955986873642     
 -0.92959113512292646      -0.93335787896509115     
 -0.90521404989474119      -0.96608308718807057     
           8
  0.24636203392752282      -0.93131257478194396     
  0.25500547304780419      -0.91577299686515234     
  0.24102593929233807      -0.90249329766719821     
  0.20405678094840032      -0.93006445726460540     
  0.19823336830950702      -0.94704547542944661     
  0.20721450304467021      -0.95091934897439478     
  0.21461397580867350      -0.96082226816571248     
  0.25431070623515178      -0.95764254132853244     
          10
  0.71712486093280547       0.86334248326676366     
  0.70185198280957872       0.87860485616423112     
  0.69347937833287721       0.88342710969560390     
  0.67803438611536337       0.88411834707748138     
  0.66716843862077646       0.86959909183602446     
  0.66598711460632443       0.85595329333368886     
  0.67977414531814384       0.85284884807352679     
  0.67542668382009963       0.84109501366894857     
  0.69209175118932753       0.83173025962754277     
  0.71472165580312752       0.82801737267903619     
           8
 -0.21183454205760133       0.86493437513570171     
 -0.22167573124203577       0.86586259917548025     
 -0.23407494304145846       0.86264970995832957     
 -0.25336005275322487       0.86654093027157086     
 -0.24233682891174571       0.82996503123281651     
 -0.23225916167746299       0.82310255980282132     
 -0.20491007833226871       0.83239620538544623     
 -0.20789723474293423       0.84179812787942332     
           3
  0.23259022983066482       0.81697227053616783     
  0.21287885509962473       0.82138480805815650     
  0.18118408670603103       0.76895687369378352     
           9
  0.26438913480207804       0.36135753311183566     
  0.25021928736159199       0.36037179313211937     
  0.24002458774904098       0.35986287682339302     
  0.22890736540591933       0.34753704767592375     
  0.21661758729034641       0.34645877621911547     
  0.21999371066334128       0.32203952902016247     
  0.24329411838315546       0.31981953040816630     
  0.26131965645960786       0.33439410601448677     
  0.26883316199492280       0.34268542399709406     
          10
  -5.1789458135229310E-002   8.4461149787850770E-002
  -7.8641250698228679E-002  0.10486855683483856     
  -8.6609443049858681E-002  0.10931136164029832     
 -0.10025845103553965       0.10514850995164290     
  -9.5413745179045231E-002   8.4585909552404720E-002
 -0.10815958092312844        7.3202520319244208E-002
  -9.6277759334203988E-002   7.6326726753127738E-002
  -9.6766823703373875E-002   6.2412510721642861E-002
  -7.5237053820340696E-002   6.2382757920482174E-002
  -6.2396307752956792E-002   7.6755618392515240E-002
           8
  0.47064450627377047      -0.53806160704372252     
  0.47738649129053379      -0.51442001032224016     
  0.43710771344136823      -0.50211180118159071     
  0.43564429751002270      -0.54160869304244819     
  0.43514794777819499      -0.55549351215012710     
  0.46287148633110570      -0.56016727682478262     
  0.47272419915506925      -0.55112942196900983     
  0.47782559330216723      -0.54413897116800147     
           6
 -0.67643063792870317       0.11839902296275706     
 -0.68304321587320982       0.12639856517220865     
 -0.69722344167260020       0.13469547775784910     
 -0.72897134264080032       0.10782701533494175     
 -0.73239769653404341        8.4106074958782889E-002
 -0.67517099286516891       0.10116733514049481     
           4
 -0.95842851889020431      -0.45641995093149423     
 -0.95850298768098496      -0.48327204644649813     
 -0.92064716182028039      -0.49536736040037016     
 -0.90862643003606425      -0.48459475685543851     
          10
  -8.6877556892794139E-002 -0.73890434173085606     
 -0.11289123501653531      -0.71687357212780589     
 -0.14139832753324363      -0.71538391229468867     
 -0.13884588027311429      -0.74371054459469910     
 -0.14360107732876673      -0.74970461736357163     
 -0.13396074957218979      -0.75846246378186144     
 -0.12684537401412954      -0.76668212583058104     
 -0.11275199130028679      -0.76485693185274317     
  -9.9467718051755291E-002 -0.76706645175868671     
  -9.0147918534750862E-002 -0.77406498767686327     
