   1.0000000000000000
   50.000000000000000     
          54
           8
   8.0000000000000000     
   8.0000000000000000     
   6.0000000000000000     
   8.0000000000000000     
   6.0000000000000000     
   1.0000000000000000     
   8.0000000000000000     
   8.0000000000000000     
   9.0000000000000000     
   7.0000000000000000     
   7.0000000000000000     
   8.0000000000000000     
   1.0000000000000000     
   6.0000000000000000     
   4.0000000000000000     
   9.0000000000000000     
   3.0000000000000000     
   1.0000000000000000     
   9.0000000000000000     
   2.0000000000000000     
   1.0000000000000000     
   2.0000000000000000     
   6.0000000000000000     
   2.0000000000000000     
   3.0000000000000000     
   5.0000000000000000     
   8.0000000000000000     
   8.0000000000000000     
   8.0000000000000000     
   9.0000000000000000     
   4.0000000000000000     
   2.0000000000000000     
   7.0000000000000000     
   3.0000000000000000     
   5.0000000000000000     
   1.0000000000000000     
   2.0000000000000000     
   10.000000000000000     
   10.000000000000000     
   4.0000000000000000     
   2.0000000000000000     
   4.0000000000000000     
   3.0000000000000000     
   6.0000000000000000     
   2.0000000000000000     
   1.0000000000000000     
   7.0000000000000000     
   2.0000000000000000     
   6.0000000000000000     
   9.0000000000000000     
   1.0000000000000000     
   8.0000000000000000     
   7.0000000000000000     
   5.0000000000000000     
           1
   0.0000000000000000        0.0000000000000000     
           4
  0.68980191527033119       0.77215514078823067     
  0.66343420143538057       0.77737832142106766     
  0.65074959321171144       0.75629201984143624     
  0.65187065741039751       0.74183719215359434     
           8
 -0.85547951699339020       0.40389808166711400     
 -0.86101090073637399       0.39890293131164561     
 -0.86987968223827283       0.39940157151032663     
 -0.88534287999347183       0.39474898268321762     
 -0.89160934551613291       0.38603279511947497     
 -0.85735784628496214       0.37178009131441880     
 -0.85867548213378653       0.38228683775287264     
 -0.86392574931686705       0.38797250593971538     
           4
  0.41297125055429940       0.12253805012500149     
  0.39648254784268255       0.13562910451142085     
  0.38648605218161031       0.13309759056198595     
  0.39938613597063827        9.8726460201399260E-002
           4
 -0.57796058303020459      -0.38665132958896670     
 -0.61126463124883068      -0.38206224662339916     
 -0.61046699906788660      -0.41128701218744457     
 -0.57542633686741307      -0.40854471346322774     
           5
  0.48082869198312994       0.91396915207711371     
  0.47028740102178568       0.90031072173340942     
  0.48463584973475821       0.88413561675293462     
  0.50230620126902092       0.88488601678274525     
  0.50630369475918369       0.89561495249415368     
           4
  0.22866033648492601       0.14769193649590212     
  0.19765954981130379       0.16088668354438657     
  0.20037021372568306       0.13419797224293301     
  0.21308680923416179       0.12720914516679069     
           8
 -0.58706624880663383       0.33239568044590706     
 -0.59536279613670551       0.33378183089213825     
 -0.59058676566604718       0.32433613136450412     
 -0.59057409333798827       0.30161768886228352     
 -0.59570457439222735       0.29350938687486705     
 -0.57581270751832525       0.29603008651371715     
 -0.55440101582666412       0.29212149389791697     
 -0.56269418532829529       0.30313835490479674     
           4
  0.70615105610467965       0.85077242461936486     
  0.67719329901374292       0.83577583251649323     
  0.70785723870092288       0.81804802883497907     
  0.71469343728727397       0.83275605422002885     
           6
  0.51423845079557073      -0.83202775725607747     
  0.49674158960694720      -0.83963394445423278     
  0.48790371629882762      -0.83820626382058538     
  0.46958095374283798      -0.86744383331183372     
  0.50499759856153403      -0.86238224314733314     
  0.50898406320926293      -0.84845325407317607     
           7
  0.48687326973391909      -0.26477344698202487     
  0.47583086620024856      -0.26248996569936933     
  0.46607862777029302      -0.26100952353343548     
  0.45835418753491014      -0.26087164830649290     
  0.46128198310042473      -0.26804350586499420     
  0.47510499201426615      -0.30002078382734726     
  0.49575163599990385      -0.29274276533806304     
           8
 -0.34792805489305739        8.9726872372471692E-002
 -0.34954315296915639        9.7673880982930714E-002
 -0.36152294653580075        9.0154058604238765E-002
 -0.36879244275670775        9.9782755050413466E-002
 -0.37867400881321656        9.6114571460899245E-002
 -0.38304823932823845        7.0387031968760005E-002
 -0.35231934904262446        6.0053539304806683E-002
 -0.34251875412849758        6.9912841969094863E-002
           6
 -0.67146159269819294      -0.94735109046848642     
 -0.68835475114373701      -0.94372246279385730     
 -0.70549789703567412      -0.94613261531013393     
 -0.70427879595271847      -0.96279735039309267     
 -0.67169395150080480      -0.98708841888973808     
 -0.66711048587598509      -0.98028029183865084     
           4
 -0.15903435623609613      -0.43871273715640480     
 -0.15513371558912950      -0.45301416776716052     
 -0.14443460338284173      -0.47385983979590179     
 -0.12108371686251347      -0.45977330492401736     
           4
 -0.25847520802778734        8.3185473282073985E-002
 -0.27059950098886837        9.8367834556348871E-002
 -0.29794454878610188        8.2416420154694303E-002
 -0.29739603088738820        6.1828144483427154E-002
           8
   4.4536449432310124E-002  0.40666345810166138     
   4.2001744439608642E-002  0.42084528767848522     
   1.4505774726772565E-002  0.41393364776993502     
   1.4345486178976467E-002  0.40696979109906667     
   1.7772492176861301E-002  0.39902720771013611     
   1.6360491729408660E-002  0.37918306224203363     
   2.9375149311402581E-002  0.38483558875944773     
   5.4394572006791972E-002  0.39344065556444768     
           4
  0.86028197698813480      -0.25014736138997712     
  0.84616259986505793      -0.24948311210876187     
  0.82180078575392257      -0.28366693217208844     
  0.83404643450663063      -0.28626194118293491     
           6
 -0.60272001230620553       0.91501699086972810     
 -0.61208517785525340       0.91664896127319284     
 -0.61874052738792717       0.92448205064002364     
 -0.64039128406043699       0.91736393332070454     
 -0.64233694792546381       0.88492461581217441     
 -0.63448634083569821       0.88395272050556284     
           3
  0.79968316412015206        3.8323308484400700E-003
  0.78464950715675297        5.9826680635082577E-003
  0.79530409121760748       -9.0003116609713024E-003
           4
  -3.3605227225457952E-003  0.71749169601007934     
  -4.3714563500109258E-003  0.69729295270784419     
   2.2472988346878914E-002  0.69060852231069114     
   3.4825152963908132E-002  0.68688846751911348     
           4
   8.3122312533233059E-002 -0.72116172995667616     
   6.8681994973607621E-002 -0.74053186547118188     
   7.0529692660093471E-002 -0.75183474142372209     
   7.5361750560863791E-002 -0.76243646380962216     
           6
 -0.89783798027237716      -0.83840007197793565     
 -0.92197930635053627      -0.84379678073491504     
 -0.91640982681754979      -0.85849201632951733     
 -0.92062101578336408      -0.87812645646509191     
 -0.89220785098537903      -0.87084483672516733     
 -0.88020020932762244      -0.86668666739718347     
           4
  0.21147610766992972       0.70351273661829272     
  0.17113923378731824       0.68851414302305025     
  0.17487470877171912       0.67956009188315580     
  0.18275026010059020       0.67356195488606907     
           7
  0.53851136667012134       0.27862676635112682     
  0.53623724337077483       0.28834307665618125     
  0.52872289997262956       0.28404459252312603     
  0.50024869837207431       0.28800737681036848     
  0.50327259718152340       0.24612691874612211     
  0.50932014659499669       0.25247531811542945     
  0.54346983589894704       0.27129989290338186     
           3
 -0.34655914173636165      -0.21114827977362016     
 -0.37733980189599087      -0.22238292300775436     
 -0.34271844137145702      -0.24291653821169568     
           4
  0.46754700275509259       0.76244082848035222     
  0.44354962675744480       0.77225006896433968     
  0.42602918677784946       0.74547875820335441     
  0.46932384697944962       0.73881511546603473     
           4
   7.5365539990979016E-002 -0.61967011666704619     
   4.1744376798898142E-002 -0.61796131231731188     
   4.3369676651383880E-002 -0.64300887334632961     
   7.7195217287507417E-002 -0.65099897440934062     
           3
  0.92376290030999075      -0.33682966227805888     
  0.88773798455667408      -0.33562275847110579     
  0.92922161838611794      -0.37461507384442572     
           7
 -0.56316851636601994      -0.98673328596339716     
 -0.55243701557985103      -0.98176906834346667     
 -0.55951613821786594      -0.97808230277919039     
 -0.58574172875281805      -0.98835587298568639     
 -0.57816037592659286      -0.98920078001339939     
 -0.58582069414424143      -0.99559454958705051     
 -0.55452156999379087      -0.99151923955830956     
           4
 -0.37008058970262286      -0.89074904367619923     
 -0.37546495766480009      -0.87615347196592730     
 -0.41154741883722196      -0.89930338631000772     
 -0.37534014657794695      -0.89977387691394939     
           8
  0.24311407990005995       0.91982646851129490     
  0.23398753038011832       0.92493961691555737     
  0.21546743827706791       0.92615644463701785     
  0.19755306219741450       0.92530483748967751     
  0.20755648655891273       0.90286566338610230     
  0.20057162260361780       0.88798274014823697     
  0.23231924803006193       0.88754666979983721     
  0.23696084454200572       0.88141112395702825     
           4
  0.50043211720669989       0.74341260097769013     
  0.48275874607025748       0.73905219915097964     
  0.47852404043616997       0.70129673164728124     
  0.50244379726102850       0.70687471114593758     
           7
 -0.51077642748572682        2.0550845267234975E-002
 -0.54261320012608238        3.1184156606323350E-002
 -0.53817081512774212        2.3872796293983128E-002
 -0.54165622447456530       -6.9606651740207089E-003
 -0.52488671166770762       -1.4521652599150933E-002
 -0.51146551023886144       -1.1452237476283333E-002
 -0.50703580408817062        3.8452699539406193E-003
           8
 -0.53544984055833367       0.92727309906780364     
 -0.54712911967561906       0.92647125905087313     
 -0.57111630274332803       0.91903126486666709     
 -0.57965119076504723       0.92156383398001518     
 -0.57446447832946212       0.88480346946211852     
 -0.54410768107869334       0.89038246114368325     
 -0.53329765237221771       0.89523277831045545     
 -0.54413188921869970       0.90778032039496426     
           3
 -0.69133558858459376      -0.25361613463750926     
 -0.69927083771943910      -0.26100952986112619     
 -0.71053038282631553      -0.27840966256170813     
           5
  -8.9523653877917220E-002  0.24947673798626147     
 -0.10468081476122452       0.25007658295366336     
  -9.8535080905609085E-002  0.25669508009421949     
 -0.12827488357046957       0.25004464552067301     
 -0.13435465216422501       0.22073345556083776     
           4
 -0.61964744229140112      -0.44598951290153760     
 -0.65549612683683767      -0.45271317661457300     
 -0.66040794606787478      -0.46272747497273992     
 -0.64565977067298785      -0.45464042634588109     
           6
  0.95914815249373953      -0.74918541883767376     
  0.95033562630030377      -0.74601285004946916     
  0.93436785723116955      -0.74571414543407777     
  0.91607699867606074      -0.75728614453394683     
  0.92104627279828477      -0.77157698278556830     
  0.92158936760492893      -0.78903026279380917     
           6
  0.85591972787391368      -0.34846915421056879     
  0.83811437342043316      -0.35547191973244047     
  0.82437395689774573      -0.34957788477063628     
  0.81513018487492517      -0.38186480871415257     
  0.85755844069751452      -0.38378716989396805     
  0.85752263361309400      -0.37277096126322917     
           7
 -0.33220134486414471      -0.42631308303538118     
 -0.36361181363456763      -0.41613933943956322     
 -0.37331148098330841      -0.42676532401002221     
 -0.37263409777823731      -0.44997518945824605     
 -0.35248772101329284      -0.45968788648324704     
 -0.34478516967782052      -0.45058888620692011     
 -0.33337305482332280      -0.46167386729914350     
           8
 -0.77592916899316577      -0.23423763831430056     
 -0.78353536626705211      -0.22668929479005792     
 -0.80889563926289754      -0.21283021278371778     
 -0.81577656267997467      -0.22498123558343402     
 -0.81214597034756431      -0.25250129333970972     
 -0.80327699646286332      -0.24976655578206408     
 -0.78997891934691977      -0.24186757796161437     
 -0.77937162868183774      -0.25032297579779206     
           6
  0.13856986790149550       0.55777015847546274     
  0.12981040939768781       0.55718279812898353     
  0.12241720800567099       0.56187857338294567     
  0.12100771116882479       0.53697215933974229     
  0.14564719839843854       0.52396287791754592     
  0.15628008328605519       0.52140550988391354     
           8
   4.6631410577882469E-002  0.80957370185552557     
   4.8923666812442805E-002  0.82177492146399145     
   3.7603099083654501E-002  0.81585752711629400     
   2.6313871948969194E-002  0.81813652544501925     
   1.2999465782927329E-002  0.81863791484750503     
   1.9560983413625194E-002  0.78940696620907680     
   4.2027100987674038E-002  0.78242421277917162     
   4.6958697298094418E-002  0.79484872006892793     
           4
  0.48303959217402498       0.47571147551529031     
  0.49260255672456171       0.45151522847154957     
  0.49607974225537860       0.43841191839622989     
  0.52263604784934692       0.44444014506017576     
           3
  0.17697136722807574       0.96202485227512791     
  0.14743326269697682       0.95120240513145260     
  0.16453235384917589       0.92029132743215836     
           7
 -0.83314527410293493      -0.56905590554605379     
 -0.84102687787291008      -0.57050024210934169     
 -0.86815438512872345      -0.56006258375080342     
 -0.87348782189526752      -0.58513499574707295     
 -0.86122560337249199      -0.59208459146101500     
 -0.86410943000661788      -0.60017413665205399     
 -0.84439427694396274      -0.59783398427788470     
           8
  0.33718900341866126      -0.69973297724898453     
  0.32066575102555528      -0.70163299519903366     
  0.29628128348823884      -0.69228888074957362     
  0.30115009394577952      -0.69801625798452094     
  0.29851715235421078      -0.73212157629370911     
  0.31028074431017655      -0.72848741770132308     
  0.32869935714120380      -0.73821009696592343     
  0.33528023598042828      -0.72487992612242635     
           6
  0.24982530232951933      -0.15078719099231619     
  0.23802845863938624      -0.14759782128492205     
  0.24400205659980298      -0.15849974046026197     
  0.23848062989611538      -0.18470873951512951     
  0.25018520893239493      -0.18295522930075078     
  0.27807347828413886      -0.18232684351926892     
           3
   1.6480994950153954E-002  0.90721018678611420     
   5.0445176502919166E-002  0.87233536984418691     
   5.8882485109286883E-002  0.87970138823114130     
           3
  0.69150238913639939      -0.35411805511964933     
  0.65103253389059690      -0.38853317410210553     
  0.68034846234158297      -0.38772839445224999     
           3
  0.21115855308553530      -0.56924272067550830     
  0.17204243103744538      -0.57316186778413358     
  0.19279238533420701      -0.57374417562348923     
           3
  0.78248873349483516       0.68960467001507830     
  0.76549688482301548       0.68446248598834414     
  0.75883946798742308       0.65755041520229740     
           4
 -0.19780103642489635       0.44752778927883741     
 -0.20707968757707168       0.44185321475715966     
 -0.23037936569843201       0.43989810466385992     
 -0.19516076848177644       0.41620528995937689     
           3
  0.34147377232404696       0.72522443649089352     
  0.30776612981356422       0.73482934962412383     
  0.34498128440018233       0.70327440117169648     
           7
  0.94987736164281700       -1.4211568995129278E-002
  0.92611207284207464       -1.6370329235917379E-002
  0.91883056909378924       -1.9990337287339493E-002
  0.91226402762460546       -2.8054590044840240E-002
  0.91325054457297017       -4.1103356083503052E-002
  0.92213569268395568       -4.9371109586694835E-002
  0.93857204742923706       -4.6605845461812179E-002
