   1.0000000000000000
   50.000000000000000     
          42
          10
   4.0000000000000000     
   4.0000000000000000     
   7.0000000000000000     
   9.0000000000000000     
   5.0000000000000000     
   2.0000000000000000     
   10.000000000000000     
   3.0000000000000000     
   4.0000000000000000     
   1.0000000000000000     
   1.0000000000000000     
   2.0000000000000000     
   8.0000000000000000     
   5.0000000000000000     
   8.0000000000000000     
   10.000000000000000     
   8.0000000000000000     
   3.0000000000000000     
   2.0000000000000000     
   7.0000000000000000     
   5.0000000000000000     
   10.000000000000000     
   3.0000000000000000     
   8.0000000000000000     
   4.0000000000000000     
   4.0000000000000000     
   8.0000000000000000     
   1.0000000000000000     
   2.0000000000000000     
   4.0000000000000000     
   8.0000000000000000     
   1.0000000000000000     
   3.0000000000000000     
   4.0000000000000000     
   6.0000000000000000     
   10.000000000000000     
   2.0000000000000000     
   7.0000000000000000     
   6.0000000000000000     
   3.0000000000000000     
   8.0000000000000000     
   8.0000000000000000     
           1
   0.0000000000000000        0.0000000000000000     
           4
 -0.17176558199947314       0.39680830134659484     
 -0.17635227824323463       0.38634666349885072     
 -0.16970749892649500       0.34995357343831418     
 -0.14620455188466608       0.35186914590760188     
           3
  0.39366000960794872      -0.29415759125977908     
  0.38237414154627264      -0.27371268422332384     
  0.39348329276460559      -0.32436391768356132     
           5
  -7.2603795221986969E-002 -0.45268433754564302     
  -8.3541038195366901E-002 -0.45264489080516646     
  -9.3565672297050678E-002 -0.45518341597750334     
  -6.8786750359630527E-002 -0.49576161289252291     
  -6.1986651291279254E-002 -0.48740355876037322     
          10
  0.18755125404992828       0.94818203765597997     
  0.18814969233225218       0.95711155752451815     
  0.14723100695561164       0.95339379578607952     
  0.14513155924345794       0.94646001335648788     
  0.14085921566412071       0.92755101912663840     
  0.14808181228658560       0.92767643374167164     
  0.14411554600455453       0.92159273304717737     
  0.14950908092209830       0.91572087843049499     
  0.16093921022104429       0.91452341011570548     
  0.17515537505386516       0.91405559874814035     
           5
 -0.12772187894498713       0.94963259929703281     
 -0.15998037870621090       0.94718219927126324     
 -0.17446476358741933       0.92966451939232120     
 -0.14882276550592627       0.90924777111516486     
 -0.12912236527374726       0.93064814898399961     
           5
  0.92775616911380565       0.56227679721463186     
  0.91182842090920557       0.55347249525037689     
  0.89238358131959983       0.55109996853767518     
  0.89639603968141324       0.53175022877632527     
  0.92047981925654454       0.51395673909463324     
           3
  0.64880143505473253      -0.84517441802520832     
  0.63316903237256472      -0.86116562168782074     
  0.62483814222028411      -0.88699796361731897     
           3
  0.80103146202967657      -0.49241220959149590     
  0.83900287096048887      -0.52678769414061155     
  0.83790003462943319      -0.51422773025264046     
           6
 -0.15318002602618214       0.85649457387375649     
 -0.16460582027121703       0.87709904491466961     
 -0.19448005820305422       0.85775094350520942     
 -0.18831769282239530       0.83816858002774330     
 -0.16243952552695495       0.83158143213196256     
 -0.14697559809761440       0.84897822445620086     
           4
 -0.49517395208632764      -0.55375565067557753     
 -0.51152809920439246      -0.56644521137905557     
 -0.48940123797017976      -0.60103251721490281     
 -0.48054985510617904      -0.59344789998245762     
           3
 -0.54152673898208104       0.35083792534795455     
 -0.54828941979778056       0.32994146324675688     
 -0.52040399960663153       0.33088502014807381     
           3
 -0.43762036592271081      -0.12459888009191813     
 -0.47562137251599113      -0.16005332178545878     
 -0.44294664950943530      -0.16438337225418378     
           8
 -0.70245558908472627       0.69199787212223784     
 -0.71050801143718523       0.69602823472166120     
 -0.72998465750979080       0.69360663180061555     
 -0.72732394912523035       0.67260057614942748     
 -0.73255023786499718       0.65640977773272879     
 -0.70371762419983819       0.64806404188013378     
 -0.68563057781153935       0.65411628274361022     
 -0.68442435598038365       0.66868447160645361     
           9
 -0.66960584354803965      -0.49457756034015643     
 -0.66510850289488122      -0.48925237975737657     
 -0.69628843079393965      -0.48445768545450679     
 -0.69274600675810838      -0.49274158513474686     
 -0.70594105382878358      -0.48851926803871398     
 -0.70295570659721218      -0.50544955441003903     
 -0.69699737695912634      -0.53331674845289501     
 -0.69061088114704694      -0.52759633604881839     
 -0.66479143346657754      -0.50549133397622992     
           5
  0.65047760946128796        8.7789954185984370E-002
  0.62095132180753032        9.0147105525493182E-002
  0.62287905417721257        4.4030289969259576E-002
  0.64243858758375116        4.9780857013717983E-002
  0.66966895353517142        5.2390968371660060E-002
           3
 -0.79911376748289875      -0.62589350940294608     
 -0.81624298377924109      -0.62282215026527110     
 -0.81908215137703066      -0.66130643171218495     
           5
  -7.6661095505793198E-002  0.63374197458544335     
 -0.11849961961468823       0.61799441507060537     
 -0.11644069123059027       0.58534683115327590     
 -0.10296219437348553       0.58781497078994394     
  -8.0492360068797827E-002  0.59818548620969714     
           8
  0.30889688353418038      -0.30824202727981420     
  0.30955627802996460      -0.29041414657033743     
  0.28389683897550527      -0.29586658915165848     
  0.26848704842043830      -0.31207315763247290     
  0.27272605252697668      -0.31897819916041203     
  0.26940211643786094      -0.32677251567761895     
  0.28171599144401316      -0.33458092627239994     
  0.31125214716733995      -0.33144217743682236     
           9
 -0.85119500851997110       0.71622950672879049     
 -0.87121859435898164       0.71517796727455651     
 -0.89400253675263752       0.71736538792699689     
 -0.89405388634784067       0.70956871506241825     
 -0.88985671544682843       0.69445221690022219     
 -0.89779212039106859       0.68746097021522867     
 -0.86325734882056815       0.67540184501407030     
 -0.85594220010137168       0.68093514703887481     
 -0.85744250803821564       0.69472087708984620     
           4
 -0.71218385141819851       0.17822723089138079     
 -0.73620606346568251       0.16174119059688641     
 -0.71143835608204387       0.14648898170570407     
 -0.68610342188826523       0.15011756325789943     
           7
  0.59054974346945965       0.68346027321162295     
  0.59594104557189187       0.69351374337188665     
  0.58167773372977805       0.70336549490929601     
  0.54802518767047537       0.68326374351618069     
  0.55305587993967009       0.67265181081490089     
  0.54595025012274701       0.66065430772656941     
  0.59031299019657935       0.65981439434175559     
           7
 -0.49692168633337691      -0.69989224381670834     
 -0.51015415663483232      -0.68321518615830545     
 -0.54344268438605492      -0.67881754636872271     
 -0.54632458772407833      -0.68722993692342926     
 -0.52809992296303898      -0.72012463312624664     
 -0.50619987382831988      -0.71818101343263030     
 -0.49849057725042950      -0.71628344663032195     
           4
  0.52018443683114035      -0.10666471812413486     
  0.51958786188722639       -8.4277109336078876E-002
  0.47642173924155989      -0.12338571142598850     
  0.51556513877366983      -0.13054255540812726     
           5
   8.5372851004935288E-003  0.37185882640325224     
  -4.3936765064681313E-003  0.37802891848659026     
  -1.8689660204559904E-002  0.37328727017579239     
  -2.3200836744654660E-002  0.34923133128243583     
  -2.1650044486022840E-002  0.32869962380431322     
           6
 -0.64662907043015494       0.97656092597396338     
 -0.66534159793788827       0.98814043713766742     
 -0.69497954961997577       0.98458895684058167     
 -0.67090974424908290       0.94574000995376584     
 -0.65701139494158323       0.94897150022919474     
 -0.64881612815213274       0.94037641407385597     
           9
  0.55175196170430751       0.82738066199246041     
  0.55955072488506785       0.83628046922865151     
  0.51750286872795481       0.83013756688699802     
  0.51094479285404759       0.82709246663074820     
  0.51337084445478864       0.81767622375804927     
  0.53606127133449299       0.79388876248145190     
  0.54168460754349501       0.80172533168618787     
  0.55141911795558829       0.79230960641440584     
  0.55195763231408035       0.80969045722778088     
           9
 -0.27454367603117885        6.0789998308847515E-003
 -0.29591520838298940        1.3843723190830007E-002
 -0.30905973411949095        1.1942130028362440E-002
 -0.30796971505070603       -2.2285674157409676E-003
 -0.31675382597443524       -1.6709000063088492E-003
 -0.30106009605888567       -2.3997852040227950E-002
 -0.27753818366645400       -2.4045122133749573E-002
 -0.27606462458333864       -6.3286015876353212E-003
 -0.26811698245325788       -7.4759659096589144E-003
           7
  0.56986110665818102      -0.85262171498255934     
  0.54627551750503200      -0.85374479512230339     
  0.52286508497506401      -0.85088416910223852     
  0.52533995344854167      -0.89507120560590492     
  0.55762087798635651      -0.88989332391444120     
  0.56659228208623857      -0.89629723279707629     
  0.56652918266398078      -0.88776425554086547     
           5
 -0.63108226863385108       0.42387052567601013     
 -0.65184808913481063       0.40245489006716029     
 -0.64964532895170291       0.38183717603442213     
 -0.62798080339254769       0.38080243965576105     
 -0.61312804409186439       0.38912817821659379     
           5
 -0.77363321482845326      -0.54812849321714019     
 -0.77808203834199552      -0.53980983362978907     
 -0.78705406968607594      -0.54394801798857706     
 -0.79862603995574932      -0.57477281697394067     
 -0.76059408025515718      -0.55361198426182567     
           5
  0.93494374585178985       0.78470390663726697     
  0.90343406577119056       0.80638751493129635     
  0.89170655310310576       0.78052179534675326     
  0.89068185161110158       0.76998779024503317     
  0.94391745017064410       0.76350752966410540     
           8
 -0.31744986828082589      -0.80679688304903219     
 -0.33666714606477721      -0.77964777548831798     
 -0.36819097286665992      -0.78191911837783723     
 -0.35320735382414509      -0.81922812985637516     
 -0.34033361662635137      -0.82502839639576353     
 -0.33610317490093311      -0.81548463233826007     
 -0.32851234063307544      -0.82684992103981303     
 -0.32437746969176517      -0.81999687477035110     
          10
  0.62866466436853152       -6.2881459166514372E-003
  0.61382917441983242        8.3708725357704711E-003
  0.60908443932085943        1.4362613008128067E-002
  0.59661433602974301        1.5602407711640006E-002
  0.59160749716047301       -4.9955391012329424E-004
  0.59382342297528812       -1.3651489267405391E-002
  0.58896916526465670       -3.1029838795195736E-002
  0.60133111938489314       -3.2556304333439548E-002
  0.61167997441969535       -3.2965888671854432E-002
  0.62705814693881901       -1.3641166719589643E-002
           9
 -0.35247741904916052      -0.57939857441491593     
 -0.35694527499358786      -0.57024449056974114     
 -0.36959383294294584      -0.57496622893004234     
 -0.38759747857802290      -0.56906046768237450     
 -0.39305239830100519      -0.57929031928456975     
 -0.39029338830524418      -0.60516089456059918     
 -0.39369682829343700      -0.61287103393565445     
 -0.38171278302806844      -0.60509406873531846     
 -0.35630703868914565      -0.58730884160206354     
           8
  0.35077628672523298       0.77954906803417456     
  0.35304442024016136       0.78861597476758472     
  0.33808438911397520       0.79474910912494390     
  0.30707453606490304       0.77157039585980502     
  0.31193313395691796       0.75498967718541865     
  0.32637206252574491       0.75685459187002890     
  0.35760950650252354       0.75659214538047126     
  0.35396520140682386       0.76303301928204348     
           7
  -7.1923890168556784E-002  0.94724790586430274     
 -0.10019676417870879       0.95554231255691235     
 -0.10913079896094288       0.94858536286285522     
 -0.11306750163090527       0.90485480663498274     
  -9.5963392924196561E-002  0.90741817538190528     
  -8.9697707132468552E-002  0.91387001331293927     
  -7.2045853123482245E-002  0.92860196000464434     
           8
  -4.8688440525361511E-002 -0.61847344261776349     
  -6.6489224086345070E-002 -0.62400869694013539     
  -6.5319659476437752E-002 -0.63756369366952925     
  -6.9960899257794695E-002 -0.65605034581221999     
  -7.2871386188608125E-002 -0.66379694517507015     
  -5.3732086009517899E-002 -0.66520944870616971     
  -3.5899687150561667E-002 -0.66283836492892123     
  -2.2198275172561358E-002 -0.65549317340300106     
          10
   3.3792265685948494E-002 -0.30382541885354380     
   2.4929752124741869E-002 -0.28467467059666146     
   1.5290396449662350E-002 -0.27956073104994850     
   8.3980467849356019E-003 -0.28825935610641873     
  -1.4415606722738162E-002 -0.30435639353764676     
  -1.0284787480261435E-002 -0.31214800120619873     
  -1.4102072039507946E-002 -0.32655155984804124     
   1.0832006715376147E-002 -0.32511704679094422     
   2.6685818186519144E-002 -0.32956571182576383     
   3.2477834722354409E-002 -0.31968805246455512     
           7
 -0.90010320016298240       0.32873859706761077     
 -0.89699543607072363       0.33808305069684064     
 -0.91045167083647860       0.33560814187563104     
 -0.92877376098342035       0.33464182793253244     
 -0.94865245428378786       0.30999576102065124     
 -0.94053917933761466       0.31312222219216473     
 -0.94180262550326632       0.29892511388437115     
           8
 -0.94999925125205087       0.92875129827816583     
 -0.97289690716956390       0.94403646432187371     
 -0.98892356678122240       0.92984784300144319     
 -0.98664390474194430       0.91886566505019507     
 -0.97981926514258344       0.91205843700306077     
 -0.98667051443208909       0.89925458964378469     
 -0.96214065404106575       0.89542660265573215     
 -0.95448856989994413       0.89789521511505066     
           5
 -0.64643478089084161      -0.22986882659223934     
 -0.63521980817498003      -0.21245009851786886     
 -0.67366702835084113      -0.21064920428397163     
 -0.66547113834947647      -0.26222221615447500     
 -0.65074262850794673      -0.25751945165737639     
           8
  0.80256689272133974       0.68364770701147259     
  0.76409436060366764       0.68764878208583702     
  0.76213736778994579       0.66960330152777947     
  0.75543216091210819       0.65253084264236505     
  0.76443229202466401       0.64787160055426551     
  0.76322318775751063       0.63831055823392768     
  0.77082758984008171       0.64117053799334323     
  0.79407658514559665       0.65109914680778158     
