   1.0000000000000000
   50.000000000000000     
          24
          12
   8.0000000000000000     
   9.0000000000000000     
   6.0000000000000000     
   1.0000000000000000     
   2.0000000000000000     
   5.0000000000000000     
   3.0000000000000000     
   8.0000000000000000     
   3.0000000000000000     
   3.0000000000000000     
   7.0000000000000000     
   3.0000000000000000     
   5.0000000000000000     
   6.0000000000000000     
   3.0000000000000000     
   2.0000000000000000     
   6.0000000000000000     
   4.0000000000000000     
   7.0000000000000000     
   2.0000000000000000     
   7.0000000000000000     
   1.0000000000000000     
   2.0000000000000000     
   4.0000000000000000     
           1
   0.0000000000000000        0.0000000000000000     
          11
 -0.37342911070396795      -0.30152899886333995     
 -0.36658735437127682      -0.28769289985492852     
 -0.40930729828316031      -0.28556483737979416     
 -0.42548454013995646      -0.29391144440339473     
 -0.42176226541468914      -0.31259025203246921     
 -0.42530222406852780      -0.34099506813755021     
 -0.40438899379083498      -0.35511460750105373     
 -0.37261546171036791      -0.34440191410337201     
 -0.35759215249222298      -0.35547536651316847     
 -0.37055307038017782      -0.33002309476934372     
 -0.36465829976594522      -0.32227339423301066     
           9
  0.67884222285029194      -0.62192633198113956     
  0.64603556680409202      -0.60152670576780065     
  0.62112859431203227      -0.60579904991197719     
  0.61569192513710413      -0.62170177255149606     
  0.62936426710955917      -0.64035405436998449     
  0.61743534625304763      -0.66495448684002378     
  0.63932216415460286      -0.65015347218525021     
  0.64208130821839715      -0.66342402314707105     
  0.65797283507444293      -0.64876332318769070     
           9
  -9.9053851872705323E-002  0.91743644291177484     
 -0.12351679348620195       0.95136987466991063     
 -0.16017517425284092       0.93610258254820133     
 -0.16682720220053820       0.92905093579892983     
 -0.16675725189923488       0.90262412216732324     
 -0.14520437724206145       0.89098459810219777     
 -0.13585189501347514       0.88831600594975269     
 -0.12925848961128877       0.90004802364470926     
 -0.11423904743234975       0.89469192139758980     
           7
  0.80695955445042711       -8.8895645978863153E-002
  0.80375125678912307      -0.12921773016002122     
  0.79727914020465596      -0.15305825323908012     
  0.82204330359936184      -0.14481535304728599     
  0.83917488573382837      -0.14819562707147899     
  0.83639880499188468      -0.13673711338158609     
  0.85178468540492169      -0.13519480951935914     
           8
  0.65888326081898907       0.75336885893227812     
  0.64620357340832069       0.76784632997875979     
  0.59901520728111990       0.76394235785170195     
  0.59796025404666941       0.71101287050876993     
  0.61062005565224509       0.71586806375036272     
  0.63182786961543291       0.70306905976399514     
  0.63306977754419091       0.71616558000040675     
  0.65921727153125576       0.71023265229663202     
           4
 -0.21913986135817498      -0.61265305812876625     
 -0.25031525695486967      -0.61140215843329493     
 -0.24579836428325075      -0.63925530192578883     
 -0.19788747338190374      -0.65411408328163068     
          11
 -0.90659662879178093       0.49945527382072846     
 -0.91025195235914369       0.51201134281248029     
 -0.90812656400276603       0.52452100983623040     
 -0.92609183220359870       0.51685382950364422     
 -0.93223379589538191       0.52646008225354612     
 -0.96967482233507007       0.50945308910089238     
 -0.96730037610065822       0.46523782646887274     
 -0.95527993731385874       0.47234519517144213     
 -0.93436584295991687       0.47274818532577112     
 -0.93476214352035114       0.45892840715761241     
 -0.91738469050107008       0.48668076462782944     
           9
  0.39945040247225144       0.17890436378936769     
  0.38918182217241465       0.19964049742183951     
  0.37009350953990167       0.19671660554187648     
  0.36379888887619077       0.18620154256937715     
  0.35461854385998953       0.18284246133063484     
  0.33970659514377838       0.15636356114190555     
  0.34700890576357596       0.13256097295947183     
  0.40359248045412016       0.14479108023335255     
  0.40446035877696329       0.16482236442627504     
          11
 -0.33501390228321587       -8.0620028615176448E-002
 -0.34732414856268390       -7.9485137955612531E-002
 -0.34111788046922847       -6.8987483244984854E-002
 -0.33454990746325414       -6.0433680107949778E-002
 -0.36017241589294086       -6.9903251583000106E-002
 -0.39633285469340718       -6.0119933600450176E-002
 -0.38531285071077609      -0.10888960974085439     
 -0.39943712596418224      -0.11983742456841803     
 -0.36639792247516478      -0.12089947464068709     
 -0.34027079012452693      -0.11549703529219998     
 -0.34577745909037816      -0.10580471633979291     
          12
 -0.24872785493360783       0.48569461696404947     
 -0.23584775912653133       0.51607919382351419     
 -0.24598344040311693       0.50770751215800558     
 -0.28766816453137067       0.51394766641645051     
 -0.28605312209039319       0.50506558295804027     
 -0.29698834637014299       0.49380348540311131     
 -0.30039012700917200       0.45430418702669456     
 -0.28645130987475143       0.45952723229866255     
 -0.26934460817741757       0.46224551996483043     
 -0.24214117406110239       0.45511814240812698     
 -0.23957363230362694       0.47427882157467066     
 -0.24107510828320469       0.48268411317867477     
          11
 -0.50890949062422852      -0.26063484967718220     
 -0.50432232559011458      -0.23879124625650064     
 -0.55231050995915676      -0.25021157071987937     
 -0.55921824296851663      -0.24154682496032814     
 -0.56936342914969629      -0.26824608194521371     
 -0.56878373767441459      -0.28344503417035971     
 -0.55073109023210931      -0.29211918243083396     
 -0.54458501732137732      -0.30337247040538773     
 -0.53700284849933932      -0.29050300788599265     
 -0.51742264569419238      -0.29353032181018951     
 -0.50648724196106409      -0.27925215132361714     
           7
 -0.28278472922429032       0.31944952945888028     
 -0.30597038313216796       0.32471128829049983     
 -0.31602954743088790       0.32956824788017225     
 -0.33668846652222384       0.30454453247020530     
 -0.31994121020534727       0.27647194897429200     
 -0.28807155986607652       0.27629862187076248     
 -0.29135193202984916       0.29741258043285818     
           7
  0.91099823566391680      -0.49879179223833359     
  0.89145901635548630      -0.51406162996383886     
  0.86034717514412362      -0.50531234743847531     
  0.85883424463893565      -0.54800191157267542     
  0.87167397160181226      -0.55970039631298940     
  0.90460817375808389      -0.55775289343937173     
  0.91978505611527606      -0.53330700934694175     
           8
  0.32226823015027800       -4.8854066180821158E-002
  0.31089671476678693       -3.8950222304364568E-002
  0.30196454794486594       -4.3108399954312926E-002
  0.27983898240394950       -4.0032337865595388E-002
  0.28540026146947839       -5.1131526787457707E-002
  0.28146864486227863       -8.6038502079901075E-002
  0.31347642461577430       -9.8123141481758269E-002
  0.34191321733726188       -9.4421124112395144E-002
           5
 -0.21639464926320531       0.70820876569245339     
 -0.27557751042118306       0.70897006375623806     
 -0.27725052476569750       0.66275717972081327     
 -0.22484208244737056       0.64853017863642715     
 -0.22388979804687278       0.67296084804581469     
          11
 -0.89757506461231262      -0.52804135089572224     
 -0.92691003390651661      -0.49531191330899799     
 -0.94223764333802829      -0.50744332402354431     
 -0.95074419215290484      -0.50001814500117037     
 -0.95529775021197350      -0.52271474360588510     
 -0.94645439045480018      -0.52621266314908810     
 -0.95896331674768764      -0.54089088750466408     
 -0.93405756187149613      -0.55708301325759624     
 -0.92508330174072650      -0.55256937475073675     
 -0.90766921454900551      -0.54550258394732121     
 -0.89953198253212607      -0.53749551443784416     
           6
 -0.39489148073796587       0.10678882367083052     
 -0.41078653670110327       0.10352509891953213     
 -0.42438780183309222       0.11468431081472902     
 -0.44896795139570045        8.7892050453635795E-002
 -0.41112572014877202        5.9723141652525472E-002
 -0.38296970887599802        8.1946782942868598E-002
           9
  0.44382012684510275       0.40267300385186794     
  0.44648449239304056       0.42280553310551672     
  0.43547800632059963       0.41592801342671581     
  0.42435009774590432       0.41891216314991225     
  0.39194934087561617       0.40232346357350229     
  0.38272229846834688       0.39193878971357049     
  0.37963721534061262       0.37187370644816969     
  0.39158097175609324       0.36297266612754986     
  0.41861292124470367       0.37284095268354600     
           4
 -0.39301299340327367       0.87275008536842591     
 -0.41737342426642671       0.86181474574460559     
 -0.44966312899824701       0.87320170689440701     
 -0.43057410961576792       0.81729326735788133     
           4
 -0.46529277736265601      -0.64180797411335289     
 -0.48071580966289806      -0.63136594336460028     
 -0.51056852236881600      -0.67364729870851714     
 -0.46583244803451046      -0.66108615964845208     
           3
 -0.21577020751963227      -0.72833258954576685     
 -0.25913058553757046      -0.74195747689975122     
 -0.22735550307869523      -0.77589825169256987     
          10
  0.81451397291818917      -0.17805741349714838     
  0.80444988708586973      -0.18520599101743765     
  0.79574958914250526      -0.18143122206306994     
  0.78692742032685803      -0.17533053877279459     
  0.79287517644439398      -0.19629229946726642     
  0.79080025653542829      -0.20910690799502529     
  0.78296568735977801      -0.22142842789792716     
  0.78201832393311688      -0.23386296813126820     
  0.82419134761885604      -0.23569111890071040     
  0.83572730696607989      -0.23950171007506690     
          10
  0.26818881871396516      -0.39573507264467206     
  0.26755000502252702      -0.38425371401286657     
  0.23294603787912560      -0.37780215135982287     
  0.21399323457565769      -0.36596244905959496     
  0.20667632422167931      -0.37540555896507605     
  0.21566235175255494      -0.38524926116555047     
  0.22258903431428043      -0.42898227079819456     
  0.24188747625039417      -0.42994907811365629     
  0.25852266620440606      -0.43233271367813386     
  0.26270168524045556      -0.41126312438763402     
           4
  0.27062572932571838      -0.72861458253117706     
  0.21820687107232492      -0.74802684591712409     
  0.26740787460309523      -0.78814084010945951     
  0.26496911889621855      -0.76411470975108398     
