   1.0000000000000000
   50.000000000000000     
          60
           8
   10.000000000000000     
   10.000000000000000     
   3.0000000000000000     
   4.0000000000000000     
   2.0000000000000000     
   3.0000000000000000     
   5.0000000000000000     
   7.0000000000000000     
   6.0000000000000000     
   3.0000000000000000     
   3.0000000000000000     
   1.0000000000000000     
   1.0000000000000000     
   3.0000000000000000     
   10.000000000000000     
   6.0000000000000000     
   1.0000000000000000     
   8.0000000000000000     
   4.0000000000000000     
   6.0000000000000000     
   7.0000000000000000     
   6.0000000000000000     
   10.000000000000000     
   7.0000000000000000     
   7.0000000000000000     
   10.000000000000000     
   7.0000000000000000     
   8.0000000000000000     
   10.000000000000000     
   8.0000000000000000     
   4.0000000000000000     
   9.0000000000000000     
   9.0000000000000000     
   2.0000000000000000     
   6.0000000000000000     
   1.0000000000000000     
   3.0000000000000000     
   6.0000000000000000     
   1.0000000000000000     
   1.0000000000000000     
   9.0000000000000000     
   7.0000000000000000     
   6.0000000000000000     
   9.0000000000000000     
   1.0000000000000000     
   4.0000000000000000     
   5.0000000000000000     
   7.0000000000000000     
   1.0000000000000000     
   4.0000000000000000     
   4.0000000000000000     
   6.0000000000000000     
   3.0000000000000000     
   1.0000000000000000     
   3.0000000000000000     
   4.0000000000000000     
   4.0000000000000000     
   4.0000000000000000     
   1.0000000000000000     
   3.0000000000000000     
           1
   0.0000000000000000        0.0000000000000000     
           5
   9.5831016655784182E-002 -0.87881368305419783     
   9.7345956155782926E-002 -0.86367908349200018     
   9.0232976503935691E-002 -0.87133404797828873     
   8.3191066016394116E-002 -0.89200627549570410     
   9.7945379376017910E-002 -0.89620027650922174     
           3
  0.49511754210953302      -0.82058994917736505     
  0.47112163455599143      -0.82258789111842689     
  0.47841558861090716      -0.85906994235711254     
           3
  -6.6325646691896487E-002  0.50720175396339384     
  -7.2295782404913217E-002  0.52186162775403333     
  -8.4500383422904279E-002  0.49128715799245570     
           6
  0.92521822756420191       0.12269102873765636     
  0.89960285880663915       0.13771658923556002     
  0.90156804095180421       0.11744820470919964     
  0.91957422046021398       0.11786721134497315     
  0.93173437787524427       0.11701979874868026     
  0.94036347757584759       0.11492948622379155     
           3
  0.65398018536264624       0.31752175801173199     
  0.61974753663635740       0.30968506700646320     
  0.65169587176877208       0.29598966906354440     
           8
 -0.83278809665970011      -0.40928306066763515     
 -0.83158467413244197      -0.39741515605367261     
 -0.87106917242390314      -0.39312376161068913     
 -0.86612069731665431      -0.40583137408940068     
 -0.86513923413680183      -0.41256137969681739     
 -0.86742292520877573      -0.42363074306771914     
 -0.84778010857295993      -0.41988765176595549     
 -0.83323834592721824      -0.41871273798449749     
           5
 -0.87870569283115185      -0.55393754850663612     
 -0.89639038222986356      -0.56235678550181400     
 -0.90451912799039447      -0.55843339525604696     
 -0.90656175345930945      -0.58755688594123046     
 -0.88542585133454677      -0.57820868252387769     
           7
  0.46203565596366875      -0.23817815697460634     
  0.43362768786475170      -0.24566357163521738     
  0.42693033732427721      -0.24437214915141270     
  0.43239260597655660      -0.25297404106515714     
  0.42468092260842694      -0.26073646914157117     
  0.46261922981339221      -0.26875156295323455     
  0.46821547747368608      -0.26163624404930386     
           5
  -6.2674176316477911E-002   8.7522020946831383E-002
  -6.2460828733746511E-002   9.5546080902293676E-002
  -8.0059986355606350E-002   9.3575912251124937E-002
  -7.5283229248695405E-002   5.6970878502995259E-002
  -6.3322341504183532E-002   6.1100078824746835E-002
           8
 -0.25000704282286301      -0.31214806074093643     
 -0.26757694331068704      -0.31432853256722959     
 -0.27586829769336657      -0.31536532297708147     
 -0.28437577806858455      -0.32640154743285471     
 -0.27675626959170174      -0.34729629226205777     
 -0.27218275288000204      -0.35621796392776878     
 -0.26397925488627871      -0.35597863796239959     
 -0.25460465294179485      -0.35039340812548214     
           4
  0.16071686146369005      -0.18693682521654598     
  0.11998929991311207      -0.18993472267194081     
  0.12384424971423835      -0.20104338518213005     
  0.15683604281945682      -0.20811357296635657     
           8
  0.78946020476532097      -0.33056246110673743     
  0.77612140179025713      -0.32764870081920178     
  0.76638792010405021      -0.32754221221420071     
  0.76171727496108432      -0.34108914148487623     
  0.75911387737868941      -0.35890268098420863     
  0.76591272349993444      -0.35376953988757720     
  0.75796127619573728      -0.36632208306266240     
  0.79789120432773497      -0.35274119039405133     
           3
 -0.52002782741891995      -0.40111525003153281     
 -0.55270122763426222      -0.40937890661496551     
 -0.54369857212307959      -0.43882840554064384     
           3
   9.9913479511533454E-002  0.64133347746498637     
   9.8120717585903933E-002  0.65258012177839186     
   9.9385843085306153E-002  0.62817725031511684     
           3
 -0.46011369269851038       0.75228684828292358     
 -0.46118275659872210       0.71779505201748584     
 -0.45230240128649146       0.73475000757520570     
           6
   5.8601310040724955E-002 -0.68281215681477403     
   4.6265577167870851E-002 -0.68125173437742204     
   2.7965558638521779E-002 -0.70087361680104487     
   3.4228556596402934E-002 -0.71274729029565631     
   5.9493546046435433E-002 -0.71337841348558972     
   5.4345096633769754E-002 -0.70753698682542898     
           3
  0.73594184741936497      -0.93232284024093803     
  0.71056161428196685      -0.94557391048593054     
  0.72682500296571362      -0.94374979680552562     
           5
 -0.44869507528820557       0.35276576122714109     
 -0.47068745755001368       0.34883366560829859     
 -0.46013340603366998       0.32114421498139101     
 -0.44973752308162501       0.31839727644376503     
 -0.44727032389059440       0.32791378870387100     
           3
  0.52462973128074053      -0.13163156262951717     
  0.49217920831658718      -0.15059145964184412     
  0.53025114237871773      -0.14880794195714181     
           3
 -0.46409253370090342       0.54047979532548329     
 -0.48991542870235888       0.51115645911671914     
 -0.46470823272529499       0.52306034557148540     
           8
 -0.41791086231615004       0.44389931922909442     
 -0.42869557786574969       0.44085528316103678     
 -0.44112178395614660       0.44235856263612827     
 -0.45766062116063094       0.41737119329679462     
 -0.45111530882335454       0.40989118330830498     
 -0.43390207004752912       0.41032043961628872     
 -0.42686669217690149       0.41064169373702031     
 -0.41883086688447729       0.41025157983932997     
           3
 -0.95000604691241175       0.35763833953595531     
 -0.96171961074392798       0.35119570793053306     
 -0.99120664007867099       0.32007871548708766     
           3
 -0.59612841609773981        5.9171094205836453E-002
 -0.61403919009009322        5.2263652572097266E-002
 -0.58065348991649168        4.6828351531884117E-002
           5
 -0.46721375770172369       0.21123990662671563     
 -0.48624111981954177       0.22080684611789167     
 -0.50000883765579329       0.21508741998484859     
 -0.51000623595326655       0.20696201726250876     
 -0.47491557182885025       0.19046437393964530     
           7
 -0.15979169769177765       0.14278637352146215     
 -0.17556285556218865       0.14043402511241149     
 -0.17901996488864960       0.12984361467688293     
 -0.17757624324349836       0.11077507579559878     
 -0.17462047918986387       0.10287107891283370     
 -0.15777446756781130       0.10286117795534663     
 -0.14500489007590686       0.10334566326177710     
           6
  0.69250382359351503      -0.12885573111486542     
  0.67196206071859987      -0.12536873923779268     
  0.67701422750761242      -0.13946327828111790     
  0.67677687260822306      -0.14848607346804477     
  0.67644062977282227      -0.16482810630785452     
  0.71403941770256429      -0.15480963797750011     
           6
   6.5102164261322731E-002  0.90811086813651942     
   5.4895287542257191E-002  0.91226903718680052     
   4.8832545610472219E-002  0.89102241641937108     
   5.4265752404795843E-002  0.88591283275679589     
   5.8556922312566144E-002  0.87205253843988451     
   8.7518830736014935E-002  0.88757020367653849     
           5
 -0.71403121165383743       0.63426711656504209     
 -0.74937609206013944       0.62668086630974629     
 -0.74459845953245707       0.60478902946699131     
 -0.73619852265291208       0.59719610365194131     
 -0.72101025850835809       0.59683134032543705     
           3
 -0.34395669174179794      -0.44632188577914284     
 -0.34591598699100584      -0.46127651951413096     
 -0.31989750978199488      -0.45418362670498807     
           8
 -0.19454731235189929        1.1250887151883916E-002
 -0.21671415626691756        2.6751515513717065E-002
 -0.22322593572160460        1.6441009192230252E-002
 -0.22179010304682406       -1.0533760966616301E-003
 -0.20460410119204075       -1.1181456366396315E-002
 -0.19624101526409415       -1.2029292168458335E-002
 -0.18924266144251359       -7.8721968554794370E-003
 -0.19542857770287159        2.5941403192730672E-003
           8
 -0.35941195226758454      -0.49548019782320357     
 -0.36559272266899401      -0.48797012837567733     
 -0.39196441869590948      -0.48367087520023161     
 -0.39663535913745851      -0.50218088775749303     
 -0.38108387246693398      -0.52469091375389054     
 -0.37034195440770667      -0.52540254577091183     
 -0.35713871918035450      -0.52601410542971316     
 -0.35872129136466657      -0.51509588226693170     
           7
 -0.13400915120182280       -2.4601833224664249E-002
 -0.15293573807582309       -2.0717033318285304E-002
 -0.16363838758769647       -3.0839318988488837E-002
 -0.16947924031069561       -3.4666849316571650E-002
 -0.16870076273210763       -5.4152530516629507E-002
 -0.15606999362955212       -6.1109949040686964E-002
 -0.13700146028771953       -4.9532519584466916E-002
           7
   8.5281948535888830E-002 -0.29939891254812007     
   6.1390934350249268E-002 -0.28258704212790309     
   5.4789030226142538E-002 -0.28709664310646077     
   5.4083125897908597E-002 -0.30007041025981873     
   4.6366072031492150E-002 -0.30865208396672184     
   5.5931504354518935E-002 -0.31571856866923093     
   7.0002102846155018E-002 -0.31771895477875572     
           7
  0.60491029242842775        1.2176595624032813E-002
  0.58718397680014844        1.9687070888448295E-002
  0.59313744567787363       -6.7641464229520878E-003
  0.59000489750390017       -1.8461130592651264E-002
  0.59854674811436825       -1.1142036278283668E-002
  0.60644684397373516       -1.1947395149288621E-002
  0.62072492526830181       -1.5050356341958438E-002
           8
 -0.20272767551487322       0.41034772666906844     
 -0.20865576770685487       0.41609130589381049     
 -0.22075699816467259       0.42345417853550149     
 -0.23292500912673872       0.42647110471505284     
 -0.24240699777542649       0.40489191882908271     
 -0.23997599013300863       0.38751474754383602     
 -0.22106224695642379       0.39137272286428898     
 -0.20567143345282801       0.39643171209182204     
           6
   1.4138610143712448E-002  0.10362321214883222     
   3.5959571943273926E-003   9.9281579961507022E-002
  -1.6252526199782673E-002   8.2441966406005471E-002
  -5.2346496154242680E-003   6.8743874352903300E-002
   2.8461611674381348E-003   6.4161786110440780E-002
   1.2425322417229549E-002   6.4230575852904787E-002
           3
 -0.82679770564414823       0.94720104901486246     
 -0.79669400092543885       0.92270444751137770     
 -0.79796518466894639       0.93472912937099739     
           6
  0.28108391707899422       0.72885861571552679     
  0.24904946625738833       0.72629113062666617     
  0.25394627925236946       0.69500422848061694     
  0.26220841079979790       0.69682778173928905     
  0.26659847614058180       0.69041272718972968     
  0.28572814187022288       0.70085092917763725     
           5
  0.81443362824062260      -0.27950111228305807     
  0.78821652685297483      -0.27076861011837244     
  0.78014108269494808      -0.26543237733789654     
  0.77180296203392906      -0.29220689565985475     
  0.77853166110130301      -0.30327994099591793     
           6
  0.47952482825916359        3.6233960882606805E-003
  0.48613018383644191        2.1420210983735161E-002
  0.45198699494126066       -3.3913228767516023E-003
  0.45077319383500603       -1.0806566534734809E-002
  0.48627948280166894       -1.8429574091577635E-002
  0.48622979712823261       -3.7908563202684936E-003
           3
  0.10055310058710762       0.58272592522857247     
   6.8200000915478523E-002  0.59119036231587407     
  0.10450318549158900       0.56058400145269416     
           3
  0.56910577445403776      -0.95132467416118671     
  0.54410705611125942      -0.94761100511493035     
  0.58110506200995904      -0.97263023654663305     
           6
 -0.31054887632293876      -0.54625325151119042     
 -0.31968303337448845      -0.53560352419103940     
 -0.32729852918511676      -0.53671061669693110     
 -0.34677785734228628      -0.56542713872427974     
 -0.34606799707511376      -0.57540862490549882     
 -0.32162494574140316      -0.57145357198761892     
           5
 -0.19832218675987318       0.15932111545864822     
 -0.20812099005454285       0.17960131907131061     
 -0.23355887794954550       0.13649528805692901     
 -0.22197871360778057       0.13696067229313261     
 -0.19040132857791170       0.14969723613231886     
           5
 -0.77841787421681696       0.79416666315788831     
 -0.81589271964599475       0.76534590354207233     
 -0.79756226389200280       0.75986990608797833     
 -0.78051661455910304       0.76106904601525582     
 -0.78217387017078821       0.76898097237302809     
           6
 -0.86470698299969251       -5.6243307190354946E-003
 -0.90202304613082385       -4.3512197878354131E-003
 -0.90404320464628951       -1.3643500150946133E-002
 -0.87986994278374842       -2.7182775877942215E-002
 -0.86963150270702294       -3.7511907189196877E-002
 -0.86302372584796305       -2.3741968928345313E-002
           3
 -0.34598031181107658       0.57858614376394391     
 -0.38122903021215954       0.57722577187235524     
 -0.38595317404548507       0.55895354447992929     
           4
 -0.27305607635176049       0.82433254513160525     
 -0.28378272907776569       0.81328047538702164     
 -0.28234479543061874       0.78637577312281726     
 -0.26339140694067392       0.78573213701986155     
           8
  0.19367934308103243      -0.12572239108298056     
  0.17805176385911317      -0.12990180932366827     
  0.16480899242060673      -0.12295495747006027     
  0.15283506890965037      -0.12256948673650198     
  0.16083831171027774      -0.13391722581179019     
  0.16172387817466077      -0.14241438496007783     
  0.16086129158362145      -0.15018673036243360     
  0.17600908124638209      -0.15998571612580464     
           5
  0.17523074285969670      -0.50353168431832218     
  0.16877631509630392      -0.48908086534783068     
  0.17227093042492264      -0.51894746971119743     
  0.17863774124527665      -0.53017138559237997     
  0.19491974469371343      -0.52853843853106253     
           7
  0.98414578444444567       0.19206561636586902     
  0.98680172072607997       0.19846988322919173     
  0.97156297247736489       0.20005413913605274     
  0.96385946494406172       0.19553888837505468     
  0.94547251373971652       0.19064440203302849     
  0.95435885988550850       0.17412321864416361     
  0.96810949769752708       0.16110683471983425     
           3
 -0.48159773881005791       0.39862119410264307     
 -0.49806345529560908       0.39509704035663445     
 -0.49226717225015609       0.36538375276852575     
           8
  0.73993621555587252      -0.70834275026579219     
  0.73389828957572312      -0.71499990773277755     
  0.72435105305991843      -0.71516600781293393     
  0.72528145509552244      -0.73037483358950095     
  0.73479582217177464      -0.74598908961824484     
  0.75375443890439109      -0.74820437021276143     
  0.75884563889736634      -0.73236688378237924     
  0.75410421582780174      -0.72800171788067947     
           4
  0.93846469680463052      -0.45194039799817842     
  0.92570108977943166      -0.44152196845786168     
  0.92004200255982371      -0.47619049138744718     
  0.92742094592101354      -0.47061941774393967     
           5
  0.73640309905158352      -0.17127438869260675     
  0.72020863291136317      -0.17747266130359302     
  0.70283790419570502      -0.18627512365937213     
  0.71024481474841750      -0.20259441700888084     
  0.74182609353375739      -0.21385822404261759     
           4
  0.81847575863048627      -0.48778788488711777     
  0.82060879134332554      -0.50443742938464076     
  0.83139821115762436      -0.51177153559190913     
  0.84708405770469553      -0.51216309334973087     
           6
 -0.28011420700466616       0.15747496912065781     
 -0.28890518832646345       0.16682380603468894     
 -0.30729714228031690       0.16729082778275350     
 -0.29994984130768426       0.13298323185956737     
 -0.29006217956642633       0.13034207531366854     
 -0.27029622117234670       0.14654615902469623     
           4
  -9.3595876012423765E-002 -0.92134536787483567     
 -0.11225132591242519      -0.92204011880890491     
 -0.11480522143546046      -0.95757837786641731     
  -8.6269066075034248E-002 -0.94227491682828590     
           8
 -0.92879349299949387       0.90182315645691846     
 -0.93975841829959672       0.91104629224029021     
 -0.94828877802585509       0.91796905068666601     
 -0.96335739216170324       0.91683033114024659     
 -0.96107492672462425       0.90730044883070193     
 -0.95819203713422862       0.88207205580904613     
 -0.94402839609830147       0.87859012778204881     
 -0.93027911786761563       0.88744461993639912     
           6
  0.19808282195837851      -0.39876226642976820     
  0.19567824512185078      -0.38437613592508624     
  0.15975607235399344      -0.38998008717154869     
  0.15976059573269175      -0.40339838046431375     
  0.16589595952039446      -0.41379429434149240     
  0.18045622355949423      -0.41471597915459257     
