   1.0000000000000000
   50.000000000000000     
          22
           8
   8.0000000000000000     
   7.0000000000000000     
   6.0000000000000000     
   10.000000000000000     
   6.0000000000000000     
   6.0000000000000000     
   7.0000000000000000     
   4.0000000000000000     
   8.0000000000000000     
   5.0000000000000000     
   2.0000000000000000     
   9.0000000000000000     
   8.0000000000000000     
   2.0000000000000000     
   6.0000000000000000     
   3.0000000000000000     
   10.000000000000000     
   8.0000000000000000     
   2.0000000000000000     
   2.0000000000000000     
   1.0000000000000000     
   3.0000000000000000     
           1
   0.0000000000000000        0.0000000000000000     
           7
  -3.6248531095801929E-002  0.36283953849622319     
  -9.6237404288885151E-002  0.39686826224556881     
 -0.10034867981445963       0.35298691387020864     
  -8.8805292615691311E-002  0.34588756469044923     
  -9.9193787262914473E-002  0.33942875943520567     
  -5.4890776228067831E-002  0.33508830748622848     
  -3.3340360929683496E-002  0.34851532430942211     
           8
  -8.9185743171690257E-002 -0.45738965107830221     
  -9.5623992295204241E-002 -0.46762214528887674     
 -0.12016985111100670      -0.45643027209716169     
 -0.11304443492714381      -0.49219943991042664     
 -0.10871667046869220      -0.50253332447431598     
  -7.5422241677596952E-002 -0.52160468411831640     
  -6.4071612509872214E-002 -0.51877290057924996     
  -6.6170775743829652E-002 -0.49676977588514737     
           4
 -0.89532584348419653      -0.14363268847284191     
 -0.91367571197206954      -0.13183269787441837     
 -0.92351127425076285      -0.15087389931750050     
 -0.87030960915054545      -0.15169695068589592     
           3
  0.83837392872340399      -0.50441387710677232     
  0.78487796243799213      -0.50163291004270871     
  0.83459272463571288      -0.53990166068455758     
           4
  0.88043827431899657      -0.80579404344505312     
  0.84711392462740354      -0.77261899657489275     
  0.85377207296596802      -0.83314001737097976     
  0.88521322474794428      -0.83347256660355806     
           8
 -0.74504701782339400      -0.22514247260213688     
 -0.74094132487619002      -0.20123262434425190     
 -0.75193105301687990      -0.19450220010974564     
 -0.77430702385653183      -0.19832102247013950     
 -0.80941567313714702      -0.24263687307412901     
 -0.78082265313924970      -0.25354864496585516     
 -0.76904549142593082      -0.24590913956903124     
 -0.73871195407611479      -0.25048402197906910     
           6
 -0.19142555194931676       0.70222277162974445     
 -0.19733469748396004       0.72204694883668663     
 -0.25037461947735284       0.70865529803007432     
 -0.25175971266155039       0.69368593639377396     
 -0.22855903413095938       0.67364674382078316     
 -0.18928699739581917       0.67757550344220208     
           5
  0.31071067261122498       0.54154262933244135     
  0.24525373745013768       0.54934268462767111     
  0.30230181125658817       0.49822312777384203     
  0.30628414956429584       0.51684859758912138     
  0.29590090028810656       0.52469384874413338     
           7
 -0.64707418468306666       0.27643953865039400     
 -0.65299246322306748       0.29047508392589405     
 -0.68378260706055094       0.30177376194430094     
 -0.69831894512497261       0.30153110479353229     
 -0.69370338718742341       0.25371918272101684     
 -0.70303349798846160       0.23648809227443357     
 -0.67181624799180240       0.23963785958065975     
           4
   2.4730196509228346E-002 -0.92794018111598331     
  -2.2941843706113480E-002 -0.97402393577585533     
   1.8789788673275531E-002 -0.99041213468175615     
   3.7527692218786331E-002 -0.97973763249903478     
           8
  0.13973724847124691       0.69033829767437638     
  0.13122667455059384       0.71005316842671562     
  0.11357919075194825       0.71004950189447935     
  0.10790533649423878       0.69624986449870141     
   9.3848528344452453E-002  0.70528297600876422     
   7.9787671333622009E-002  0.64626687995051946     
  0.13814014043005679       0.65707017325658779     
  0.13690640446988883       0.67489526097825014     
           8
  0.35812182558172451      -0.40379889945042302     
  0.28960559716690404      -0.41053394860134201     
  0.29443863058803510      -0.42212525136345103     
  0.28937502971594947      -0.44522657987725567     
  0.29845324725554845      -0.45183654474374391     
  0.31208880530466637      -0.45075022080213639     
  0.33453955057294826      -0.44573078391130894     
  0.34754239303207429      -0.44359056488451409     
           3
 -0.41682218632698642       0.80588252281034956     
 -0.46464619758344550       0.79054278955601520     
 -0.40670403821290163       0.77377571353157393     
           3
   8.5982899968785054E-002 -0.40913077883309118     
   4.1657251024085136E-002 -0.41599120500774217     
   9.9819830294950063E-002 -0.42090574414186577     
           6
  -9.6510962828178476E-002  0.74791645592048495     
 -0.10861740329280206       0.74520606905170617     
 -0.13880649986606186       0.74018556269259228     
 -0.12990122223008463       0.70731552534386233     
 -0.13300506282562477       0.68262219270821600     
  -7.4148005818717361E-002  0.68072162337607800     
           8
  0.14712423260975316       0.35243581195845880     
  0.12376907367207654       0.36104411210758613     
  0.10640257554737828       0.35685341601749659     
   9.7455257287427224E-002  0.34784073724294473     
   8.6967941081136729E-002  0.30529566897698140     
  0.11288558682116687       0.30699952977633638     
  0.12725048809097814       0.30624486759812597     
  0.14676993145767414       0.30608791345452646     
           7
 -0.55381241114266622      -0.58870995305996565     
 -0.59534667801102115      -0.57866986522872466     
 -0.61343300962803993      -0.56889935954813708     
 -0.60963367475648211      -0.59796196430322091     
 -0.61300156049286414      -0.62916830570272420     
 -0.59367951671904517      -0.62354996230698811     
 -0.56022114129756861      -0.61980140370692705     
           4
   6.3854338236174521E-002  0.60476549333994922     
   4.1314307790506245E-002  0.57622797123848046     
   4.3079525330497810E-002  0.55457155432374061     
   9.6315490486929334E-002  0.53939039129765198     
           6
 -0.37908495561325689       0.45733972387902716     
 -0.38176859669555546       0.47872462746477851     
 -0.44443245830977873       0.45799884722276979     
 -0.44387579372150504       0.43428897371441205     
 -0.44385493467062992       0.41559256899130631     
 -0.42129002389491743       0.41916443080939286     
           4
  0.58586758539975148       0.20544943629935936     
  0.55160682947120354       0.15768250456382721     
  0.58858054020299366       0.15975597872039429     
  0.61152394287956402       0.17312028643129407     
           3
 -0.19150643371703707      -0.41097135829895087     
 -0.22847241316673605      -0.43081496346327580     
 -0.20032046459532593      -0.46932474471627200     
           8
 -0.66121566317690206      -0.88855948756579606     
 -0.66891829994320284      -0.87914546193662679     
 -0.70587949658573101      -0.89245932153843732     
 -0.70660077675083244      -0.90281234919603071     
 -0.70960806895337669      -0.92962452098476089     
 -0.69985245081334357      -0.92481635599426171     
 -0.67912981848178255      -0.93921748602244393     
 -0.66469880087833555      -0.93657834712608967     
