   1.0000000000000000
   50.000000000000000     
          44
           8
   9.0000000000000000     
   8.0000000000000000     
   1.0000000000000000     
   9.0000000000000000     
   2.0000000000000000     
   3.0000000000000000     
   2.0000000000000000     
   6.0000000000000000     
   9.0000000000000000     
   6.0000000000000000     
   9.0000000000000000     
   3.0000000000000000     
   1.0000000000000000     
   9.0000000000000000     
   6.0000000000000000     
   5.0000000000000000     
   2.0000000000000000     
   2.0000000000000000     
   2.0000000000000000     
   1.0000000000000000     
   7.0000000000000000     
   1.0000000000000000     
   9.0000000000000000     
   9.0000000000000000     
   5.0000000000000000     
   3.0000000000000000     
   1.0000000000000000     
   6.0000000000000000     
   5.0000000000000000     
   4.0000000000000000     
   1.0000000000000000     
   2.0000000000000000     
   2.0000000000000000     
   2.0000000000000000     
   3.0000000000000000     
   4.0000000000000000     
   7.0000000000000000     
   8.0000000000000000     
   4.0000000000000000     
   5.0000000000000000     
   7.0000000000000000     
   1.0000000000000000     
   5.0000000000000000     
   10.000000000000000     
           1
   0.0000000000000000        0.0000000000000000     
           3
 -0.26665196509929684       0.88841757974765645     
 -0.30952611295611199       0.87966293074047874     
 -0.30679866720239196       0.86778917821252599     
           6
 -0.39823926342397975      -0.88066767034217608     
 -0.40601956943201878      -0.87713571739654439     
 -0.40776528745223001      -0.92014901349364997     
 -0.39533643027153065      -0.92153332645269359     
 -0.37683891305157496      -0.91904688746763574     
 -0.35773240544562357      -0.91702519155296536     
           8
 -0.20933381120749586        1.3328125815139959E-003
 -0.21781980676935114       -9.7120610858711376E-004
 -0.23026488111553189       -1.1032309708194164E-002
 -0.23029046936396688       -2.3307627257524187E-002
 -0.22861000469793802       -3.2541520158822362E-002
 -0.23141971773831768       -4.5528339351824439E-002
 -0.20424641485865780       -3.6556808101873756E-002
 -0.18834637309860980       -3.1164351449811618E-002
           8
  0.59767753815900648       0.82728367202292208     
  0.60272095408344861       0.83356450957628236     
  0.59350198232454909       0.83682757715231981     
  0.55401265530708266       0.84558662822176334     
  0.55760251164779251       0.81017111827834309     
  0.57903632185672160       0.81191840624372980     
  0.58976236180335773       0.80965145239360226     
  0.59357536000761513       0.81672717474990986     
           8
 -0.26354429615740127       0.30516534159134190     
 -0.29035665862694310       0.30461686167534097     
 -0.28894664319609198       0.29336948928191414     
 -0.27067488563900061       0.26159063958766954     
 -0.26596470491370544       0.25508023596327506     
 -0.25692851314273762       0.26100841871481489     
 -0.24367316316625923       0.25909159230720025     
 -0.24380601598913795       0.27183595788594150     
           6
 -0.32970454053103498       0.55372857644522755     
 -0.34334800443181340       0.56052676929794987     
 -0.35219730884256217       0.56221664551269612     
 -0.38114180673433656       0.55204968588281489     
 -0.36677910909195338       0.51760814514090514     
 -0.33197360117862085       0.54063289065667963     
           4
 -0.16631822501623636       0.63860403662796716     
 -0.16889028007308218       0.65096439465764255     
 -0.17303453087293141       0.61219575233718371     
 -0.16175250962071500       0.60633648540757823     
           7
  0.93740869487610867      -0.10089334866230333     
  0.89628514218540001       -8.9111103987285112E-002
  0.89408167165275088       -9.6522959513969539E-002
  0.90137975600687559      -0.11014325552480320     
  0.89972280404092564      -0.12351778629471338     
  0.90968122459790768      -0.12800952796397885     
  0.94195346432661431      -0.11963632060194662     
           8
 -0.52118230546137412      -0.25332693035300907     
 -0.51640895626850580      -0.24263083422035481     
 -0.54504147107439704      -0.23162774313674228     
 -0.55755499406235232      -0.24319264082066444     
 -0.56175073175871548      -0.25950550831947927     
 -0.56181643648611890      -0.26711563030558561     
 -0.53501025953928572      -0.26608063707879354     
 -0.51327525754441328      -0.26786278627527393     
           6
 -0.17869832352160253       0.51978594220100049     
 -0.19455064398708546       0.53309583224504486     
 -0.20061653798225612       0.52349068651098363     
 -0.23013851481111386       0.52116842444901290     
 -0.21944748271100972       0.50498085804447657     
 -0.17920669634552500       0.48796125870661033     
           8
  0.26143972880127259      -0.43861778705646082     
  0.25193816581648243      -0.43254544993411359     
  0.21439735048323469      -0.41915757645409046     
  0.21516731640081510      -0.42971799051634296     
  0.21406311497235497      -0.44876105692422857     
  0.22081098628905682      -0.46628835040901445     
  0.23425917700532578      -0.46497526086612501     
  0.26233346181050343      -0.45795656123953132     
           7
 -0.18593276888044008       0.93959869829851939     
 -0.18638265077752331       0.95081168092104507     
 -0.19714332910173263       0.94536768700912954     
 -0.21911153784613388       0.94439125216832842     
 -0.22396870882867384       0.93493134893043273     
 -0.22110133175890834       0.92483487200354697     
 -0.17886197442246077       0.91821777959069839     
           6
   9.3562686890618710E-002  0.83458843242405167     
   8.4846950627531545E-002  0.83555640668590037     
   7.9540280324467375E-002  0.84373945029836550     
   5.8224100540080662E-002  0.83452143160061043     
   6.2728728609609485E-002  0.82002512716867959     
  0.10406277588611103       0.79484120778070422     
           3
 -0.28326590422158893        8.2889219245995044E-002
 -0.28727497981877226        7.0408448430067008E-002
 -0.24771049768875211        7.1422252357938809E-002
           4
 -0.27357649147758184       0.52991954392820706     
 -0.31427455502869128       0.53830610484634422     
 -0.30780022675421126       0.51899101361624422     
 -0.28646965922650081       0.50890735066952308     
           4
 -0.62087455896294386       0.83762320346660490     
 -0.66618216349892401       0.82060349299379864     
 -0.65033868988534449       0.81527445322143466     
 -0.61737083818299066       0.81677963252860486     
           4
  0.36645380725089277       0.48880024976576075     
  0.36354358902361655       0.50999154673179170     
  0.32394564744616605       0.46885777721394095     
  0.35377203012233904       0.46944603485404962     
           3
  0.38182309007346027       0.72580834571792430     
  0.36377677475158099       0.68207088406562832     
  0.38221620677234242       0.70056201820045705     
           3
  0.54332741705261600      -0.91376715078678517     
  0.53456901202492602      -0.95103024561998839     
  0.54088697742715042      -0.93494799725047983     
           4
 -0.44327644050045761        6.6079602067296961E-002
 -0.47492911825968009        7.8248365114198748E-002
 -0.48117738899561102        3.2388548181885295E-002
 -0.45213699332350188        3.5387303043942900E-002
           3
 -0.77656012170082145       0.24045227045191284     
 -0.78178728006122988       0.22718681911190178     
 -0.75577463926931376       0.20820032464414995     
           5
 -0.73492379226091609        1.5204366151330237E-002
 -0.76494906499241133        1.4161939893890134E-002
 -0.76525213889841492       -1.3941414796093095E-002
 -0.73011954522018663       -2.9255672823568141E-002
 -0.72888170161895394       -9.6903683285641719E-003
           4
  0.87565411616321676       -9.3762056103090144E-002
  0.87252882877338223       -8.3830699384452270E-002
  0.86010309200402113       -8.2224929800417318E-002
  0.86829710981486874      -0.13042437573260277     
           5
  0.71656564109835807      -0.23093006398943799     
  0.67558766433295303      -0.22694818938619205     
  0.68555404577507006      -0.25431122480212470     
  0.71148393476117044      -0.25407830770867240     
  0.71245400616608567      -0.24375678731916645     
           3
  0.90443153453298442        3.3708558626860827E-002
  0.90701757975216213       -4.6356247773236617E-003
  0.93885111530258636       -6.0787018557480234E-003
           4
 -0.12823309294591367       0.54829585771324518     
 -0.15666180738033417       0.53783420744822230     
 -0.15204851470362069       0.52184857016540687     
 -0.11262427526202477       0.51585186292310403     
           4
  0.16163785046277498       0.97661974319675848     
  0.14703693923511346       0.97637610819619980     
  0.13622527455935035       0.94957725151574401     
  0.16894722512974253       0.94386254818643589     
           3
 -0.34072981391292223      -0.24037668709393079     
 -0.33603090810694314      -0.27971476945301471     
 -0.31505682075754970      -0.27548166459073181     
           8
  0.55569282623560234      -0.16300742280556355     
  0.55126611248925161      -0.14458750715026031     
  0.53661195128342520      -0.15200748063441610     
  0.52171206542403081      -0.16368126439289665     
  0.51789270512139773      -0.17323818067578350     
  0.52345032575476935      -0.19378605852689268     
  0.54262214763241390      -0.19071662974651521     
  0.55912558871824491      -0.17531127168513033     
           4
 -0.59217723273679213        8.7760389336773867E-002
 -0.60288359498991950       0.10741055756622753     
 -0.60346022001184296        7.7383710487932383E-002
 -0.58204215314932095        7.5649059075900429E-002
           7
 -0.56742586538288176      -0.69339058781200413     
 -0.59499624372416660      -0.69142742022582238     
 -0.59774065195269810      -0.70352549816795518     
 -0.59946591251094350      -0.71605001142873381     
 -0.58004063930479421      -0.73553443692404752     
 -0.57258616455002187      -0.73186610611088032     
 -0.55293886396679359      -0.72759047338461647     
           3
  0.94852337221265692      -0.18722941995191841     
  0.92192336675109032      -0.22210114169767994     
  0.95626550806227828      -0.20560766457660465     
           4
 -0.48811257694709720      -0.36644732679702235     
 -0.49289975156967536      -0.34839093637544749     
 -0.52736038471062263      -0.37189132024688887     
 -0.51298067442463557      -0.38151784362562746     
           4
  0.44187322309962113       0.24646535055938529     
  0.40800599774267227       0.22171991553596759     
  0.41046007292003339       0.21095699902215972     
  0.44727517799538108       0.22080825753093578     
           4
 -0.84696222893554174      -0.25112267012280232     
 -0.84537054437979064      -0.23800827108288605     
 -0.88438636736744058      -0.26123139168823051     
 -0.84309899418795864      -0.28751740862541164     
           7
  0.31630151851312155       0.43674967663508685     
  0.27685287082324156       0.45030332886475233     
  0.27506552695594028       0.43881057504719784     
  0.29032674638050165       0.41329187031005138     
  0.31957840500154622       0.41580282979697808     
  0.30739233214058859       0.42424605915053160     
  0.31733859307604123       0.42428074538665217     
           8
  0.73218351022967409      -0.76813242931446524     
  0.72572098964130760      -0.75925874452428166     
  0.71254901183220232      -0.76613491298246839     
  0.68536387818829803      -0.76505291193769820     
  0.68711536467121359      -0.78175895338083246     
  0.70866597967178668      -0.80135880826955563     
  0.71406358931298763      -0.79560000119740948     
  0.72988247435758735      -0.79640274591562954     
           5
  0.41888042167247241      -0.47281328572643944     
  0.40891848871638486      -0.47513113908723004     
  0.38175091568186154      -0.49224775660126302     
  0.40047717178357756      -0.50987089042639944     
  0.41900606636096666      -0.50225817243023363     
           4
 -0.80236162068682337       0.50243507557343381     
 -0.84850765996640365       0.49413274847107053     
 -0.84813241765679948       0.48181134078168203     
 -0.79672401969039930       0.46831144437654576     
           6
  0.85345516682897105      -0.71001234467280183     
  0.82518576226386509      -0.70634115496802152     
  0.82255944731136643      -0.71813081864198958     
  0.82770990464059291      -0.74062047668293784     
  0.82780250983554682      -0.75090386720956115     
  0.84067887337359071      -0.75120356244316266     
           5
  0.70868446799212848       0.26362852701210171     
  0.70018567321135772       0.25510122295785359     
  0.69078745069194225       0.22242467256679438     
  0.71582567154140453       0.22447738077156387     
  0.72841681374914702       0.23500608698976730     
           5
 -0.86953728151595722      -0.55103715781720741     
 -0.86769395165958940      -0.53860722702921537     
 -0.90428316585016122      -0.56421104692841406     
 -0.88533555518764262      -0.56938214568805723     
 -0.87413437964327123      -0.57620950920090042     
           8
  0.62754018580134463       0.98880793614255824     
  0.63422435031476976       0.99724963146916534     
  0.61786099525843896       0.98622181804123277     
  0.59047416981576328       0.99198404505405091     
  0.59361794993800865       0.97952026154198768     
  0.58541478932072399       0.97850315316137160     
  0.60464984639554242       0.94767730936030725     
  0.63529682651154795       0.95309639963447224     
           7
  0.80885148261282902        8.9538980638085033E-002
  0.78423891833492687        8.6904617643421861E-002
  0.77073783405048857        8.4405372411440319E-002
  0.77110971950126639        6.7888535163724409E-002
  0.78611624570692651        4.4051232808861418E-002
  0.78921162841103254        5.3744790424478286E-002
  0.81236457260322148        6.9493839342840286E-002
