   1.0000000000000000
   50.000000000000000     
          26
          10
   10.000000000000000     
   8.0000000000000000     
   5.0000000000000000     
   7.0000000000000000     
   9.0000000000000000     
   10.000000000000000     
   7.0000000000000000     
   7.0000000000000000     
   3.0000000000000000     
   1.0000000000000000     
   7.0000000000000000     
   2.0000000000000000     
   10.000000000000000     
   4.0000000000000000     
   4.0000000000000000     
   6.0000000000000000     
   9.0000000000000000     
   8.0000000000000000     
   6.0000000000000000     
   4.0000000000000000     
   4.0000000000000000     
   1.0000000000000000     
   1.0000000000000000     
   2.0000000000000000     
   4.0000000000000000     
   5.0000000000000000     
           1
   0.0000000000000000        0.0000000000000000     
           9
 -0.48941212639970466       0.18226397686753354     
 -0.50536908609451725       0.20742610695555161     
 -0.51303759773732382       0.19852289144295421     
 -0.51970661325086742       0.20780548239909050     
 -0.55159259638262403       0.18416145243822163     
 -0.55493344581431625       0.15015483954645398     
 -0.54505405582979205       0.15595810132776780     
 -0.53182827818430300       0.15297575135602406     
 -0.51090620211566329       0.15035268002548238     
          10
  0.10211687220842902        7.5594621268428530E-002
   9.9089923869451604E-002   8.6203778368980133E-002
   5.2973417565373090E-002   9.5002910988910838E-002
   4.5184436750065643E-002   9.9472973746526847E-002
   3.9989732769176091E-002   9.0642458027741471E-002
   5.2996855767725101E-002   8.1309045820584236E-002
   3.9757837830212195E-002   6.5571673797182470E-002
   5.0663757737246420E-002   6.8361351036358542E-002
   8.4451026677147642E-002   4.8766988751530724E-002
   9.6120289041180695E-002   4.1031779667943455E-002
          10
   7.9408506386474315E-002 -0.67780261320769308     
   8.5065275511927163E-002 -0.64781812268504946     
   7.5966393635302429E-002 -0.64738966416892252     
   5.4752348512293214E-002 -0.66045370444410567     
   2.0350025241495748E-002 -0.65171093503745237     
   2.3989680275898356E-002 -0.69092520862191587     
   5.6030751163522796E-002 -0.71024952443171852     
   7.9228853193726329E-002 -0.70802245500092331     
   8.3938410074557990E-002 -0.70066460798562014     
   7.3223501785626685E-002 -0.68614325454039815     
           5
  0.85789854760985296      -0.12423836087909043     
  0.84330289557820026      -0.11421995559482033     
  0.84239205869702627      -0.13691546379304878     
  0.84721204511221138      -0.17579384935893810     
  0.87440785722189573      -0.17337264832657356     
           9
 -0.61768253930730765      -0.38849073397876965     
 -0.61382511646267157      -0.36832238783925764     
 -0.61038465992246893      -0.35863465262163408     
 -0.64965010806271339      -0.35667527826577394     
 -0.66790282740967555      -0.39628093854837815     
 -0.66539322287023928      -0.40599971643572641     
 -0.64154079099700179      -0.41218374179270373     
 -0.60557411124926674      -0.42025992366152776     
 -0.61431231129408825      -0.40421127749031349     
          10
  0.48695272484588814      -0.43643426154166892     
  0.49659373206072649      -0.42886951090077569     
  0.49803345765780310      -0.41683883867821636     
  0.46475012284919376      -0.41970128382233879     
  0.43951058453607234      -0.42435384196523995     
  0.43913702653633097      -0.45257391810797876     
  0.44434690693071832      -0.46041990879689682     
  0.45560849606336573      -0.45832029412157149     
  0.46897154485106696      -0.46403170549155637     
  0.49386714452342134      -0.46534301132524752     
           6
  0.87381370250052193       0.10564640348542791     
  0.83701377517805997       0.10427473230033357     
  0.82230035133933121       0.10506441453197041     
  0.81927188639664683        9.0184013131283297E-002
  0.85549585312302656        5.8386272292320296E-002
  0.87142150403066798        5.0510332349904485E-002
          10
  0.66396588684811586       0.14181364216563211     
  0.65343187401297465       0.13949689672322818     
  0.65564423156529139       0.16125803553263965     
  0.64884164796607102       0.16757033705967270     
  0.61871731310495093       0.13158159253122373     
  0.61496161735556309       0.12272498581901754     
  0.64722134956520860       0.10986392033064767     
  0.65758600379588006       0.11910872514022648     
  0.65995144983822263       0.13223647918989898     
  0.66892494895513022       0.13053526061718079     
           7
  0.20088813273073189       0.71979723302535203     
  0.20222266648590648       0.73022079082796310     
  0.18265452353953990       0.72962947270540379     
  0.15907685277316816       0.73403312403838661     
  0.16163390960912907       0.70660562964326601     
  0.15922346978800228       0.68457027774797374     
  0.22321892013536196       0.68350450195574719     
           5
  -6.5334256496700951E-002  0.54206204025294191     
  -6.8044760758558726E-002  0.57209028422309038     
 -0.11962077001910953       0.53746294957195595     
 -0.10466199067172068       0.51622935838824391     
  -6.8152701658218712E-002  0.52427975606428845     
           8
 -0.26925295563758189      -0.62950349525810723     
 -0.32802442566831497      -0.60311618312932036     
 -0.32581456978449908      -0.62340058681387955     
 -0.32476634651315078      -0.66943378953093180     
 -0.31433330240813356      -0.66568294087103408     
 -0.30571475056412334      -0.65456023758585125     
 -0.30104294623299610      -0.67027989530465848     
 -0.27053938100853314      -0.64660890361610868     
           6
  0.58855574739980154      -0.36523711342598686     
  0.58206074343343117      -0.35261719583587187     
  0.53254152184499703      -0.39855473157704774     
  0.54375463438836180      -0.39596168877845372     
  0.55565843309366381      -0.40216868710678366     
  0.59200222634991395      -0.39020397888861913     
           5
 -0.62441012662870332       0.34639442615630600     
 -0.67570231925997137       0.32630963871212837     
 -0.68313257695266438       0.31347986378890763     
 -0.65590042500614865       0.31523510429815865     
 -0.62359898110125622       0.32405628066122577     
           3
  0.50763665292357130       0.88601370038020955     
  0.48191223489325652       0.88438237733967662     
  0.50379724232624379       0.82889408467368353     
           4
 -0.88308232162244293       0.38748003827131405     
 -0.92949660240321563       0.41889357030703550     
 -0.93404668891043796       0.37428941188698112     
 -0.91327048161485358       0.36576826440639371     
           7
  0.30949870470155272      -0.64388114376516603     
  0.29600611489503881      -0.64139373105443043     
  0.25952203377123473      -0.63339485867645506     
  0.24232145185554665      -0.65324843580454783     
  0.24746594195451346      -0.67312316936453853     
  0.30720089371160253      -0.67518914653522377     
  0.30299361655431445      -0.66487280998894505     
           3
  0.72873902446226091      -0.83692684196230427     
  0.66995322641765886      -0.84754059287889416     
  0.72698975805557997      -0.88822662795690033     
           8
 -0.35596937941460111       0.41778873131665956     
 -0.36419353131502891       0.44549354422881826     
 -0.39756139197809920       0.44867412550399999     
 -0.40060681184791913       0.42057875180052107     
 -0.40888582124051398       0.40946978007434093     
 -0.39273364576545794       0.40434141175117005     
 -0.40037807782870033       0.39252395787571359     
 -0.35078438935321554       0.39923064596453167     
          10
 -0.85939274136282340      -0.31237502865045053     
 -0.87945729201777634      -0.29988619696495167     
 -0.90685097431218131      -0.29901711379090873     
 -0.90180684927558841      -0.30731190025938321     
 -0.90308662047659605      -0.34845391840757500     
 -0.88346127021974497      -0.33749204120178489     
 -0.87741887875565572      -0.34826861879229853     
 -0.86245874515771437      -0.34674132094136256     
 -0.85326250172043738      -0.34129295796742931     
 -0.85757485306737069      -0.33060635436287389     
           7
 -0.14385744312864424      -0.25058168617858756     
 -0.17903976682156122      -0.23953796216683282     
 -0.19935125089839259      -0.23312520899118583     
 -0.19976611107241748      -0.27614470815351905     
 -0.19283855002692785      -0.28799635274281515     
 -0.17142279493422682      -0.28162395267780538     
 -0.15307980214009059      -0.28733477211679403     
           4
  0.61298241251063756       0.30711056076718757     
  0.59285487674062753       0.28005789393424807     
  0.60222315881156974       0.25568482621276389     
  0.64217326121320539       0.27942050228319409     
           8
  0.64393068056077796      -0.60271778805898024     
  0.57889655797061679      -0.59890453881232519     
  0.58470733886684612      -0.62997247549014301     
  0.59039777131147031      -0.64563817780177912     
  0.61910113881848394      -0.64609342598034791     
  0.63328886627506198      -0.65050134088685563     
  0.64391954874018631      -0.65393705270990021     
  0.63234779665507901      -0.63782551411551158     
           4
  0.24708691742057612       0.25088785976458677     
  0.20963330011379061       0.20074476669599184     
  0.22880858275089277       0.18838520260406919     
  0.22997767301058702       0.20360143454170895     
          10
 -0.32023203131622174       0.28381053458991440     
 -0.31853285860837055       0.30842498855117045     
 -0.32980287242082929       0.30060502431934527     
 -0.34901448182931993       0.31385013983260868     
 -0.37051473696195075       0.31395463101245602     
 -0.38414347614908229       0.27008793022423910     
 -0.38427348625841989       0.25897992711241641     
 -0.37438688430761169       0.25012146219686160     
 -0.35098255008271240       0.25372530504218477     
 -0.32103431704981111       0.25124536940284509     
           6
  -1.4637740381609990E-002 -0.19845860569979984     
  -7.3384745259854806E-002 -0.16850520779926423     
  -7.3931640402142257E-002 -0.18872789200840967     
  -6.6953349500460793E-002 -0.23113892979518508     
  -4.7275834118465539E-002 -0.22661388050438158     
  -1.5852439951134015E-002 -0.23292766576588386     
           5
  0.37715236701613847      -0.54643880024441882     
  0.32987061558372888      -0.55616739875766030     
  0.33035818874355050      -0.58185656562205246     
  0.38678905336564318      -0.61149483326590948     
  0.37770023523338253      -0.57779826725611783     
