   1.0000000000000000
   50.000000000000000     
          38
          10
   3.0000000000000000     
   2.0000000000000000     
   4.0000000000000000     
   7.0000000000000000     
   6.0000000000000000     
   5.0000000000000000     
   4.0000000000000000     
   2.0000000000000000     
   4.0000000000000000     
   10.000000000000000     
   7.0000000000000000     
   1.0000000000000000     
   6.0000000000000000     
   1.0000000000000000     
   4.0000000000000000     
   4.0000000000000000     
   10.000000000000000     
   7.0000000000000000     
   4.0000000000000000     
   2.0000000000000000     
   6.0000000000000000     
   8.0000000000000000     
   10.000000000000000     
   8.0000000000000000     
   9.0000000000000000     
   1.0000000000000000     
   7.0000000000000000     
   6.0000000000000000     
   5.0000000000000000     
   2.0000000000000000     
   7.0000000000000000     
   3.0000000000000000     
   3.0000000000000000     
   3.0000000000000000     
   1.0000000000000000     
   4.0000000000000000     
   2.0000000000000000     
   9.0000000000000000     
           1
   0.0000000000000000        0.0000000000000000     
           3
  0.22150726577036303       0.82283306889218832     
  0.21139801798063937       0.79463991767959885     
  0.23736343243011923       0.78383594424340230     
           9
  0.25166838473137498      -0.47848994547171808     
  0.25177273621436408      -0.46670417986251439     
  0.24007705825082526      -0.46533364079508399     
  0.21258256959372304      -0.47249692946354316     
  0.19999399976030757      -0.47385535064505807     
  0.20694144238351486      -0.48170613327618911     
  0.20588301862509889      -0.51296725903096185     
  0.24518687058503319      -0.50710006694680876     
  0.24129246356089640      -0.49305071286950825     
           3
  0.85713067362154693      -0.41860152970041176     
  0.82373949819687131      -0.45933220336499819     
  0.86131843835533506      -0.44736094124709286     
           3
  0.69919802688397292      -0.83944750959460279     
  0.65511340455604328      -0.83665966841861628     
  0.68628676736952088      -0.86951712696292971     
           3
 -0.13354456422484437      -0.22374170380566891     
 -0.16425320832988577      -0.24767772735811261     
 -0.13000813356932045      -0.24141897671661700     
           3
 -0.24581354622319973      -0.58412318534498076     
 -0.26437378562222130      -0.58679645848589290     
 -0.23066433935983510      -0.59162208841541564     
           5
 -0.87180151687021157        2.9005228990609266E-002
 -0.88710885426561670        1.9976267877817012E-002
 -0.89025654770884222       -3.6725273257662448E-003
 -0.86041609132250996       -1.6823984764296817E-002
 -0.85376170029679788       -4.8198829196385226E-003
           6
  0.61484088153936811      -0.37637829823183511     
  0.61231047126615756      -0.36525621156722154     
  0.59196127147452049      -0.37058226118303322     
  0.56356814471105210      -0.36466120942651259     
  0.59311241008395621      -0.41072194597387274     
  0.61327185820381314      -0.39142876937552451     
           9
 -0.60774013316195763       0.69739139932150518     
 -0.63276207891141500       0.71804188711116201     
 -0.65021830066673514       0.72619408823965637     
 -0.64808227089777315       0.71774641056005173     
 -0.64738839670260240       0.69109908397144071     
 -0.65454402230934183       0.68411768035290677     
 -0.64899753213980405       0.67622630457552613     
 -0.63346342477624618       0.67530801039476884     
 -0.60480514367892457       0.68641910222145808     
           5
 -0.32870074441481278       0.29062816047471390     
 -0.33890154847154963       0.29711299252827061     
 -0.34715491239293456       0.27245250073119892     
 -0.29919264643650517       0.25484865839047777     
 -0.31016487937284853       0.27700765529267202     
           7
 -0.38106248976351265       -2.1125565481150681E-002
 -0.39430277630230337       -1.7832661882951507E-002
 -0.42650819334520118       -2.2604844677133491E-002
 -0.42563268219801520       -3.1017947305346096E-002
 -0.42745902127139501       -4.3747575938736932E-002
 -0.41826200518680368       -6.2352252732469880E-002
 -0.37870371661282359       -5.1000187836011728E-002
           7
 -0.17431660618972955       -3.3994551932321926E-002
 -0.16376358113346834       -2.1191656068768942E-002
 -0.20174563525606598       -8.6863234635973369E-003
 -0.20402710485570630       -2.8254486881538081E-002
 -0.19447659224321542       -6.2328779032528994E-002
 -0.17112483097362541       -5.6195481437333598E-002
 -0.16826196494778245       -4.3053452635260191E-002
           7
 -0.66957139594230675       -5.4149696142632771E-002
 -0.68733011449586334       -1.6302653364763203E-002
 -0.70112774928673882       -5.1967142167016540E-002
 -0.70920308075422200       -6.2779061121302410E-002
 -0.68969368950950816       -6.7132941706604193E-002
 -0.67895416581844448       -6.6775816632286086E-002
 -0.66746574590765761       -6.7433230326153157E-002
           9
  0.57142275219994632       0.30330385367072138     
  0.56618409475237963       0.31498610933060206     
  0.55912559849611365       0.31079838748601074     
  0.53596832424244423       0.31408974320027644     
  0.52323397855627873       0.27906795796094130     
  0.52961982770812677       0.27330067993723850     
  0.53733640703327712       0.26744625114421683     
  0.56405130543363291       0.26550573642350245     
  0.55810719043678136       0.27773933210591056     
           5
  0.65385578398725197       0.22879411941416378     
  0.63452740585169132       0.24089729697809070     
  0.62180530237515919       0.18684973434035118     
  0.64479241430328105       0.18959275567769057     
  0.66753871485312088       0.19106964697381235     
           4
 -0.60491965837871353      -0.46670379445203453     
 -0.60867202941478782      -0.48184698212148958     
 -0.58109456541783788      -0.48499587355758705     
 -0.56333992453045822      -0.47898595441716085     
           5
  0.81416053689269785       0.83210622014637914     
  0.77498768863662915       0.83640748052831504     
  0.78120615957104467       0.82727193596722037     
  0.77558850371581822       0.81917975459300507     
  0.78983849636021397       0.81508246743283852     
          10
 -0.43662856289722096       0.82990763078426566     
 -0.45395651125557707       0.85853516495922733     
 -0.46474657911924072       0.85160936115259456     
 -0.48263789641516175       0.85248013941542322     
 -0.47467810430922919       0.83205706380665079     
 -0.47197425909990026       0.81370821727726328     
 -0.46253567106685972       0.80915257332362556     
 -0.44787722052721651       0.81419899299140253     
 -0.44021071775419873       0.80963518266255496     
 -0.44334609925032326       0.82432783635532025     
           4
 -0.20988611852253422       0.28142162312807956     
 -0.24837991866436934       0.29086935799540525     
 -0.25472780148280411       0.26039501757228051     
 -0.23124946511330316       0.25846036964359531     
           3
  0.77986260877701818       -1.2812037747023278E-002
  0.74081023428589621       -6.2928710956785622E-002
  0.78170572519352854       -5.5276495179688245E-002
           3
  -3.4978368177682052E-002  0.60196231081030516     
  -7.0794474346518158E-002  0.60309855956761849     
  -6.8750559110660678E-002  0.56375093827959466     
           4
  0.85108940790568466      -0.67487912638469738     
  0.83965472334354740      -0.67021408677031191     
  0.83005250567167432      -0.66221949749980735     
  0.84346754210999186      -0.70683371963305686     
           8
  0.80395590030732256       0.69915955513842609     
  0.79442763093768243       0.71370998914443384     
  0.76285793326995011       0.71639509611864960     
  0.76056299549431361       0.69524789344239835     
  0.76297633325457070       0.68331828526528715     
  0.76018048846774522       0.67269924708855966     
  0.76829512904853359       0.66983764923791056     
  0.77808488272947829       0.66683243852122642     
           7
 -0.57080107414937054      -0.94977331247049024     
 -0.58466624322721439      -0.94038844013400236     
 -0.59469376438336263      -0.94368562909304265     
 -0.60512535539105694      -0.93857182306546583     
 -0.61498522906202724      -0.93397516249036727     
 -0.61391034249870213      -0.96319456669095060     
 -0.59202492233235626      -0.98838107077819903     
           6
  0.15125839920324599       0.75819305051760666     
  0.14194092361521640       0.77526020539735763     
  0.10241311821727883       0.77048254215410006     
  0.10520065770348531       0.75390469018027517     
   9.9492727703933040E-002  0.74584397940184055     
  0.10347423386811155       0.73459600640275102     
           8
  0.98263273940092433      -0.67063663227128134     
  0.97325070010653436      -0.67098386532787546     
  0.97979868332292408      -0.64913105709666696     
  0.95190707398937136      -0.64347886230175788     
  0.93828585486836957      -0.69246806742099332     
  0.94924243958052745      -0.69665102482273356     
  0.95759191981426850      -0.68622298288952943     
  0.97288476249292111      -0.69602613152867121     
           8
  0.54068478802667308       0.82905889713420378     
  0.52846164655326611       0.84418371681823756     
  0.49143204245297512       0.84889920137652608     
  0.49037349120452456       0.81549535061104861     
  0.51749264697563568       0.80829547625402698     
  0.52986318611005856       0.79789660347550151     
  0.52662720343662683       0.80763973047627491     
  0.54075704514952327       0.80719108998304379     
          10
  0.45348559562786100       0.90736441473834650     
  0.43416688768469114       0.91340906978427860     
  0.40740465711743762       0.90656993693225341     
  0.41515631169348943       0.87207861459425817     
  0.40658314739416213       0.86726744371463316     
  0.42906155524353229       0.86188361238080957     
  0.43837719326891694       0.87012769080417929     
  0.45528835469711632       0.86095580611414524     
  0.44603074523159397       0.87268020578735017     
  0.45949571809291129       0.88061536353191849     
           4
  0.36983198521532262      -0.11336056339413668     
  0.32426034500444423       -9.6041119657334195E-002
  0.34800349842966705      -0.14280740623135652     
  0.36660018799366967      -0.14566284570100782     
           4
  0.35727488488607917      -0.27897585164159366     
  0.32874801005967819      -0.27315254651026427     
  0.30701817512556140      -0.27421703216861126     
  0.30984159565097691      -0.30588889360394717     
           3
 -0.38337164533418838       0.38296609102328971     
 -0.39301902161441044       0.36251688257422487     
 -0.37992192619352516       0.36900225345111926     
           9
  0.26677209374545419      -0.63465484535434491     
  0.27157088471992819      -0.62141328891327852     
  0.24827922712508968      -0.62889680114704438     
  0.22813163411304338      -0.61752662680406911     
  0.22810045447820168      -0.63580641149501715     
  0.23082056343318416      -0.66178622821004018     
  0.25637176048379889      -0.66614358842021149     
  0.27862354113710747      -0.65918059392304595     
  0.26583524390305890      -0.64564851692278735     
           4
 -0.95018368016705601      -0.77786665304733060     
 -0.97293243039918109      -0.76432020583721272     
 -0.98612735924419948      -0.78543262448518025     
 -0.95502640142840478      -0.79890760819267947     
           3
  0.32930824147810245       0.87503126946440868     
  0.32731062255261201       0.84955374893616264     
  0.33785220563995133       0.83863691915991223     
           5
 -0.71939676568708200      -0.77130270338468065     
 -0.73175037159616263      -0.81347800433871997     
 -0.74103614217631608      -0.82549626885558069     
 -0.71518318571286787      -0.81574655850702760     
 -0.70512610555258814      -0.82140752520247495     
           9
 -0.38417810539566022       0.59693547945933312     
 -0.38548445890912941       0.61335511130220988     
 -0.39557176446541675       0.61677418539216844     
 -0.43287233395395180       0.61918143257247038     
 -0.43064657710689180       0.60150774220476333     
 -0.43279412695597308       0.58492287935192222     
 -0.39411680080104017       0.56926366938265160     
 -0.38026427118779987       0.57222791016141794     
 -0.38420247980505329       0.58064082152841079     
           6
 -0.28347738065704498      -0.14665964641977586     
 -0.33158214407254655      -0.16381435426954988     
 -0.32825581809301524      -0.17242654993603565     
 -0.33514835540052768      -0.19709965393075360     
 -0.31472539268009869      -0.18833333100304961     
 -0.29019370012404777      -0.18798238485153496     
           9
  0.21722816610793927       0.73321057410353774     
  0.20125037670285112       0.75111957033159815     
  0.17635104637821264       0.75334700200310012     
  0.17244739106682191       0.72435068955756687     
  0.17263365188770111       0.70790798016051504     
  0.17233887572057588       0.69877802286588531     
  0.18169808189519412       0.70873505265709613     
  0.20207673813894189       0.70337935480459590     
  0.21858122543332537       0.71504344166915024     
