   1.0000000000000000
   50.000000000000000     
          42
          12
   8.0000000000000000     
   1.0000000000000000     
   9.0000000000000000     
   2.0000000000000000     
   6.0000000000000000     
   1.0000000000000000     
   2.0000000000000000     
   7.0000000000000000     
   4.0000000000000000     
   9.0000000000000000     
   2.0000000000000000     
   1.0000000000000000     
   6.0000000000000000     
   7.0000000000000000     
   2.0000000000000000     
   10.000000000000000     
   3.0000000000000000     
   8.0000000000000000     
   1.0000000000000000     
   1.0000000000000000     
   3.0000000000000000     
   6.0000000000000000     
   9.0000000000000000     
   10.000000000000000     
   9.0000000000000000     
   6.0000000000000000     
   7.0000000000000000     
   5.0000000000000000     
   2.0000000000000000     
   3.0000000000000000     
   8.0000000000000000     
   4.0000000000000000     
   3.0000000000000000     
   10.000000000000000     
   4.0000000000000000     
   4.0000000000000000     
   8.0000000000000000     
   10.000000000000000     
   4.0000000000000000     
   2.0000000000000000     
   5.0000000000000000     
   4.0000000000000000     
           1
   0.0000000000000000        0.0000000000000000     
           4
 -0.20605757854603129       0.61999097714985441     
 -0.23850678339315912       0.61949509976552541     
 -0.23034695097256733       0.60332930813135710     
 -0.21340790092949388       0.61126863173394508     
           7
 -0.22014820732009188       0.52473879809772150     
 -0.21530381414455821       0.53668065130916687     
 -0.23592540504425491       0.53398074805254425     
 -0.25172841750121328       0.53697247077336008     
 -0.26329993274504582       0.51379529109539557     
 -0.21974905835877651       0.49825209792064817     
 -0.21424109978733677       0.49121765347530949     
          11
  0.17855831971055328       0.74835683157176069     
  0.17523269299919786       0.76560047542983001     
  0.14394404361870977       0.76048967548923607     
  0.13870003510588674       0.76719614146023929     
  0.14032428199111549       0.75181463098146417     
  0.13977577356662055       0.72682025792998362     
  0.13110875111389514       0.71755066828532676     
  0.15183270841610402       0.73025075113468507     
  0.15934721371082589       0.71887837151214184     
  0.17315010272378081       0.72127614209074653     
  0.17668752451202105       0.73582396386154780     
           9
 -0.31268060969039907      -0.93460916346664646     
 -0.32082167645801524      -0.92376253241417394     
 -0.33535600361748341      -0.92542410928983498     
 -0.34248951182550497      -0.92490349635631020     
 -0.34494527715378132      -0.93381563695578562     
 -0.34962745820937063      -0.94552305647824286     
 -0.34847086630379831      -0.96330130153728843     
 -0.32044880330376230      -0.96424873503176678     
 -0.30819480268906274      -0.96277332398526527     
           3
  0.44291341191609640      -0.47379256411413090     
  0.45987006511956457      -0.49071041390067605     
  0.48752996284520445      -0.48501330145308164     
          11
 -0.59777769214973642      -0.48178034481621040     
 -0.60888096439736727      -0.49267799583710370     
 -0.60465714813791904      -0.48758394162404167     
 -0.60798305173278488      -0.47499387892540057     
 -0.64284098409414603      -0.49562108164453034     
 -0.64604146115136074      -0.51307713493032969     
 -0.63341880940791029      -0.51614301240174298     
 -0.64694552874920186      -0.52730271840727339     
 -0.61454389238462137      -0.52450660183948972     
 -0.59827642237508893      -0.52538849859507752     
 -0.60757812500612096      -0.51127817360418915     
           5
 -0.56081906223945521       0.28158610690761282     
 -0.59465985162541790       0.30481366576928998     
 -0.58189644319742140       0.26209420939232470     
 -0.57084781589186473       0.26326254104424135     
 -0.55618294886021558       0.26736556702161790     
           8
  0.28838374184433047       -5.1342364841254297E-002
  0.27855666778624733       -4.7528635362736354E-002
  0.27756971915180595       -6.4977343693645190E-002
  0.27417868580494981       -7.7978055552399755E-002
  0.28373814888867449       -8.9540569070376247E-002
  0.29185753269552667       -9.0646983182426727E-002
  0.30959407191446531       -9.5821418465708380E-002
  0.31554878999495417       -7.7483564327967838E-002
          10
  0.12880482829916765       0.53681853868556140     
  0.13127687678727026       0.55214050469835407     
  0.11522499040958049       0.54158361354665074     
  0.11257966354620180       0.55384565391364371     
   9.9470158172497394E-002  0.55255656635363304     
   8.6436694384567109E-002  0.54644445032709399     
   7.8965548141555750E-002  0.53822093504757740     
   8.2439988962107191E-002  0.50984035165931296     
   9.9327320978682895E-002  0.50379077762908642     
  0.12495527234949513       0.51455220472572027     
           9
 -0.52830972356879413       0.17599279767391832     
 -0.53000761843113298       0.18297446907797393     
 -0.55712929045506521       0.18980675286753301     
 -0.57048714027574754       0.18386791680927117     
 -0.57062513788232161       0.16298882247765933     
 -0.56205473129712313       0.15200297731333690     
 -0.56112676477437162       0.14027980490130745     
 -0.52363633401269183       0.14684598203228647     
 -0.52645374738780715       0.15327143092872400     
           4
 -0.42597999795054925      -0.76093568949307666     
 -0.43665628020662101      -0.75801383224283925     
 -0.45707478364745374      -0.76836670923215677     
 -0.42669453216460507      -0.79680859312125263     
           6
 -0.95543620141146102       0.96650381624671000     
 -0.95682826708642110       0.98214079763729123     
 -0.96818861564253678       0.98019374684323812     
 -0.96802896887669165       0.93731227418590590     
 -0.95085785090066477       0.94360321686134307     
 -0.94276332707133181       0.95229314744205185     
           7
 -0.14530379116728856      -0.34856970393062264     
 -0.15435787563540870      -0.34201628673876405     
 -0.16366716632823952      -0.34853401968460102     
 -0.17896188452947812      -0.35500047822986663     
 -0.16869965291409175      -0.36807916704632554     
 -0.13312509806352593      -0.38338591698603902     
 -0.13547105595651837      -0.36414093691228699     
          10
 -0.42028811940029942      -0.14017905846600151     
 -0.43776647206363151      -0.12529530003520781     
 -0.46371161771421160      -0.12191615147247156     
 -0.46183923396996579      -0.13613684431146642     
 -0.46792073811501506      -0.14727815122851767     
 -0.46802333303851867      -0.16111908312480513     
 -0.43370128832611593      -0.16717787244260285     
 -0.42605888223939631      -0.16701157524547297     
 -0.41588192133655261      -0.17002442412337354     
 -0.41609122779718988      -0.15998971647986449     
           8
  0.67715188445658925       0.79379719360408640     
  0.68204438245824117       0.81245313402756059     
  0.65233957953752675       0.80783010162695201     
  0.63853932046988915       0.79618157363913555     
  0.64399633488980612       0.78816474826610472     
  0.63796236557515518       0.77415761049645582     
  0.67708055001494527       0.77082869675170396     
  0.68594393447485258       0.76631514295609759     
           7
 -0.80680977551514554      -0.87761382966950852     
 -0.82364299054507129      -0.87070828308553649     
 -0.85016860345877077      -0.89493322476400372     
 -0.83571803181885607      -0.91119220773639187     
 -0.82068097552825525      -0.90561736434884799     
 -0.80399072214535794      -0.90992813646713711     
 -0.79893976598072614      -0.90067826869928003     
           8
 -0.16481710021284490       0.28347089777963275     
 -0.17324192369340685       0.28246855814067473     
 -0.18794766681069491       0.28624038947397951     
 -0.19681174626713016       0.27907313662327576     
 -0.20484575628928786       0.27184604445203508     
 -0.19800907902747908       0.25354681573823096     
 -0.18535490012382216       0.24583543628646121     
 -0.17665994372408353       0.24352063816778771     
          10
 -0.71164106978456265      -0.14795336001390305     
 -0.72069255410146493      -0.15115144966022381     
 -0.71382862290500404      -0.13901178553238919     
 -0.74898855604886694      -0.15740254582657048     
 -0.75477383222352501      -0.16089945159721042     
 -0.75982138568794344      -0.16641238523565935     
 -0.75687685908565883      -0.17453575938591059     
 -0.74542813082637205      -0.18385399139500738     
 -0.73164457380318815      -0.18565548275542518     
 -0.71026631326172474      -0.18724401933412926     
          11
 -0.53717421484494976      -0.29282685891409743     
 -0.54278597167801890      -0.26640560188709778     
 -0.55889175660207757      -0.27414713978751765     
 -0.57243658639995443      -0.26897579948143252     
 -0.57174745029911489      -0.28580324617956337     
 -0.57641700535213269      -0.29911443391045556     
 -0.57495176741002751      -0.31434683360846327     
 -0.56777073039514314      -0.31783451495666609     
 -0.55009368498972899      -0.30732875535813509     
 -0.53353098069404681      -0.31726710201429942     
 -0.52759619728046292      -0.31325770440504874     
          12
  0.48371106693458693       0.67153889102609587     
  0.47312400954346229       0.67740009944193424     
  0.45578478984848453       0.67879272928820378     
  0.43956211348775043       0.68419000439818656     
  0.44347942428105525       0.66926253142752201     
  0.44191428244240111       0.66242984089996915     
  0.45152763565945736       0.64791057621342341     
  0.46464955810367775       0.64408437450672507     
  0.46781343538724768       0.63438276407335081     
  0.47282912253156090       0.63884093927518681     
  0.48084748589740983       0.65035592065095438     
  0.49105664755103523       0.65401860659029221     
          12
 -0.20468922703676148       0.14790820796753937     
 -0.22658905230503940       0.14972711155223101     
 -0.23942785473895656       0.15470122263624880     
 -0.24999622505686486       0.15392258045597990     
 -0.24083450132757300       0.13908578163282964     
 -0.24583757085746127       0.13288285864230634     
 -0.24619127112293190       0.12144206452431561     
 -0.25056478351639405       0.11266075872624760     
 -0.23932144452794460       0.12576119497023530     
 -0.24817373577595400       0.10290936770422920     
 -0.20847504437246930       0.12785179176893766     
 -0.20587317940893712       0.13345707768203782     
           7
 -0.19381060607395581      -0.78771402877757724     
 -0.18720736202174812      -0.77385883282551615     
 -0.20187186111991556      -0.77177800077532466     
 -0.23285772001247804      -0.76585266408250863     
 -0.22772674682816807      -0.80151520387065089     
 -0.23246935746099748      -0.81326980928158521     
 -0.22007547349973536      -0.81267392027400531     
           8
 -0.67411621361714125      -0.40697424425682288     
 -0.70300338386259253      -0.40687273130467072     
 -0.70377350607539668      -0.41487265946571772     
 -0.69942974546726266      -0.42505937446387704     
 -0.70324340408212060      -0.43197393412383822     
 -0.69002995254658739      -0.44758590049308633     
 -0.68109300461330224      -0.44511986944233167     
 -0.67270924213096450      -0.43935049831374517     
          12
  0.83653285488278684       0.12012785805623123     
  0.83589739983387945       0.13048452250531850     
  0.82534516402887859       0.13361739697496289     
  0.81442728647340301       0.13841793229030452     
  0.80638389631294694       0.13389560080951779     
  0.79269219414980874       0.12938652260039160     
  0.79369277991940379       0.10877331967308101     
  0.80359311570160219       0.10686767518513955     
  0.81014047580531889        9.0169570920146311E-002
  0.82469742935558477        9.7947159431959072E-002
  0.83185378622784401       0.10727830784275687     
  0.83914973674447446       0.11086090948300906     
          10
  0.64420378884864982       0.61615735366543845     
  0.64597275797074361       0.62777130210374166     
  0.64121218084880660       0.63476740440554957     
  0.63399316011564766       0.64128971299825077     
  0.61241729776408504       0.63582402538407190     
  0.62253816080825342       0.59866268782416499     
  0.62456663504286491       0.58869469705959321     
  0.63502049224990709       0.58913242577051539     
  0.64126774776518047       0.60654009747113935     
  0.64834693249377939       0.60169298795486725     
           5
 -0.75223062936257012       0.12643273035256616     
 -0.76545728620549525       0.13391208881513489     
 -0.79644405858464817       0.12448445638254506     
 -0.80115537070271570       0.10424150500253544     
 -0.78704491501106200        9.1044353826262553E-002
           9
 -0.63070572739168207      -0.74515647547600705     
 -0.63083241013518421      -0.73622341122971668     
 -0.63891730491979093      -0.74343473216698142     
 -0.66461122493192748      -0.74043389850016894     
 -0.68071643027736872      -0.73843445857810719     
 -0.67356001344355088      -0.78154778461105190     
 -0.65893933999708376      -0.77187486778710890     
 -0.63355664971998304      -0.76739351919770926     
 -0.64018725804706234      -0.76008984770324761     
           4
  0.18207574852312286       0.35187781589095485     
  0.15990141142444458       0.33686974465432168     
  0.15156836138663579       0.32818845500960164     
  0.17701670060964478       0.31353442197869624     
          10
  0.80063478165096702       0.94156776404887976     
  0.80482426114423178       0.95753852094450242     
  0.78916776817789169       0.96427989805816228     
  0.78417114873450444       0.95957908217481591     
  0.76494459015081007       0.93765028516906423     
  0.75804306970298152       0.93517505359088948     
  0.75751436569265773       0.92231997937216992     
  0.76895434832591225       0.92637075570869998     
  0.78449348574465128       0.92496787928085644     
  0.79817834606746152       0.92139064381428359     
           8
 -0.11412704923845622      -0.92701405419749094     
 -0.11176605687451446      -0.90738367445481360     
 -0.12398550422421950      -0.91609709266745132     
 -0.13277554101262190      -0.90823093610497341     
 -0.15580926135515535      -0.93478613037776981     
 -0.13419955624199667      -0.94849988054783918     
 -0.11086186467411553      -0.94451614414589913     
 -0.11132558889857175      -0.93430092443339663     
          10
  0.29331910436206277       0.42832363703931597     
  0.28832362583106907       0.44279813575545807     
  0.27220259192850160       0.44602825784203398     
  0.25868927781624490       0.44636124279536982     
  0.25095386356154575       0.43312186872566727     
  0.24697162913566367       0.42592281611243721     
  0.25848112065614787       0.42225999626144117     
  0.25505801494444547       0.40474153200367291     
  0.25282182075387760       0.39795636622580799     
  0.28218029245815429       0.40808571488835421     
           6
  0.20007278119518268      -0.58443591230190894     
  0.15876741286274645      -0.56595981252233896     
  0.16537179872341090      -0.58636649019476583     
  0.20536618924579939      -0.61612032028925778     
  0.19952772654650017      -0.60483492363146552     
  0.20707530936489610      -0.59479584643561456     
           8
 -0.35101017893561987       0.82434842181093970     
 -0.35610103251070668       0.83942200516961774     
 -0.37806812543806551       0.83317057808217521     
 -0.38939391552704233       0.82407295256196444     
 -0.38224268660012017       0.80067097204800652     
 -0.35865752466996398       0.79461371534664793     
 -0.34956494196909205       0.79367311572749177     
 -0.35637355149668259       0.80263651823243576     
           6
  0.27965592756805357      -0.83919062464774818     
  0.27492100229454552      -0.82868189265843628     
  0.23549872618358733      -0.85825810230457988     
  0.25405292520858974      -0.85825200486870601     
  0.25794813681980178      -0.87043469277129271     
  0.27075591080243139      -0.86238150107395584     
           5
 -0.13564079624978756       0.81841089369951059     
 -0.14591603688495677       0.82665598045460209     
 -0.18782397484860736       0.82021922792077262     
 -0.17771222675782899       0.79021961380505457     
 -0.14567053517340137       0.78352787470643703     
          10
  0.83155867762319291       0.76400605545596822     
  0.83105469806083831       0.79252903975486044     
  0.82454395993321983       0.78330571601563248     
  0.79224370649207376       0.77398044617728645     
  0.78442571665874272       0.76265177932737849     
  0.79439887277928778       0.75523584921691200     
  0.81203665277255810       0.74723480719960012     
  0.82939801886717801       0.74389097763759326     
  0.83590192565831989       0.74520452592921271     
  0.83388286688182889       0.75306137625371061     
           9
 -0.90609969033229631       0.36091973880779288     
 -0.92048118854677696       0.36214631919350027     
 -0.92877201272916965       0.36827575288476122     
 -0.93655781562602558       0.36339044379856023     
 -0.94359699001532327       0.34581209730878676     
 -0.95384125409619513       0.34015764856790581     
 -0.94751669011121087       0.32058256177029709     
 -0.93254960380699747       0.32612130780182091     
 -0.90715996662616571       0.34045477068485797     
          12
  0.44886399314427911       0.33277830722284929     
  0.44043969836586067       0.34066186451012409     
  0.44725584786652806       0.35151829279339636     
  0.44065975599118251       0.35096523664933837     
  0.42978877668791587       0.34220097148313799     
  0.40579597539906315       0.33895131629039726     
  0.39862669201950185       0.32617335308391926     
  0.40951582593535424       0.31934870183573760     
  0.40016195204410981       0.31185263015281650     
  0.40961045896449511       0.30627857189081820     
  0.43421980428792573       0.30204763494117093     
  0.44064440155102014       0.30671215426868303     
           6
  0.88654349162063228      -0.63389489156892997     
  0.89509919926074633      -0.62466466498240869     
  0.84284245586934459      -0.62985808747027749     
  0.84747205150931615      -0.64671777452020274     
  0.84343554074688898      -0.65745099337493984     
  0.88757281119804665      -0.65264922169158945     
           5
  0.63995093681976378      -0.33030301346739277     
  0.61811132311158579      -0.33210113806968539     
  0.64910180703404785      -0.36719809395456521     
  0.66623407838299575      -0.37237543230818754     
  0.66238987658482207      -0.35810679038382637     
           8
  0.83067396748315114      -0.84006250772979507     
  0.81874820161684525      -0.83047808331385387     
  0.79446651810899249      -0.82481659273633023     
  0.79598838960618701      -0.85034930247689478     
  0.79197072603848118      -0.86503120979194259     
  0.81412190791976502      -0.86502713880286086     
  0.83371706675573631      -0.84849471121127273     
  0.84198602888919016      -0.84789386291735114     
           9
 -0.46308622330169097       0.30727274265324628     
 -0.48351339279317107       0.31162629750530280     
 -0.50235355891976174       0.31607347582202849     
 -0.49506455620292550       0.30978890303544127     
 -0.50099615866703262       0.30578947492512898     
 -0.49359904844625246       0.29909127677937908     
 -0.49824598004556836       0.29184673691469853     
 -0.48053199050446632       0.28184560473217263     
 -0.46214527986808585       0.29984351752951138     
