   1.0000000000000000
   50.000000000000000     
          48
           8
   7.0000000000000000     
   3.0000000000000000     
   5.0000000000000000     
   4.0000000000000000     
   7.0000000000000000     
   1.0000000000000000     
   4.0000000000000000     
   4.0000000000000000     
   9.0000000000000000     
   4.0000000000000000     
   4.0000000000000000     
   9.0000000000000000     
   4.0000000000000000     
   8.0000000000000000     
   6.0000000000000000     
   8.0000000000000000     
   5.0000000000000000     
   9.0000000000000000     
   6.0000000000000000     
   10.000000000000000     
   1.0000000000000000     
   2.0000000000000000     
   1.0000000000000000     
   8.0000000000000000     
   5.0000000000000000     
   8.0000000000000000     
   1.0000000000000000     
   4.0000000000000000     
   5.0000000000000000     
   3.0000000000000000     
   7.0000000000000000     
   4.0000000000000000     
   2.0000000000000000     
   3.0000000000000000     
   6.0000000000000000     
   7.0000000000000000     
   6.0000000000000000     
   3.0000000000000000     
   3.0000000000000000     
   4.0000000000000000     
   7.0000000000000000     
   9.0000000000000000     
   4.0000000000000000     
   6.0000000000000000     
   7.0000000000000000     
   2.0000000000000000     
   4.0000000000000000     
   4.0000000000000000     
           1
   0.0000000000000000        0.0000000000000000     
           4
 -0.67552719431105412       0.46444550189117223     
 -0.70284985373100861       0.45250860647664481     
 -0.70676658816635873       0.42395294807504064     
 -0.66789907263850046       0.42028645927053504     
           3
 -0.34178366792220377      -0.60810618456570842     
 -0.32104539018962869      -0.60987231477820070     
 -0.30946385918079805      -0.60908063908731225     
           4
 -0.17756244045253317      -0.94193595610489955     
 -0.20752871392637406      -0.93509425753376052     
 -0.21711867524118214      -0.96357408401915012     
 -0.20554656644612584      -0.97114155524150125     
           6
 -0.80862885018825603      -0.37508494427703387     
 -0.80451312911541772      -0.35216086943428770     
 -0.83841492866945044      -0.38970600413572282     
 -0.83424467102300082      -0.40018573655661982     
 -0.81496659290787798      -0.39352683858586140     
 -0.80719877622511871      -0.38983184455847214     
           6
 -0.40284000191396580       0.91808836164449614     
 -0.41291935936523000       0.91432766930541565     
 -0.40910925859403280       0.90069133419787550     
 -0.41551194457885143       0.89074798167051039     
 -0.36884480618889842       0.87534294301307103     
 -0.37369633954702414       0.88562178868887931     
           3
  0.72532153112336517      -0.57102487900743759     
  0.68122701190442470      -0.56760943085729254     
  0.72549014162733183      -0.58718813868890607     
           8
 -0.62775560634674077      -0.43847553946642498     
 -0.66265939052724199      -0.41637629211532518     
 -0.65704081940740189      -0.43505147597710153     
 -0.66519231046696381      -0.43716172126632252     
 -0.65578901783787025      -0.44602249574792469     
 -0.65471888619654706      -0.46031999907991600     
 -0.64003698836585510      -0.45166314561563503     
 -0.62589411980859022      -0.45247129111761952     
           4
  0.42917662340550411       0.92151084409733319     
  0.39314943711982614       0.91259090874613802     
  0.39333318548062524       0.90084960886062171     
  0.40112406417834640       0.89214788837249659     
           4
 -0.57182682942150254       0.80647829256565662     
 -0.60124583991544611       0.81116889475652310     
 -0.55352728436893639       0.76693200728234090     
 -0.55566263168865349       0.77814960290053392     
           5
  0.48681383944036349      -0.31979920682353086     
  0.47813043429543217      -0.31178948538834261     
  0.45954360973280811      -0.30054992590091900     
  0.47893177804597165      -0.34360506935883772     
  0.48220809314595275      -0.32857718107043088     
           4
 -0.38764600593459725      -0.96642119952953764     
 -0.42541261908623584      -0.95988847262432575     
 -0.42454227506638154      -0.98201653015988644     
 -0.40734689914366518      -0.97933338181193730     
           8
  0.12505159075256556       -5.7913223591028837E-002
  0.13124955715752112       -3.8691850005490573E-002
  0.12422592474463884       -3.4881819549147763E-002
   8.8699875150477253E-002  -7.1197380137853622E-002
  0.10855788168632355       -6.7681514552497907E-002
  0.10351799201612821       -7.3107205996370855E-002
  0.13462982275803342       -7.6567899194193240E-002
  0.12955205682735560       -6.8579900601953195E-002
           3
  0.87813016395794097       0.53366730721193389     
  0.83942037317013152       0.53821350215647890     
  0.84019598308093979       0.52388927380142303     
           7
 -0.18273031738371162      -0.34844354303660802     
 -0.17803490686752260      -0.33267899328298978     
 -0.19356112013802582      -0.33174544440465731     
 -0.21080719516624935      -0.33652845905708872     
 -0.19331407862936839      -0.37971880817787262     
 -0.18578698557246523      -0.37186579412923532     
 -0.18369012166570026      -0.37987411126967879     
           5
  0.76669337598906462       -3.4428184523190991E-002
  0.76554325547321345       -6.4503695452839918E-002
  0.76717885922028806       -7.4911516918695409E-002
  0.80572814198725018       -7.7116018385499877E-002
  0.77726762987478060       -6.2943117911537172E-002
           6
  0.92561832471161254      -0.68281486363558508     
  0.90993421575680189      -0.68563408105227552     
  0.90190627713981930      -0.71119842380002840     
  0.89644956238636742      -0.72220328990541971     
  0.94032113431970521      -0.72269376737723467     
  0.93482426268304919      -0.70861536953209181     
           3
  0.95551884930294628      -0.24469803058556955     
  0.92763773203321387      -0.24263600771244903     
  0.94354891030734411      -0.27346274028803158     
           8
  0.36666059634263837       0.26464394308686806     
  0.35974672721029000       0.26324542957360475     
  0.34020779609600560       0.27243017446165690     
  0.32407781261670809       0.27579782359822713     
  0.32330489951339708       0.23544729556674354     
  0.34087821635831367       0.24018352366965451     
  0.35966768588663278       0.23479790279866611     
  0.36020690689609497       0.24748540930733001     
           8
  0.13968622973677644      -0.59353580295090103     
  0.13176962246814719      -0.59795417382546123     
  0.12292190864478925      -0.60148041085184278     
  0.10341754990086949      -0.61123783721369951     
  0.10113212528001279      -0.62236944197918076     
  0.10745620312258700      -0.63359313622355773     
  0.13248120129765498      -0.63844878565493601     
  0.13888085221861707      -0.62951575136813875     
           4
  0.27777226126423676       0.21839620153433004     
  0.25546527861764368       0.20493884045554062     
  0.25563992441785927       0.19021080483463398     
  0.29367756761938080       0.18888012655271030     
           4
   2.3255381294184186E-002  0.30319431906355199     
   1.1612847157176417E-003  0.31771310517487378     
  -1.7817270536511814E-002  0.29513496411886381     
   2.8760421025635037E-002  0.27639709044327626     
           3
  0.90053847645647145       0.30017548990566090     
  0.87744965146511500       0.29629383969556272     
  0.86029712886057119       0.26384640991249347     
           5
 -0.48690127914075876       0.95020193635911643     
 -0.51488457446446378       0.93495740602520416     
 -0.50408052579047846       0.91860347928065922     
 -0.49183287031456618       0.91494907380448764     
 -0.47993641064450498       0.90874675907771252     
           3
 -0.94098820935360961       0.26116544616790827     
 -0.94999683560136006       0.25318409223627797     
 -0.91277832897504108       0.23462499379863744     
           3
 -0.26163241769900974      -0.50604361224083005     
 -0.30520359523778851      -0.50682454514909892     
 -0.27102040315682674      -0.53991521009805954     
           7
  -6.0451473652828963E-002  0.89208315032422925     
  -7.7078204081251780E-002  0.89662482507137353     
  -8.7136804354662770E-002  0.89173002092973108     
 -0.10148769770904334       0.89626540112370456     
 -0.10688258924434009       0.87432336260651311     
  -8.7041089213699394E-002  0.85041439518829010     
  -6.8800077133046131E-002  0.87710445090864197     
           6
  0.83577548220180131      -0.37146900575268799     
  0.83154148667768069      -0.38223178340227260     
  0.82365472042790444      -0.38511215038821661     
  0.82501278103708320      -0.41018749071613186     
  0.82552386029557967      -0.42047839271191945     
  0.85774649088138888      -0.40472610843004780     
           3
 -0.42800864735285088       0.85866444797626595     
 -0.42500253088780698       0.83246387863752769     
 -0.42265041362871181       0.81449865433798097     
           6
 -0.56659986153977326       0.45612748544247345     
 -0.56938963908152684       0.46833633871371610     
 -0.58918186111177762       0.47046065873176712     
 -0.60264263907339632       0.43516544586628858     
 -0.59146293110110426       0.43251734609721970     
 -0.56272185452389012       0.43379140483274387     
           5
  0.56237513624842939      -0.16108368663404973     
  0.52987075818537466      -0.16216582123056866     
  0.52363420652734338      -0.17988954329530341     
  0.55272313327375633      -0.18229769052704203     
  0.57147133829693275      -0.18121584936698343     
           8
  0.29100101676055307      -0.29591016011579030     
  0.28175846437759083      -0.28548806876245919     
  0.27669776835571031      -0.29060611299752193     
  0.26752910859596468      -0.28827070317647790     
  0.25344589541729706      -0.28483460953733947     
  0.25890229044770890      -0.32920332856254686     
  0.27260824305860037      -0.32325778515076686     
  0.28759008997196212      -0.32335669898896330     
           8
 -0.78234068823839220       0.55005297035647027     
 -0.77702411979078290       0.55561887404382404     
 -0.78717762223039844       0.55570336241710871     
 -0.80120454701769117       0.55517844994500898     
 -0.81446668549231149       0.55841709523543936     
 -0.81210543878069341       0.54389057949599107     
 -0.80823639499953648       0.52090941283316761     
 -0.80261634822235939       0.52703560183473885     
           6
 -0.77108658759250992       0.69772253567598730     
 -0.78219572115078784       0.68651481184425855     
 -0.80819377404634640       0.68723977312724327     
 -0.78666230382437108       0.66665981296810217     
 -0.78249087669288098       0.67583561562275207     
 -0.77642543439370038       0.66772434333277941     
           7
  0.58853042421790980       0.88084123957326677     
  0.59195549840177475       0.89606305082847237     
  0.55827482116019289       0.87492062168307205     
  0.55060798124169963       0.86834210476677798     
  0.55522465905124985       0.86084605397186820     
  0.56356358581051591       0.86318810435570259     
  0.57848907010609352       0.86580267336885774     
           7
  0.18567105371098538        7.3400772340468504E-002
  0.18169422969117052        8.4919467783505009E-002
  0.16418664948186920        8.5018874524174226E-002
  0.15710663964317381        9.1293509289432001E-002
  0.14596885767116632        4.8591895880983255E-002
  0.17817005580040632        5.4128882584459817E-002
  0.18830558604263084        5.1985672643752381E-002
           8
  0.88500566937557101      -0.45971313252623969     
  0.87976747812549061      -0.44799347727585842     
  0.87274067870362593      -0.44741136678962473     
  0.85745000759926671      -0.43772063131977673     
  0.85895787344697772      -0.44501932750359574     
  0.84866897898684968      -0.47046852800086741     
  0.87091478254126364      -0.48524816923010966     
  0.88273722737530336      -0.48541783303662561     
           3
 -0.68253067062167316      -0.79298085682859976     
 -0.72506142123892281      -0.80730651867536318     
 -0.69646009250118746      -0.80477439818293961     
           3
  0.61371435415036679       0.69715163673030822     
  0.60010665886510561       0.69261696527281424     
  0.63043816457298674       0.67423342453988866     
           5
  0.82091780629219036       0.66557196817676212     
  0.78701589635314950       0.67617159263983895     
  0.77302944596020984       0.65589982609646269     
  0.78771313439825064       0.64465141727506370     
  0.82125878453478807       0.64639329181973282     
           6
  0.13629107282380032       0.14406195760908455     
  0.11619572555165314       0.15156033680356418     
  0.11854829107958674       0.14112916687120586     
  0.12460753857024442       0.12890174773099669     
  0.12478179142218256       0.10756943041087234     
  0.16252211920486112       0.10925850737072523     
           5
  -5.7490974052115777E-003  0.17492079259443072     
  -1.6592781594138920E-003  0.16251286034506654     
   5.3539856529763973E-003  0.13443776141193012     
   5.9291116157096577E-003  0.15057981757920125     
   2.5089820781206768E-002  0.13461877908837322     
           7
  0.60300036106318888       0.27706981104906148     
  0.58809280530925667       0.27578024148529667     
  0.56976682780861276       0.27107637190585732     
  0.56675498827321324       0.25108929777484090     
  0.56986301189377575       0.23764229132670486     
  0.59001861454908910       0.24285613705961676     
  0.60768714422613834       0.24783443489875073     
           7
  0.31338695756369722      -0.55540306179588639     
  0.30309925850266034      -0.56076118976834710     
  0.29990466174322905      -0.55234892836450211     
  0.28414915052176737      -0.55522604144906751     
  0.26902657240870298      -0.57039640113669143     
  0.28234743587066818      -0.58664418406947494     
  0.30950259427123961      -0.58989692157431661     
           3
 -0.98664945291269701       0.33264490807502761     
 -0.98424820177538030       0.29047277508964447     
 -0.94961033016691088       0.29918092936366530     
           4
 -0.54804243298679289       0.70082919183561287     
 -0.56251565865804731       0.69932532222322208     
 -0.57188700370975554       0.69512902985000036     
 -0.54635042692430946       0.68837508549773663     
           4
  0.59429072077086753      -0.60585458967859507     
  0.58299433214289886      -0.61425826996936628     
  0.54872130165955424      -0.64108163394581819     
  0.59392015224473704      -0.63399980868002737     
           4
  0.35414390889957847       0.64667807645631070     
  0.34333853178707224       0.64070493697874475     
  0.31275242611949650       0.63002695489919613     
  0.32693854844035808       0.60618481420637937     
           3
  0.31457421228548615      -0.70121295162713226     
  0.28015111735325360      -0.70016950819834900     
  0.28935384349580884      -0.72995122210614494     
