   1.0000000000000000
   50.000000000000000     
          58
           8
   6.0000000000000000     
   7.0000000000000000     
   4.0000000000000000     
   2.0000000000000000     
   10.000000000000000     
   3.0000000000000000     
   3.0000000000000000     
   8.0000000000000000     
   3.0000000000000000     
   1.0000000000000000     
   3.0000000000000000     
   1.0000000000000000     
   8.0000000000000000     
   2.0000000000000000     
   3.0000000000000000     
   4.0000000000000000     
   4.0000000000000000     
   3.0000000000000000     
   6.0000000000000000     
   7.0000000000000000     
   7.0000000000000000     
   10.000000000000000     
   2.0000000000000000     
   3.0000000000000000     
   2.0000000000000000     
   8.0000000000000000     
   2.0000000000000000     
   3.0000000000000000     
   10.000000000000000     
   7.0000000000000000     
   7.0000000000000000     
   9.0000000000000000     
   6.0000000000000000     
   2.0000000000000000     
   8.0000000000000000     
   8.0000000000000000     
   8.0000000000000000     
   10.000000000000000     
   9.0000000000000000     
   5.0000000000000000     
   5.0000000000000000     
   10.000000000000000     
   5.0000000000000000     
   4.0000000000000000     
   10.000000000000000     
   9.0000000000000000     
   1.0000000000000000     
   10.000000000000000     
   8.0000000000000000     
   3.0000000000000000     
   8.0000000000000000     
   6.0000000000000000     
   6.0000000000000000     
   3.0000000000000000     
   8.0000000000000000     
   3.0000000000000000     
   3.0000000000000000     
   2.0000000000000000     
           1
   0.0000000000000000        0.0000000000000000     
           5
  0.28652924753781484       0.33523004752626001     
  0.25594222082677037       0.34051723306607234     
  0.25361484043074078       0.29660806833415110     
  0.28590218105724396       0.30336258861667598     
  0.29719319439927466       0.30432163094352627     
           8
 -0.28133169750596571      -0.26338665783986209     
 -0.28859299207630845      -0.26534149223178083     
 -0.30096089723742742      -0.26224006413081691     
 -0.31057705829817267      -0.26971814280655787     
 -0.31715174431056287      -0.28525712348102805     
 -0.30953730503718857      -0.30664988552281736     
 -0.28311176704943525      -0.29679060830988441     
 -0.28103292018898751      -0.29076925972061085     
           7
  0.85991902844090273      -0.94530274432886230     
  0.85382997649630998      -0.94076293250089438     
  0.82741058775955023      -0.93824351346117218     
  0.82170192508525186      -0.95401068205696860     
  0.81793890754675047      -0.97366964098693398     
  0.83324072067227462      -0.97327664712780981     
  0.85250152346386210      -0.97999057602912654     
           5
  0.49276554352051744       0.51974824716137791     
  0.47410529281535624       0.52207515596211618     
  0.47021286603405898       0.51075741804673247     
  0.46934235219377424       0.48099961821024334     
  0.50419865452862977       0.49819098564989167     
           5
  0.62988896210897904      -0.30106221327318283     
  0.61626490225886943      -0.30470311775064440     
  0.62608453348400239      -0.33442906362864261     
  0.64167043843007121      -0.33532251462268797     
  0.65480252856846077      -0.32178592225975788     
           6
   4.3736928254317915E-002 -0.73432265254311269     
   3.6254004929819054E-002 -0.73134958503409009     
   2.2900496661283069E-002 -0.73641831776462663     
   7.9346635469537095E-003 -0.73024470557538290     
   7.5167239596302463E-003 -0.74972942969060974     
   4.1532088182755757E-002 -0.76556130084265517     
           8
   5.7661140959629577E-002  0.40088516192301032     
   6.3691560847954312E-002  0.41160579754618659     
   2.1713591563632700E-002  0.41940100731172431     
   2.2413154874949253E-002  0.39611798783084828     
   2.2377184619251374E-002  0.38288237408538744     
   2.8439653903289251E-002  0.38642661228809111     
   4.0972469276341295E-002  0.38033227769253847     
   6.5202639278742952E-002  0.38169261175281405     
           8
 -0.10246328835238476       0.47981490884038019     
 -0.11936992993899573       0.48019834987126597     
 -0.11957100840675165       0.46662785451966832     
 -0.11132297229181627       0.45040068075672035     
 -0.11838987441466994       0.44061616428610345     
  -9.8876806670510922E-002  0.44353221167761631     
  -8.2137967351573971E-002  0.44302077890097835     
  -8.7999641294478792E-002  0.44828852689899540     
           3
  0.78332026494197948      -0.53635889750514909     
  0.77191242798897464      -0.54487941777861615     
  0.77649292551720894      -0.56805669847836526     
           8
  0.52701895358991480       0.83153666729550013     
  0.51627955836567929       0.82250328084140945     
  0.50560596840249661       0.82779773456167638     
  0.49204096827452198       0.81608416285790464     
  0.50301936350200538       0.79374705271227652     
  0.52074307698374001       0.78915440854993024     
  0.52749565431060963       0.79244446023723192     
  0.53042710798848469       0.80017557108425719     
           3
  0.96567094116294383       0.69595152414752581     
  0.94058991277233150       0.67678139507684909     
  0.94118422082272368       0.65842262654659955     
           8
  0.88029111279276695       -8.8533539514749474E-002
  0.88587785396712204       -7.5036303573968080E-002
  0.86559605694372233       -7.9994689445372524E-002
  0.84095159493653093       -8.5020710575134051E-002
  0.85089953742302205       -9.6055768892944177E-002
  0.84519434557569006       -9.8974631262485666E-002
  0.84544511552988522      -0.11447109268097487     
  0.87875294772036083      -0.10449259600895711     
           8
 -0.69127365708169519       0.48717375195785922     
 -0.68121085071524878       0.49624885494983756     
 -0.71332689130486093       0.50292345104583691     
 -0.72514609457146340       0.49442345297274465     
 -0.71471338146123720       0.48895528280071082     
 -0.72509588156608140       0.47412166507472281     
 -0.70975931560603867       0.46728907491878147     
 -0.68515468229407961       0.48520245424104191     
           4
  0.96741164622550058      -0.32644912106497576     
  0.94259675827953093      -0.33021329159200985     
  0.94088782938880067      -0.35058923900924677     
  0.97797516019236652      -0.36235554097608724     
           6
  0.75034839599996517       0.30746105856280131     
  0.72119455307682712       0.29275039071738013     
  0.72485516267584205       0.27421676681102469     
  0.73128507344536409       0.26727001827236413     
  0.74848396321646193       0.26622649337164356     
  0.76523989366557177       0.28005038982543884     
           5
   3.6103270444628487E-002 -0.60868499757078143     
   7.5259439525166005E-004 -0.61089886960825057     
   1.9505051065247386E-003 -0.62785953597800293     
   1.4816546302255007E-002 -0.62819102832526075     
   3.6827138228925665E-002 -0.63285568304461826     
           7
 -0.59623387466496103       0.85319952270207344     
 -0.61931374843223186       0.85336790850670119     
 -0.62406039799410751       0.85866679825159142     
 -0.62497604359908276       0.84363943342126879     
 -0.62536146505483881       0.82485635538889157     
 -0.60727782970789956       0.81984811423826154     
 -0.59657710309472389       0.81578051097667625     
           8
 -0.62188871123084877      -0.77149811884623853     
 -0.66112413024601757      -0.79234548939547278     
 -0.65862142713597482      -0.80385572168526032     
 -0.64611308146899871      -0.81183946292090303     
 -0.63799886675047890      -0.80290871635959016     
 -0.62127399576000020      -0.81075643254723362     
 -0.62426119729655882      -0.80023826973800793     
 -0.61687013268601654      -0.80056073439792386     
           5
  0.79730939955023272      -0.73877920077027459     
  0.78678481315351179      -0.73090534839668420     
  0.76352990458575998      -0.76145036802986299     
  0.75536701377746240      -0.76973426872841422     
  0.79161142066445023      -0.75692746617084961     
           6
  0.67122786513602251      -0.61806884246172855     
  0.66259440648509937      -0.62064290218613605     
  0.66019264789705945      -0.64102162730281576     
  0.65107150216613130      -0.65269357310226173     
  0.67112848472604680      -0.65086361940984361     
  0.67870355721975628      -0.65160560831469438     
           6
 -0.46391067050284085       -5.9091932305209142E-002
 -0.49210838660225287       -6.0695630737983126E-002
 -0.50176212638376783       -6.2956913024251174E-002
 -0.49745684487779218       -7.2129854871958637E-002
 -0.49976147379283564       -9.7541939450375065E-002
 -0.48264655433276865       -9.9812121321208494E-002
           3
  0.64265967175952721      -0.43835263857428647     
  0.64063602270799336      -0.47186794729689069     
  0.65410869905047264      -0.46532023009613349     
           7
 -0.42052864733158701       0.34029710882353148     
 -0.43207027767970607       0.35740512674650748     
 -0.44687952969840006       0.35705602261855546     
 -0.45894522276566141       0.34501726125378945     
 -0.45797946215985891       0.33809567563345250     
 -0.44238939819447654       0.31613109704648323     
 -0.42081442393239937       0.31326745171821696     
           5
 -0.64216870541609705      -0.48160783032064658     
 -0.67664740380526633      -0.47494736367708396     
 -0.68023454889770019      -0.49530049039377883     
 -0.68491184093055513      -0.50694255793623777     
 -0.64854357971249377      -0.50486661251472043     
           7
  0.38303484873804089       0.67148292972214085     
  0.37786901134928619       0.68180381573802584     
  0.36896215945068239       0.67838358460269244     
  0.35825858200002020       0.68002304482761800     
  0.34724301258796597       0.66889010865983078     
  0.34517494684279637       0.66212343416039077     
  0.37299799491814434       0.64373345061813836     
           3
  0.45720515882741991       0.70892131351289567     
  0.44916346267136675       0.69069121619416729     
  0.46894338288115700       0.67549427628760617     
           6
  0.30258862531000530       0.87643233995050895     
  0.30259780098909672       0.89419033064707809     
  0.26415118320871483       0.89433347726054846     
  0.25754330417408722       0.86674996301356066     
  0.27470124733718015       0.85980503633869465     
  0.29285831088644132       0.86078576147961772     
           5
 -0.49467751509868713      -0.93277733774175875     
 -0.50987026940376134      -0.91965404020262964     
 -0.53413376523336231      -0.93529096082981189     
 -0.52615018158446858      -0.93855423679161010     
 -0.49689453948538631      -0.94136835756101367     
           8
  -5.6013284473648825E-002  0.71009305094908137     
  -6.7984041098438128E-002  0.70164518729593450     
  -7.1951239551454937E-002  0.70724467552262393     
  -8.9788872430520417E-002  0.70760107784452830     
  -8.9481340894280392E-002  0.69089299130431148     
  -7.7515065091960253E-002  0.66951755431582083     
  -5.3571555319940317E-002  0.67448295169614436     
  -5.0518170504760249E-002  0.68464597033573604     
           6
 -0.65119463539040212      -0.85441249645521777     
 -0.68831768441677244      -0.85164589139488511     
 -0.68368786725599207      -0.86465399465141146     
 -0.68260859466967561      -0.87418679287262613     
 -0.66661153225481373      -0.87861082069618124     
 -0.64888194633676610      -0.87547719294138615     
           3
  0.32620976049021078       0.26706146985072632     
  0.32182827613253639       0.22361191333256097     
  0.35150419681720946       0.23410817795915687     
           7
 -0.57290187189076303       0.48693128876724473     
 -0.58126892031445987       0.50429742346997797     
 -0.60283688787570833       0.48846504183429834     
 -0.60013933866320457       0.47674970657806542     
 -0.60691691602639508       0.46265698782427600     
 -0.59008553884544757       0.47090939354017264     
 -0.58077072033436539       0.46265620836293675     
           6
  0.13711553509029559       0.30777810791684068     
  0.12296195033980363       0.31964519184139656     
   9.8884991427700727E-002  0.30060834436897688     
  0.11341990673277833       0.28425444510369485     
  0.12473019149390642       0.29070705001719638     
  0.14171281253605458       0.29370560546721242     
           4
 -0.42083438179377125      -0.28671269794415466     
 -0.43796615848206633      -0.29484665531698595     
 -0.43892537839054346      -0.31445321754250138     
 -0.41020837125215159      -0.31841448571385417     
           8
 -0.58702451113141518      -0.26166193856237696     
 -0.59610174988982512      -0.26316351881194505     
 -0.58830414008233600      -0.25356324802374691     
 -0.60151393508171647      -0.25399484373137265     
 -0.62300809767275422      -0.25750592117052429     
 -0.61785068026685008      -0.27288381116307203     
 -0.61646014085117817      -0.28183150713238875     
 -0.57997038484589480      -0.28465738976159199     
           8
  0.88430343362531627       0.71113482725489341     
  0.85850460828928399       0.72719620747287317     
  0.84922469748829954       0.73082680249389087     
  0.85383008292056317       0.71656758143602095     
  0.85634395168720523       0.71077500921902270     
  0.85557755903395816       0.70251846121681427     
  0.86676007563612489       0.69940810055244507     
  0.88534410057172941       0.68955939554644274     
           5
 -0.85552034968466917       0.53196309985896140     
 -0.88082853973408570       0.51570110946427883     
 -0.88185255376433824       0.49876092490270629     
 -0.84576263670786589       0.50775245404988611     
 -0.83738103171657174       0.50760913796711737     
           8
  0.28104112754332994      -0.81336731438828691     
  0.26668686708207567      -0.80830158902293514     
  0.26650597761615302      -0.80095670874642566     
  0.24190498413447628      -0.80318134311161293     
  0.23740603380919625      -0.81950258288323563     
  0.25169743941883388      -0.83479449962446373     
  0.27145378861181896      -0.83677657559712226     
  0.27832748469935742      -0.84470823023955055     
           8
   8.9785404158538168E-002  0.31889211208042301     
   9.1385307292382284E-002  0.32630746741746736     
   8.4227515254001253E-002  0.33545614899697174     
   5.6242825514996632E-002  0.32080176472045668     
   5.3346618803530990E-002  0.31414994454833434     
   5.4801657797788395E-002  0.29758548352432918     
   6.6090374143503869E-002  0.30542479137868017     
   7.4409784643675328E-002  0.30615396274077977     
           6
  0.84628885145710919       0.22329184290062723     
  0.83709034558620365       0.23051861983043812     
  0.83298983134877214       0.22428796668156623     
  0.83958686879632471       0.20611457475165085     
  0.84967260221318786       0.19115167071747605     
  0.87382560281064903       0.21461641127327208     
           7
 -0.76115131449879392      -0.35879208916898064     
 -0.78534797569121073      -0.34280044498475348     
 -0.80273911691165523      -0.34342936482528763     
 -0.79688376668776162      -0.36400809304960929     
 -0.78986444059750860      -0.38057395233829688     
 -0.76891973682572701      -0.37818308282516683     
 -0.76190955521493087      -0.36649667795433405     
           5
 -0.69716020900873343       0.78825604038727026     
 -0.70840796044604737       0.78662570907375562     
 -0.73055319167401445       0.75721587418670733     
 -0.72633983731785379       0.74954333371683535     
 -0.70271794653255859       0.76187845032837287     
           6
 -0.76762838826999658       0.70384561122701883     
 -0.78596366633483972       0.70968177414162426     
 -0.80818296513523724       0.70902296214935745     
 -0.79938308367258148       0.68854049761224811     
 -0.79656098856887569       0.67771735629920282     
 -0.76918862309125124       0.68084734661717028     
           4
 -0.40730820479885999       0.25236010249932755     
 -0.42248825562094700       0.25156142561645789     
 -0.44413971639087119       0.24252104629274099     
 -0.40368083789156173       0.22094715008076665     
           8
  0.95021400005456313       0.75674415428080333     
  0.92523679974810780       0.75414909692696608     
  0.92126688129273204       0.75951938810524799     
  0.91877892576067677       0.74597686804473773     
  0.92518165470110136       0.73704394384212724     
  0.92805534427832703       0.72913734962309251     
  0.94064489748950653       0.72143232588560324     
  0.95458569473789334       0.72663041929086902     
           6
  0.67238591508637813      -0.20373455742772473     
  0.64906536985845009      -0.20028785970379676     
  0.63741458224052494      -0.19835077150729113     
  0.64223135131842346      -0.20778390299357399     
  0.66337719659266048      -0.23624899653006542     
  0.66548640143889615      -0.22034568937721230     
           3
  0.86088815451265355      -0.70389339396339379     
  0.85953966858245046      -0.71592688928311543     
  0.90087897683523621      -0.72302976303843292     
           8
 -0.71898638530852144      -0.74447083043319562     
 -0.74155738305943319      -0.74296916603145624     
 -0.74832889712418760      -0.74612779316596078     
 -0.75240771281005248      -0.75155795091476885     
 -0.74634046167896517      -0.75861697454741162     
 -0.74990796964090256      -0.76733002719402277     
 -0.72942413869535694      -0.77822870663498389     
 -0.72144252901112405      -0.76918252405214782     
           3
  0.89281546872272277       0.79576905271508369     
  0.89509843339944328       0.77547146198338268     
  0.92339651272909196       0.78090231489309181     
           6
 -0.17895429368211999       -4.4642007651699123E-002
 -0.20879220344145205       -4.8535694216204975E-002
 -0.21420056946341001       -6.6149995260449998E-002
 -0.21060227580745577       -8.5852374444397653E-002
 -0.20120560116832045       -8.2926093360930334E-002
 -0.17311299862884477       -7.4016575471555018E-002
           4
  0.70427284204454943       0.71502093639213216     
  0.67704370873051356       0.70844214183478638     
  0.66546515881480084       0.69635946097952262     
  0.70163067713979366       0.70237679741863823     
           6
 -0.30365291432445846       0.38958486651656887     
 -0.30658602819144315       0.39943683990139950     
 -0.31565006814883828       0.39233809532134589     
 -0.32428607121150882       0.39248598995578532     
 -0.31971133616894037       0.36343037786423354     
 -0.30452281086525207       0.37020201922688600     
           5
   6.2184984514618083E-002 -0.65167452091659683     
   3.7840801177085583E-002 -0.65884990942179833     
   1.9959264905093498E-002 -0.66860371045582412     
   5.6553627227374316E-002 -0.68726064461652969     
   5.3409347773300628E-002 -0.67856985082286581     
           4
   9.6786537566040581E-002 -0.66360244436164051     
   6.9064915033538288E-002 -0.66901690092081934     
   9.5858642027144947E-002 -0.70257091820187700     
  0.10860580560418590      -0.69949971356607688     
           3
  0.52365920418459921        8.8696318213393827E-002
  0.53417106494299160        4.8886192842491696E-002
  0.56119448987364029        5.5051265227884977E-002
           6
 -0.83244916713333228       0.87509809162708085     
 -0.85153970748239372       0.87780228841630992     
 -0.85720742812378625       0.86785962790298621     
 -0.86014034638410064       0.83551327999854041     
 -0.84668940871002984       0.84058625803984421     
 -0.82943641686626823       0.83911861644777241     
           7
  0.43496295082447550      -0.41573378844574499     
  0.43027786610569996      -0.42188988046218295     
  0.42750437109429135      -0.41299087466801870     
  0.40678903235754449      -0.42674362114942815     
  0.41451684008887746      -0.45315977937901386     
  0.42923145270764890      -0.45140917883296616     
  0.44426651334193096      -0.43122292811699348     
           8
 -0.16442153689591354       0.94617480256036002     
 -0.19967200840321547       0.94512101306458463     
 -0.20730197206828971       0.93302473679380660     
 -0.20308883519878754       0.92169689805497335     
 -0.19670265233748568       0.90758931762107065     
 -0.18863757223534880       0.90946045339083348     
 -0.17162013326942402       0.90632737998555402     
 -0.17463467763197241       0.91215349236043863     
