   1.0000000000000000
   50.000000000000000     
          44
          10
   7.0000000000000000     
   9.0000000000000000     
   10.000000000000000     
   8.0000000000000000     
   8.0000000000000000     
   10.000000000000000     
   1.0000000000000000     
   5.0000000000000000     
   5.0000000000000000     
   9.0000000000000000     
   2.0000000000000000     
   4.0000000000000000     
   5.0000000000000000     
   7.0000000000000000     
   5.0000000000000000     
   7.0000000000000000     
   3.0000000000000000     
   3.0000000000000000     
   5.0000000000000000     
   3.0000000000000000     
   6.0000000000000000     
   9.0000000000000000     
   5.0000000000000000     
   9.0000000000000000     
   5.0000000000000000     
   10.000000000000000     
   4.0000000000000000     
   10.000000000000000     
   2.0000000000000000     
   2.0000000000000000     
   10.000000000000000     
   2.0000000000000000     
   8.0000000000000000     
   6.0000000000000000     
   6.0000000000000000     
   8.0000000000000000     
   6.0000000000000000     
   6.0000000000000000     
   10.000000000000000     
   4.0000000000000000     
   6.0000000000000000     
   9.0000000000000000     
   4.0000000000000000     
   6.0000000000000000     
           1
   0.0000000000000000        0.0000000000000000     
           4
 -0.34930966013242393      -0.79535724256143481     
 -0.37115979486093953      -0.79634896842700575     
 -0.37890584066633992      -0.84368535058084770     
 -0.33223684921509522      -0.81963972617019798     
           3
 -0.58437260956673087      -0.59684868614546038     
 -0.58980293324875854      -0.63019941002093360     
 -0.55055193075696351      -0.62328491528040930     
           3
 -0.47071606114883574       0.82479379345483350     
 -0.51310867877156408       0.81450679447155261     
 -0.49536509376147264       0.78369239268130808     
           6
 -0.26289915744098147      -0.74408487401187662     
 -0.27672939277632058      -0.74295637758577038     
 -0.27005464664507406      -0.78836283806127494     
 -0.26047192869575808      -0.78826940156724312     
 -0.24108302270857124      -0.79229811531626948     
 -0.23946967464573168      -0.78064822980126780     
          10
  0.71692338484736207       0.41888397572848990     
  0.70837899577804819       0.42740291518838247     
  0.69801974344710860       0.43192031105749590     
  0.69346105649755363       0.42564506342138497     
  0.68838108581089807       0.43166789819624274     
  0.67459371561098014       0.42210457132415513     
  0.67615827677270490       0.39714246086136257     
  0.68316423921653879       0.38281911189412754     
  0.69002857875867718       0.39051130404220585     
  0.70812230108453866       0.39544553382775188     
           3
 -0.64804820852646061       -2.0072838580171989E-002
 -0.68538594528170615       -4.0280889276547924E-002
 -0.67166213356734095       -5.4479094343432601E-002
           8
 -0.28734354134676143       0.36709644184132667     
 -0.29670443699579235       0.38731633789296749     
 -0.30845344118596202       0.37808787722862319     
 -0.31850813694434388       0.38340450782436958     
 -0.33229724444844300       0.34464230957950359     
 -0.30613423504301873       0.34618285895529116     
 -0.29681304469799685       0.33753877600846049     
 -0.29416805131803231       0.34991698967795248     
           7
  0.50590583413276002        9.4033339463325538E-002
  0.48417495684917089       0.11291621446107121     
  0.47331513193230762       0.11226093340575788     
  0.46288662568116901       0.10174022070793882     
  0.46848365622333843        6.4651822437277962E-002
  0.47983781470300818        7.0067112358546735E-002
  0.51092049910778770        8.7106640841842817E-002
           5
 -0.79889679861081442       0.57709568790571553     
 -0.82753879368912986       0.58543373056774461     
 -0.83037178237414111       0.54681622921214879     
 -0.81837435202726549       0.55347936665448394     
 -0.81082416560062553       0.54685156769120669     
           9
 -0.91325548096116527       0.57607164676762723     
 -0.91642130925843779       0.58353482975960769     
 -0.92360804846467270       0.58849434381399368     
 -0.94793744483091491       0.59274306899606199     
 -0.95697766593652833       0.57131715559336937     
 -0.95650656871987139       0.55110697188433477     
 -0.93790017072676146       0.55573717946913270     
 -0.92019840766707639       0.55314741152128810     
 -0.91092548862513945       0.56878028542077175     
           4
  0.11503463949360561      -0.75298030818583472     
   6.7137912856987447E-002 -0.73114568521991163     
   8.2693693226836132E-002 -0.76719177255083149     
  0.11363262383295931      -0.76395068817114298     
          10
 -0.50902806923024557       0.24012755130290578     
 -0.50331265964690564       0.26037371870592740     
 -0.53831622468715179       0.25089383233582585     
 -0.54308007719269791       0.24313866981759685     
 -0.55178012273432542       0.24670411596455319     
 -0.55074326200281210       0.23064132027069806     
 -0.54365941750627389       0.21969921267364842     
 -0.54798222198063173       0.20893017364602234     
 -0.52828838846850790       0.21193529126305163     
 -0.51048985238611977       0.21688751702971362     
           5
  0.63294775355722799      -0.13451373322738100     
  0.60351006012929564      -0.13031388784259176     
  0.59171453266462226      -0.13810957203243002     
  0.59634230491081552      -0.17185356875502378     
  0.63289596574523332      -0.16933874162627766     
           3
  -5.9122541286300651E-002 -0.58252835767970668     
  -5.0181752684389090E-002 -0.61334233513875491     
  -1.7270051095764734E-002 -0.61553277601163714     
           3
 -0.92658044949084417       0.53492843851549421     
 -0.94472484796316236       0.51385296302791350     
 -0.92231030024033478       0.49629387811684911     
          10
  0.19723877387914196       0.87351171193121313     
  0.19058044201374613       0.88145295813624880     
  0.18852605956232266       0.87304624037980605     
  0.18345534099316657       0.87789952375514679     
  0.16212162844392985       0.83512480990977223     
  0.17623504623331257       0.84112381550531512     
  0.17635894965373178       0.83463673300089969     
  0.18447503988789093       0.83451422083429072     
  0.19442452028339305       0.83643507538495099     
  0.20089458810146182       0.84996108672572768     
           9
 -0.18626123361175084       0.28873945734216500     
 -0.21079209401093371       0.30149646881251413     
 -0.21694707579236899       0.30906850470879960     
 -0.21765981030432313       0.28927451512426439     
 -0.22515751358388372       0.29019052251797778     
 -0.21671990938489427       0.26253035658076390     
 -0.20911590288459783       0.27266049102818413     
 -0.19122807340414705       0.26389125265409685     
 -0.18529283871509783       0.27088390336941814     
           9
  0.55891167710065093      -0.78190291288568414     
  0.53948520740649752      -0.78252786127631768     
  0.53828831613084582      -0.79271028731503568     
  0.53878436039353927      -0.81142184218535129     
  0.54320250612238952      -0.81717453775989979     
  0.54812405037738854      -0.82248227578521171     
  0.56315352081696668      -0.82625891584125777     
  0.56618041091168958      -0.81880811590796809     
  0.57916590747731478      -0.81272440238575683     
           3
  0.26227318287053342      -0.94126014872184915     
  0.26987093089301845      -0.98409295411351194     
  0.30575373548722778      -0.97642686092390651     
           5
  0.34446635317680618      -0.29481861301485696     
  0.32373207647284630      -0.28974804884301675     
  0.31263139497755910      -0.31728599470153485     
  0.31458217962664198      -0.32667874855508172     
  0.32567822810812636      -0.32478456894343094     
           9
 -0.86698499053197653       0.83512155125780785     
 -0.86986813358854931       0.84135557160055519     
 -0.88259234271807896       0.83997287060882631     
 -0.88568515669733394       0.82122857482588774     
 -0.89327778324728457       0.79346807889129756     
 -0.88228086263331118       0.80046568483879232     
 -0.86855595168009370       0.80474238715981816     
 -0.86223299281722199       0.80030313515495455     
 -0.84561569162656103       0.79709329581646138     
           8
 -0.32758168677971200       0.57426698275079813     
 -0.34005463386609824       0.56575840515279185     
 -0.36542165543605770       0.57322144169956268     
 -0.37723660425432709       0.55235084804557821     
 -0.36541996270744431       0.54944783476698023     
 -0.36813308297286162       0.54097358551167862     
 -0.35961382289961064       0.52789798311996605     
 -0.34135871817155616       0.52957481622688818     
           3
  -1.8931517674360181E-002  0.57404831373859522     
  -4.8745388526085932E-002  0.57485310263447720     
  -3.2867911195690783E-002  0.56656826727187781     
           8
 -0.39020746854059690        5.0737016948833737E-002
 -0.38870609965412717        6.0391567756914108E-002
 -0.41501179445504571        6.3009226221690917E-002
 -0.43461020385999888        4.4874878968431363E-002
 -0.42638337011436422        2.5979881629213879E-002
 -0.40737999940473246        1.7948553430091108E-002
 -0.40073298158690623        2.8745296671635195E-002
 -0.39666598394245689        2.2479277880345899E-002
           6
 -0.88009699480941728       0.33396780334537957     
 -0.88304817713236439       0.34557840195388678     
 -0.89396019566182250       0.35550111855106420     
 -0.92359235052715394       0.32923198327875897     
 -0.92495783073437077       0.30563340823468982     
 -0.88589587410110271       0.32087525968447206     
           5
  0.42598180109238665       0.51784106635987448     
  0.40929294650964160       0.51958886989897246     
  0.37807439516622987       0.51685876026262911     
  0.41679728656353998       0.47354723858814946     
  0.42219336363689652       0.50577147463740646     
           6
 -0.93300709838099127      -0.46444624769500270     
 -0.96601130990952366      -0.45037146473940570     
 -0.97225477008324990      -0.46760345943531295     
 -0.96172507782819550      -0.47981837125385746     
 -0.96162307555395299      -0.48883494038810066     
 -0.93229919699868691      -0.47365937139718078     
           4
  0.96737817840373175      -0.36777479069568203     
  0.95012373583610754      -0.36722424284297411     
  0.92858681557833678      -0.37857332936230587     
  0.93393600367757768      -0.40328592695349957     
          10
 -0.13179377614983367       0.16034315901151486     
 -0.13041677399732260       0.16869788166619751     
 -0.14691918607574705       0.17058705108616401     
 -0.15501683586198567       0.16729839103029559     
 -0.17985965733892900       0.15925524230496127     
 -0.16135790395661129       0.12849226863373633     
 -0.14147203529926028       0.12118767437419761     
 -0.13026047087529619       0.13229631996464442     
 -0.13847533757655450       0.14342824518793509     
 -0.12989019306316357       0.14098319674544246     
          10
 -0.58172183707287606      -0.68096591019079689     
 -0.59217508507439198      -0.68953484758219230     
 -0.58857948726436593      -0.68067677946403904     
 -0.61252435267731653      -0.68930511772695235     
 -0.62953177867809418      -0.71501086986349505     
 -0.61478517049261339      -0.72053341144615424     
 -0.59853453877901930      -0.72400813685278020     
 -0.58746640270099793      -0.72122805160919556     
 -0.58416293589633217      -0.71322589728021812     
 -0.59092068423962552      -0.70503189950770540     
           8
  0.22838900269003701      -0.66161066962248238     
  0.22122411297776595      -0.65498978767841110     
  0.20332435694302090      -0.63777696037938703     
  0.19238380778855874      -0.63735878759090803     
  0.19469317882977619      -0.67789247035805478     
  0.20254137534873498      -0.68930113449480024     
  0.21585654923905412      -0.67800007898876324     
  0.22564703152671434      -0.68497228933793108     
          10
  0.69094151570430906       0.21631016121271876     
  0.67801206974165307       0.21224959052373152     
  0.67155432350544186       0.19691921851360886     
  0.66443204548256485       0.18858860978200728     
  0.66007211568845314       0.18053388249821897     
  0.67426931125126210       0.18455691416338280     
  0.68059855441805162       0.18129136463043000     
  0.69986955277562390       0.18007439596457966     
  0.70025547960321566       0.19065779188126483     
  0.70970154192060153       0.19180507896410348     
           5
   5.3753127607611237E-002 -0.32722752657988435     
   2.8193360869045898E-002 -0.32138814108307145     
   2.2183390875422745E-002 -0.33109793407862703     
   1.4922799121357723E-002 -0.36624236644888752     
   5.9813247984583637E-002 -0.36243628516656262     
           4
 -0.56304107372923307        3.5733384672913093E-002
 -0.58512932355363811        1.7117942219251406E-003
 -0.56263598033158257        2.8862464047905503E-003
 -0.54044134577127345       -2.8992926086186914E-003
           8
   6.1571010635420226E-002  0.36672465126714671     
   6.5480713333220711E-002  0.38019059774769653     
   5.8331213791704126E-002  0.38435759587564133     
   3.9066061448110395E-002  0.37938192800512155     
   2.9809240095514812E-002  0.37318643517920363     
   4.3795961962008745E-002  0.33873893427289775     
   5.9406378991979425E-002  0.33317514907925033     
   7.1086482194418946E-002  0.33329723718216508     
           8
 -0.72674522421849741       0.67447951938295647     
 -0.74501922137565257       0.66861741080346049     
 -0.73901038629592686       0.65925270592532914     
 -0.73332781385299051       0.64983802193811147     
 -0.72662647502745370       0.63358860050103594     
 -0.71790416594733564       0.63864336860424809     
 -0.70315744205506181       0.63506551109202103     
 -0.69863890188516109       0.64549669066130966     
           6
  0.42364369664492918       -6.8213327240019009E-002
  0.41043502939849080       -6.5049308107703915E-002
  0.39963938247759478       -8.3754242424032940E-002
  0.39716523273096560       -9.7044831174262103E-002
  0.39938014342623862      -0.10625134937552319     
  0.43112377715736128      -0.10419869807573388     
           9
  0.94396477146331925      -0.71218979712431107     
  0.93189058113753864      -0.70337548159176755     
  0.92275523073632493      -0.70471726729478934     
  0.91094729251434003      -0.71220736267032059     
  0.90462905284956585      -0.73289914171371207     
  0.89324670802002215      -0.74203274333247504     
  0.90649848985969639      -0.75169594826939556     
  0.92470114876936582      -0.74367994022844697     
  0.94156066148493811      -0.74945782588679777     
           5
 -0.73220404103887426       0.39969837050057094     
 -0.72775639922150792       0.41967676398067094     
 -0.76398789141632140       0.40062740200946334     
 -0.74426402647113721       0.38613784769978160     
 -0.73004217191335585       0.38681823396779436     
           4
 -0.11973427822585801      -0.95620615321212654     
 -0.14819917659170428      -0.94813157810352966     
 -0.15560737407657960      -0.95736728481459354     
 -0.14893477540310213      -0.98664277127744271     
           4
 -0.91575853661634343      -0.16242843019372646     
 -0.92961932017437277      -0.15249094514918057     
 -0.89331694460713940      -0.19546386460942131     
 -0.89683645068268369      -0.17880727298610252     
          10
  0.46019066236800771       0.57878799207059517     
  0.42624228703179845       0.60018386752290487     
  0.41344029647896968       0.59711120357281244     
  0.41983130212259134       0.58742166741269009     
  0.41285800019485713       0.57621404635794204     
  0.41956899051844437       0.56550746244289407     
  0.41662559107018149       0.55125494565791522     
  0.43672662679583873       0.55685579355151993     
  0.44785383817107272       0.56027176103994869     
  0.45562200274772136       0.56157195766525225     
           9
  -5.6682612664182272E-002 -0.12856844113587848     
  -6.3341192625564327E-002 -0.12479694417139553     
  -5.6809378405104416E-002 -0.11796508258737134     
  -7.2663041439025688E-002 -0.12721974028616506     
  -8.3282902334510966E-002 -0.11599356280920145     
  -9.4795521024049700E-002 -0.12126146639997239     
  -9.5868146073555982E-002 -0.13183329910309355     
  -9.7499918193736351E-002 -0.13979653592158020     
  -6.6146161079470633E-002 -0.16248809198105718     
           7
  0.97473458210549047       0.63091880757547858     
  0.97258241814865976       0.65024382403117476     
  0.94507440572018053       0.65592495339785939     
  0.92679073359775022       0.64412559365027311     
  0.94106611555763398       0.60442168578306976     
  0.97565903624100514       0.60567703547190321     
  0.97330784592440178       0.62225701441266956     
