   1.0000000000000000
   50.000000000000000     
          16
           8
   9.0000000000000000     
   2.0000000000000000     
   7.0000000000000000     
   3.0000000000000000     
   2.0000000000000000     
   6.0000000000000000     
   2.0000000000000000     
   1.0000000000000000     
   6.0000000000000000     
   2.0000000000000000     
   4.0000000000000000     
   2.0000000000000000     
   8.0000000000000000     
   4.0000000000000000     
   9.0000000000000000     
   9.0000000000000000     
           1
   0.0000000000000000        0.0000000000000000     
           7
  0.54915201638534117        5.1636704420647411E-002
  0.55717623294187058        7.4489036608064121E-002
  0.49627548386441528        7.1023752628488090E-002
  0.47562759396632753        5.8317439670566490E-002
  0.51405917756976560        9.5945515112353733E-003
  0.54962360385676245        1.0173623897636944E-002
  0.54989294577669712        3.3671173757312045E-002
           4
  -5.1640184696571528E-003  0.41618577336432155     
  -3.4767621521397347E-002  0.40002362470486119     
  -6.3326230520465002E-002  0.36676082716082614     
  -1.1660265594671499E-002  0.35296119108837976     
           4
  0.12073705548033280      -0.81380213307678517     
   8.7646089734482346E-002 -0.81214926102215046     
   6.5582572116026736E-002 -0.88821461281509095     
  0.14580191432041423      -0.87007843698880027     
           3
  0.96237081812719794       -4.5062601003043413E-002
  0.88436931055515755       -2.7144463804710001E-002
  0.91746838711915135       -6.5683896036403983E-002
           6
 -0.71549034669071754      -0.44863876083544985     
 -0.74140437190375852      -0.46148506896482000     
 -0.77761200965300903      -0.44720164302001447     
 -0.78220541514278885      -0.48570425306325632     
 -0.78290742604416352      -0.50645598412986692     
 -0.77443779090208109      -0.53187449547415544     
           7
  0.20663799669327751       0.50218725418208265     
  0.17238808555375024       0.51101647468189937     
  0.16321513685298875       0.49378949364674168     
  0.15455246864285421       0.47919522339128795     
  0.16485634681386654       0.45139493273824327     
  0.23918978019229858       0.44516255663058135     
  0.23483669529536039       0.46201129412748987     
           8
 -0.11231694182722445       0.67096258869793124     
 -0.15582478491365906       0.70649459623144484     
 -0.17265852309930405       0.71235625128182634     
 -0.16302667366073911       0.64809930059074239     
 -0.15645236815805949       0.63761039060013835     
 -0.14799084782653785       0.64901133887040618     
 -0.12811254545788028       0.63103855765410044     
 -0.10657866768394747       0.63890615880637458     
           5
  0.38799250749351655      -0.64217330253049310     
  0.36451325355286907      -0.61021788330436744     
  0.31141385250622855      -0.61267291149872138     
  0.34023962046001083      -0.67920420090344913     
  0.37446397133555209      -0.68461207643928668     
           7
 -0.51877859428650930      -0.46871363331374483     
 -0.52961022997796736      -0.47747487253986831     
 -0.54194536206501864      -0.46755824871295992     
 -0.56157284979135236      -0.47766825137548047     
 -0.56157545482366866      -0.52145102951693423     
 -0.54458724371022815      -0.52916239777082053     
 -0.47960348609929682      -0.49178465315910619     
           6
  0.55875744820139506      -0.28630684293962028     
  0.53770519778061876      -0.25349977264533086     
  0.54176742336087080      -0.30907878578240855     
  0.53406846761393922      -0.32123273344995035     
  0.54800153197613122      -0.32148911916824341     
  0.57273045428196834      -0.30808309066677148     
           4
  0.12054705317218496       0.23182534937905219     
   5.8507988006690617E-002  0.23584299227727085     
   8.3621064927480684E-002  0.21054510763653125     
  0.11244060946845544       0.21262199988627378     
           7
  0.87004571033994216       0.13286873259345580     
  0.86204445925825479       0.14958697465477977     
  0.80995006731487862       0.15082457571599039     
  0.79992652602054515       0.12710703316174679     
  0.79157136829105801        8.4688989820819072E-002
  0.80548839228885316        7.4649820752234294E-002
  0.82519229867871713        7.0090196035248936E-002
           5
  0.89738787869139136       0.86070308949992946     
  0.89820821013073393       0.87820967401675221     
  0.83128791177486072       0.85594680280893631     
  0.85739040845672421       0.83213909428592547     
  0.88194270838588351       0.82153921004769148     
           3
  0.60134959171177016      -0.61460909674503117     
  0.58891246444524026      -0.67347718766429565     
  0.60917255279604887      -0.68336095316851098     
           5
 -0.84032663583865586       0.36563956741378467     
 -0.85901570584983877       0.36585375860133218     
 -0.89926488914177094       0.35027288735260881     
 -0.91743716376270756       0.28941062651156585     
 -0.84985107170150020       0.32994059742009041     
           5
  0.51502349702551165      -0.52771285664451029     
  0.48668113454283085      -0.56382714820225144     
  0.48568931082210898      -0.60572067413173936     
  0.50908879125862383      -0.59278873162920842     
  0.54724965108171031      -0.60163155732032680     
