   1.0000000000000000
   50.000000000000000     
          50
          10
   5.0000000000000000     
   1.0000000000000000     
   3.0000000000000000     
   8.0000000000000000     
   3.0000000000000000     
   8.0000000000000000     
   5.0000000000000000     
   4.0000000000000000     
   5.0000000000000000     
   3.0000000000000000     
   2.0000000000000000     
   5.0000000000000000     
   3.0000000000000000     
   2.0000000000000000     
   2.0000000000000000     
   6.0000000000000000     
   2.0000000000000000     
   2.0000000000000000     
   6.0000000000000000     
   4.0000000000000000     
   9.0000000000000000     
   5.0000000000000000     
   6.0000000000000000     
   6.0000000000000000     
   2.0000000000000000     
   10.000000000000000     
   7.0000000000000000     
   1.0000000000000000     
   7.0000000000000000     
   6.0000000000000000     
   6.0000000000000000     
   8.0000000000000000     
   4.0000000000000000     
   8.0000000000000000     
   4.0000000000000000     
   9.0000000000000000     
   2.0000000000000000     
   9.0000000000000000     
   10.000000000000000     
   3.0000000000000000     
   5.0000000000000000     
   10.000000000000000     
   9.0000000000000000     
   3.0000000000000000     
   3.0000000000000000     
   5.0000000000000000     
   3.0000000000000000     
   7.0000000000000000     
   9.0000000000000000     
   2.0000000000000000     
           1
   0.0000000000000000        0.0000000000000000     
           5
 -0.93201087907958535      -0.48615566046048486     
 -0.95562665423174964      -0.48117087015682125     
 -0.97155952512259569      -0.48671335130043775     
 -0.97389773684396264      -0.49522229270971818     
 -0.93274605939295707      -0.49690288827154044     
           5
 -0.54489533148394786       0.59834958250785075     
 -0.58493646686769385       0.59979886944641059     
 -0.58380906264699117       0.58903100471818615     
 -0.55980681718900205       0.56380993103677624     
 -0.54017249782445387       0.56255746617548674     
           5
   3.1503008230735013E-002  0.96624134563614950     
   1.3879661071441176E-002  0.96294522639023949     
  -1.0571564526905695E-002  0.93759569120386599     
   7.3133895129935608E-003  0.92863711741772481     
   1.8568017332816017E-002  0.93556901791785074     
           7
  0.26153558906294516       0.71033907703778709     
  0.24872164250153916       0.70547732475945268     
  0.24462559495854086       0.69386801615414018     
  0.23805486537465931       0.68261346338793938     
  0.24940413978070944       0.66360730898213505     
  0.25693620898402986       0.66546454931053722     
  0.27429123873894323       0.66621117817559561     
           8
 -0.65815061970640443      -0.20492175239022445     
 -0.67348605172430531      -0.21221703761467980     
 -0.67728932549204546      -0.20215698919689865     
 -0.68497644810908687      -0.21353782755179118     
 -0.70007560685493930      -0.21796161128793845     
 -0.68933754833798966      -0.22181629794991367     
 -0.66327438682398110      -0.24500616816345946     
 -0.65976370296153264      -0.22465547623873081     
           7
 -0.28434725693965540      -0.63910273139851081     
 -0.30821657853284334      -0.63336082452414699     
 -0.32274117680275016      -0.63213627201347655     
 -0.31661805568015061      -0.64839851788987712     
 -0.32244587956048298      -0.66603459464527115     
 -0.30560982974407996      -0.66760031126324859     
 -0.27976062728479062      -0.66155519617552483     
          10
 -0.79517438220539505      -0.31330850532021898     
 -0.78963867432034363      -0.30628647751126714     
 -0.82715497931983817      -0.29517525165776159     
 -0.82692236608669378      -0.30482822919310198     
 -0.82879415258259037      -0.31249558010838679     
 -0.83232171182981962      -0.32253209501827135     
 -0.82700298745512379      -0.33710710778674491     
 -0.80237552347476082      -0.33809657113882652     
 -0.78949218646392150      -0.34274461133220069     
 -0.79407984355495931      -0.33756026631506136     
           8
  -3.9796762485138824E-002 -0.58591582910728934     
  -2.8471518286834190E-002 -0.56788953155500532     
  -4.5707327302925344E-002 -0.57347479136947876     
  -7.3800706801090160E-002 -0.57526137402850053     
  -6.4975111858239010E-002 -0.58458593721901753     
  -6.8590781114384214E-002 -0.60579352685808430     
  -5.7654562740687990E-002 -0.61048155012319338     
  -5.3584935715000649E-002 -0.60201372242625373     
           8
  -4.9833195387421370E-002 -0.75435324142660609     
  -6.0554411187306367E-002 -0.76136177808473138     
  -6.9657390012026227E-002 -0.75999760790715787     
  -7.7209776572901137E-002 -0.76040011279188779     
  -8.2863019524371473E-002 -0.78324220840782577     
  -6.7452710226671223E-002 -0.79121914736805765     
  -5.4141105479704965E-002 -0.79947118757630520     
  -5.0217385956599886E-002 -0.79378101390860833     
           9
  0.54477657752231945        2.8860577373409572E-002
  0.53763843035444059        3.4028683661230602E-002
  0.54481836400254902        4.5308822868598761E-002
  0.51711243842327970        3.9817541708746143E-002
  0.51001177221276806        3.8060765580376313E-002
  0.50714877808668624        2.7697018865055038E-002
  0.50861105546119711        1.1315843886761890E-002
  0.53882276516526129        2.9735029588044345E-004
  0.54138866023746668        1.4276371927862793E-002
          10
  0.30567124694399828       0.55524255889965035     
  0.29247929372995451       0.56589632460294026     
  0.28277582420147213       0.56671097315086238     
  0.28286865645194531       0.55926917205604953     
  0.27915483464731278       0.55406472446246435     
  0.26871970593813110       0.55432202718896639     
  0.27005412150664626       0.54451845168750934     
  0.29002280582757750       0.52911140245450428     
  0.30154493102822977       0.52481065751931633     
  0.31269554634548008       0.54723704143657925     
           5
  0.89597570890479472      -0.68805258412063119     
  0.87116028506017318      -0.71075768976767728     
  0.87533674201926170      -0.71942158038248916     
  0.88652384170041021      -0.72066982531398260     
  0.90268372296889199      -0.72096792456572678     
           6
  0.68895473652404615      -0.35190523595839573     
  0.68483390438174840      -0.33916115145235592     
  0.65374940133629800      -0.34923169015360839     
  0.65247215910731937      -0.35831169381006339     
  0.65838598047665275      -0.36500966453614653     
  0.65594274118099749      -0.37508443286257170     
           4
 -0.30144872098901088      -0.48857135553552061     
 -0.33916390891503617      -0.48877942694159687     
 -0.33403734204643509      -0.49961918537425487     
 -0.30259533063303601      -0.50665027156220388     
          10
 -0.82538625239523122      -0.82939165219236555     
 -0.82171321456888269      -0.82378639989529967     
 -0.84304704177601097      -0.82511185506515339     
 -0.85434780576421765      -0.82361762020075890     
 -0.86238139125143787      -0.82821433199795702     
 -0.85717151367661271      -0.85955510120867606     
 -0.83240385413927309      -0.85578799064833433     
 -0.82824469434806858      -0.86122661286414481     
 -0.82161333012956139      -0.85967144753066727     
 -0.82636982146018834      -0.85067606671849294     
           8
  0.79314995125365129      -0.76034182006543305     
  0.80114656343342572      -0.74028815362378142     
  0.78313808504810445      -0.74983187017276076     
  0.78290251775916464      -0.74083791355438466     
  0.75660394526850039      -0.75501674099869154     
  0.76594731776346880      -0.78223746681451922     
  0.77169861099431225      -0.77711735024578388     
  0.80421606826088232      -0.78636427719449675     
           7
 -0.65427261239002699       0.11025884922885255     
 -0.68605757042283955       0.13418189374812242     
 -0.69976412035264213       0.11821254907844819     
 -0.68990685822003084       0.10573107174213223     
 -0.68044888952121341        9.3926745357737637E-002
 -0.67049718116588763       0.10112949838651765     
 -0.65238451473464532        9.8129088584664681E-002
           8
  0.82554142443429568      -0.42117522761887871     
  0.80933462424975078      -0.42560663324420606     
  0.79136680277624782      -0.43768676058624595     
  0.78038664411150882      -0.43665628631562875     
  0.77989335863206810      -0.44803001175439627     
  0.78808413028774571      -0.44705428791447194     
  0.80395749570174957      -0.46182445930733457     
  0.81757599831180094      -0.45597257257435320     
           4
  0.94307612681825159       0.48634582075085969     
  0.92082382537342766       0.48000922641456789     
  0.94003712613231261       0.45722751276033374     
  0.95195624504623022       0.46258800878703599     
           4
  -3.1981850489580958E-002 -0.82426408958147412     
  -3.2344015900530348E-002 -0.83644359156852488     
  -9.5076966074987938E-003 -0.86146778472665275     
  -1.0463193473008500E-003 -0.86847458559298085     
           8
   7.4169361291589547E-002  0.38931975486024861     
   5.7683681171527237E-002  0.40077357738710229     
   5.2719389266615943E-002  0.39554013965920426     
   4.2922832396597575E-002  0.39950927380935702     
   3.7661013107475910E-002  0.39069216307389154     
   3.1045799378953173E-002  0.36663951388490684     
   4.1673580240939839E-002  0.37096048408297744     
   7.1964785144107771E-002  0.37329334121891589     
           3
  -5.8212553096844380E-002  0.78745452958711715     
  -9.5213932171214349E-002  0.78173209278563927     
  -5.6252193928657990E-002  0.76507914371603192     
           5
  0.48438520383240352       0.88907300441631343     
  0.44456286367131276       0.89357898571538219     
  0.45308782775129441       0.87750037853089913     
  0.45272500305473290       0.85424026326039049     
  0.49188913506798704       0.85892357452682278     
           8
 -0.33099657534889121       0.13571917963042784     
 -0.34014275900760016       0.14578662751404245     
 -0.35286663510930638       0.13605545145067768     
 -0.36122633234642748       0.13735558085952651     
 -0.35469311214447619       0.10606748957297510     
 -0.32217256789279364        9.9713726572462094E-002
 -0.32359739394357084       0.10867196665514529     
 -0.32979957315206948       0.11892942343532585     
           3
  -9.9778320338560322E-002 -0.39735545786455650     
 -0.13793046600102227      -0.39304297994954995     
 -0.10124828261079316      -0.41215476922522326     
           3
  -1.9892991739931011E-003 -0.61956937757836117     
  -2.2237238196671276E-002 -0.64356559105206479     
   1.6589027825472714E-002 -0.63457979123390806     
           8
 -0.64428488825341046       0.35585783771192836     
 -0.65344600256403285       0.35993479307360354     
 -0.65953140750802142       0.37322551997899439     
 -0.67451666973684177       0.37245849934151409     
 -0.68357391535584355       0.35862394062380587     
 -0.69057372724717914       0.33728288757793057     
 -0.65766232620471110       0.33542669909523792     
 -0.65202234178346563       0.33139185657157666     
           5
   4.1032336658116529E-002 -0.30019420856242557     
   3.3845779767435524E-002 -0.32481159601236731     
   4.5183967384817593E-002 -0.33419422821272193     
   5.4913929199210794E-002 -0.33066118099449415     
   6.4681241254481298E-002 -0.33624996823793180     
           6
 -0.52390617586167210      -0.48460802538614223     
 -0.52786995702328199      -0.47775702967882167     
 -0.56070328249791412      -0.48640923319005602     
 -0.55702263482746528      -0.49987471560952657     
 -0.53643593674401790      -0.51416096376645604     
 -0.51540532639624448      -0.51406260068001319     
           3
 -0.71626117567415459       0.63774149463586327     
 -0.73348149505994631       0.59855168223894528     
 -0.69749721456019353       0.60733677370786832     
          10
 -0.91197028149165282      -0.67795423285064782     
 -0.91440074734529297      -0.66930494057586309     
 -0.92202633265392375      -0.67521392805852565     
 -0.93266577591338695      -0.67958563329572130     
 -0.94020936858513970      -0.67915862821701123     
 -0.94804892456012924      -0.70501758205800802     
 -0.93856126994114530      -0.70778859657925808     
 -0.92322344134019996      -0.70920373496406208     
 -0.91319369948356677      -0.71321638607089410     
 -0.91103249958433330      -0.69136765417721946     
           9
 -0.89712087895726622       0.83804781867844047     
 -0.89809089128502551       0.84865230688849924     
 -0.91404927084871168       0.85529371485564820     
 -0.92899088097870863       0.85334059658255856     
 -0.93645096901389180       0.83652597820233132     
 -0.94438584340767906       0.82531358926041931     
 -0.92930140409140505       0.82729689425980135     
 -0.93008898248615546       0.81771141979203155     
 -0.91305990476977372       0.82703915884574897     
           4
  0.51727333636920536      -0.76024839373395081     
  0.49251208698146581      -0.75425970963928934     
  0.48816800309671388      -0.77048325291805231     
  0.52739324878745075      -0.76744805578540443     
           8
 -0.43511962896799361       0.86231758816502135     
 -0.45589682913470753       0.85917198729188893     
 -0.46444279994774240       0.86511899591268027     
 -0.47541209855875105       0.85271521388012161     
 -0.47256313672238870       0.82319744663064198     
 -0.44524845084425080       0.81775557908710883     
 -0.43833722038526290       0.82000234378779302     
 -0.44135867264478046       0.84087146447457273     
           6
  0.88080710898233716      -0.29566295906521195     
  0.87135533578888724      -0.27771036364463952     
  0.85307893696212445      -0.28313181445871072     
  0.83619598260162831      -0.28605405301646986     
  0.84074689017732596      -0.32100996430578355     
  0.86849949623483103      -0.31479660283767263     
           9
  0.13782214455130412       0.56782165074018254     
  0.13883983894673849       0.57477295654807836     
  0.12072944463271712       0.56697104564466694     
  0.10786929903126087       0.56947874464056891     
   9.4629571609244831E-002  0.56102811435179056     
   9.5649193126179963E-002  0.55137875638571154     
   9.7799874499880313E-002  0.54341201415575868     
  0.10357656129092742       0.53441354352970327     
  0.13244301517412704       0.54696568355418285     
           9
 -0.52089795409706396       0.80408765226606305     
 -0.53509968021881715       0.79395717184164460     
 -0.54162306182629660       0.79464334106792278     
 -0.56261576384450018       0.79480294017609543     
 -0.55381055314589611       0.78580894778748256     
 -0.55004334966962709       0.75739304866505908     
 -0.54096297601478649       0.76802214702607552     
 -0.52612974244748645       0.76111278503726276     
 -0.51949874736048407       0.75646395716867698     
           8
 -0.35474722279439791      -0.55476165275510625     
 -0.36264949597091722      -0.55693312628606506     
 -0.37991374184609794      -0.55055872844433451     
 -0.36947920507958287      -0.56076481156803948     
 -0.37728788819217751      -0.55764151551342400     
 -0.36215317912360695      -0.59259079073945542     
 -0.33879970711696739      -0.59702301251018275     
 -0.33844919901627341      -0.58480874463622912     
           6
  0.25921859740105696        2.5437919423961411E-002
  0.23800323398618015        6.5518322888303785E-003
  0.22921212645620193        7.6288055858576885E-003
  0.22608379551264818       -4.1795021764421177E-003
  0.26494098426564194       -1.4363108177677626E-002
  0.26721542468131709        1.1698489151120805E-004
           8
  0.89959887817738138       0.84424558349894652     
  0.89082311840582640       0.85832335842776608     
  0.85275727158748449       0.84336666434484142     
  0.87491157551859677       0.81932227536582281     
  0.89508779069984024       0.81361096194450511     
  0.89112724685871270       0.82588180815843348     
  0.89990948631282786       0.82272846834440894     
  0.90029190892437128       0.83244217685219990     
           4
  0.14639377782936749       0.42280430440527672     
   9.8846867354713167E-002  0.42341334478873310     
  0.11728470031647734       0.39862979167748380     
  0.13760766581369202       0.40986129691369105     
           9
 -0.28244540280396357      -0.96716168540156155     
 -0.27682484463250162      -0.95476494417433833     
 -0.28286125587263655      -0.95086354883769086     
 -0.30780338788749573      -0.94760189882297097     
 -0.31351537971142707      -0.97804039714289104     
 -0.29920948459231628      -0.98077419227662965     
 -0.30227064313767488      -0.99038128483368537     
 -0.28004204755032541      -0.99055067837103761     
 -0.27837119159888263      -0.97962714431032938     
           6
  -1.8524105739425371E-002 -0.39517914156022271     
  -3.1080334794709948E-002 -0.37968471414814375     
  -5.5908355192051326E-002 -0.41814090200885873     
  -4.1190912162127620E-002 -0.41155003218484459     
  -4.4543428090872875E-002 -0.41902118358010326     
  -1.8962343197141792E-002 -0.41216686778800288     
           9
  0.92809241437896928      -0.16874164976145148     
  0.90696021861218235      -0.16154333089607253     
  0.89173631853441837      -0.15593350206185105     
  0.89272642114260459      -0.17180921099667337     
  0.89368172756868747      -0.18462681449446294     
  0.90148435907811675      -0.19147981527411254     
  0.89905861279695365      -0.20148825805357079     
  0.90894879668739126      -0.19954149481471667     
  0.93368778877536573      -0.18769025736181072     
           9
  0.98941334059136921       0.18278887166369825     
  0.98790423904173441       0.19603285273260848     
  0.95820513252430140       0.20016921264795795     
  0.95069315827800138       0.19311935110078210     
  0.96210709274781137       0.18307940188317451     
  0.95855604552673690       0.17019886925432781     
  0.95367013725169969       0.15963463821000504     
  0.96956498426689885       0.16297717424271846     
  0.98900095011810640       0.15930325961213110     
          10
   3.3049008010162348E-002  0.17243974880358653     
   3.6897380883174971E-002  0.18551344014015236     
   2.9528549177725440E-002  0.18376031563281844     
   3.5783391894963299E-003  0.19472448096392528     
  -6.5861462286656326E-003  0.18763265597878648     
  -1.7919660946087643E-003  0.17520566152639316     
   4.1947282828046911E-004  0.15960535692846692     
   2.8778702885839946E-004  0.15090289372531504     
   3.1339804882183540E-002  0.15388255158861311     
   3.6668499001281503E-002  0.15989964847501742     
           7
  -2.7421809111488477E-002  0.61358907951010910     
  -4.0103905531135041E-002  0.62019189209907988     
  -5.7165244465035070E-002  0.60753761342598900     
  -5.6253352338702295E-002  0.59990279659034051     
  -6.4712855288686394E-002  0.58942133438334399     
  -4.6923964158448406E-002  0.58259666755491546     
  -3.4856708307197538E-002  0.57921513263385405     
           6
 -0.74656317469718902        7.1479961845029028E-002
 -0.75724282201453674        7.7255783466289238E-002
 -0.74350455428737394        3.8428610321893292E-002
 -0.72898317855535155        3.2032658425988111E-002
 -0.73091222886575835        4.1728273786878531E-002
 -0.71712795187698841        4.1331837911366638E-002
           8
 -0.83248554702859534        7.6632145270784505E-002
 -0.83809054751962020        8.0764364963740273E-002
 -0.85122717588042041        9.0456837220396880E-002
 -0.87467109778958285        9.3381187248689018E-002
 -0.86944326389813753        6.9893462449080415E-002
 -0.87975664712397961        5.8755720493256489E-002
 -0.84334992373351481        6.4018224732222614E-002
 -0.83677438245967173        5.8163261006069875E-002
           8
  0.25427522488375659       0.88176992392551068     
  0.25109568770577262       0.89115474116719751     
  0.24681918958445084       0.88407984259873962     
  0.24053208168246026       0.88764479814558839     
  0.22395991789018005       0.86627159199134740     
  0.22920575180728475       0.85137152942468686     
  0.24767973323947473       0.84625778071089686     
  0.26247006173101900       0.85308973305596736     
