   1.0000000000000000
   50.000000000000000     
          56
           8
   6.0000000000000000     
   8.0000000000000000     
   4.0000000000000000     
   1.0000000000000000     
   8.0000000000000000     
   4.0000000000000000     
   7.0000000000000000     
   5.0000000000000000     
   2.0000000000000000     
   10.000000000000000     
   10.000000000000000     
   9.0000000000000000     
   9.0000000000000000     
   9.0000000000000000     
   8.0000000000000000     
   8.0000000000000000     
   4.0000000000000000     
   8.0000000000000000     
   9.0000000000000000     
   6.0000000000000000     
   4.0000000000000000     
   1.0000000000000000     
   4.0000000000000000     
   10.000000000000000     
   4.0000000000000000     
   9.0000000000000000     
   2.0000000000000000     
   1.0000000000000000     
   8.0000000000000000     
   10.000000000000000     
   5.0000000000000000     
   6.0000000000000000     
   6.0000000000000000     
   6.0000000000000000     
   2.0000000000000000     
   1.0000000000000000     
   5.0000000000000000     
   10.000000000000000     
   3.0000000000000000     
   6.0000000000000000     
   8.0000000000000000     
   10.000000000000000     
   1.0000000000000000     
   10.000000000000000     
   9.0000000000000000     
   4.0000000000000000     
   9.0000000000000000     
   7.0000000000000000     
   10.000000000000000     
   5.0000000000000000     
   4.0000000000000000     
   1.0000000000000000     
   3.0000000000000000     
   7.0000000000000000     
   2.0000000000000000     
   8.0000000000000000     
           1
   0.0000000000000000        0.0000000000000000     
           5
  0.47523833448459457      -0.42048162695643199     
  0.46111668138635109      -0.42912293428157083     
  0.46189795645872389      -0.44487819517857335     
  0.49480805897842239      -0.45600314546861354     
  0.49491880314546466      -0.44636612749207827     
           7
 -0.86250488300580808       0.41306040324774590     
 -0.86353434424940756       0.42374112871666259     
 -0.88939883683046439       0.43804168748912636     
 -0.89799879800849203       0.41901158342914313     
 -0.88407178320077640       0.39673748748282539     
 -0.87219810778687945       0.39707788304180180     
 -0.85504979291146588       0.40100925289130152     
           3
   5.8886437951610804E-002 -0.85330137183326815     
   4.0696975242600131E-002 -0.85780451455224260     
   6.1532550453571602E-002 -0.86574429637003303     
           7
  0.47526849855889347      -0.24383941611457274     
  0.47352584623497879      -0.23039089867544757     
  0.45849045302239189      -0.22764866850181328     
  0.43872200433325781      -0.24542334993484996     
  0.43919223312772632      -0.25804984562487560     
  0.44600041336836016      -0.26432874693169528     
  0.46561870246478593      -0.27057207351893542     
           3
 -0.84723997493223913       0.86190029918012678     
 -0.87263601949723058       0.83364481963921044     
 -0.85681498514508381       0.84223681484524693     
           8
   4.9230016226196119E-003 -0.33615029081295011     
  -9.4813785225212853E-003 -0.32861156677518494     
  -2.1509482055735080E-002 -0.33212908718996365     
  -3.2118655744078614E-002 -0.32756024771184028     
  -3.2931777804568067E-002 -0.33785626177900435     
  -2.4141777918578151E-002 -0.36521593862696639     
  -9.9046693894589716E-003 -0.36033741195070379     
   5.0209342172878070E-003 -0.35667334997655714     
           4
  0.87605077794648378      -0.10107082198274618     
  0.88299637492775340      -0.11233681030170775     
  0.88716031514375149      -0.12099306560733987     
  0.91857863138696227      -0.11484528867148920     
           3
 -0.14460252783912711       0.29944387758527019     
 -0.16813128275049616       0.26942425881356369     
 -0.13959763226693930       0.25967678286805507     
           4
 -0.53799310455336768       0.15162650897440241     
 -0.55109475680944586       0.15846752902612901     
 -0.57258970115795271       0.14794039636272610     
 -0.53668290024901633       0.13771190193184360     
           8
 -0.10907683146249651       0.48966409672494643     
 -0.11585251374751500       0.48664407880842070     
 -0.11896719053822186       0.49339784177462875     
 -0.13280332031135131       0.46928254613463416     
 -0.13332719817004932       0.45975831313271542     
 -0.11694530279678267       0.45137648303906042     
  -9.7698100677210326E-002  0.45756000304629579     
  -9.8245565766277992E-002  0.46822423365970106     
           5
 -0.41775481422300292       0.26837542034219647     
 -0.45429858684015989       0.26624255528478741     
 -0.45323491987247316       0.22867437036149152     
 -0.43356958823759334       0.22612790363320895     
 -0.41596894879296986       0.24055349843384258     
           5
  -7.4227655998158372E-003 -0.17561355194577299     
  -2.7644280683899021E-002 -0.17005931859163317     
  -4.7584009637383864E-002 -0.19649909683945979     
  -3.6771186655085317E-002 -0.20386861819486332     
  -1.6476797334187318E-002 -0.18819168177886569     
           4
  0.46397179730161575       0.65510471066944731     
  0.44106863412000330       0.63134717309163713     
  0.45718087439281241       0.62739055348919082     
  0.46609120210408056       0.63186742377728089     
           8
  0.44819314348099826        9.0084561661285589E-002
  0.45644519306496345        9.4431126445036040E-002
  0.41349542135287970        9.9548957710895655E-002
  0.41982156663830955        9.2634428363131169E-002
  0.42019833267553902        8.3073539633351512E-002
  0.42074534821570825        6.4853740683505301E-002
  0.43063823985441524        5.7393776728957471E-002
  0.45166827894689326        7.7438105763053058E-002
           3
 -0.40807531204642938      -0.81928825308424313     
 -0.41329608940647067      -0.84343898662833616     
 -0.39239712254116949      -0.85064834769023778     
           7
  0.33984144152585960      -0.40582049763163114     
  0.31416117841613400      -0.39667254501186244     
  0.29515918369707733      -0.40155472399539244     
  0.30628288839931844      -0.41481873621974313     
  0.30658992704202231      -0.43901282130213037     
  0.32464460600245187      -0.43156089904555217     
  0.33607437629120768      -0.43908214678636048     
           4
 -0.96058011920349140        3.9250597435515816E-002
 -0.96434088165696286        1.9337781706015446E-002
 -0.95048768816735674        6.2059256056174739E-003
 -0.93520677042342737        1.0095054262723741E-002
           5
   2.4132580280249866E-002  0.54152763775564550     
   1.5186666942102139E-002  0.54074620069046664     
  -4.2058852113089421E-003  0.54508792364612180     
  -1.3577560830084975E-003  0.50240407262069475     
   2.8219314746400125E-002  0.53142248300910333     
           4
  0.66901258911794725        4.5666591189071626E-002
  0.66242767831314009        5.4863500492230127E-002
  0.64224489714247290        1.7053542566800185E-002
  0.65147474823782414        2.2003356381496079E-002
           8
 -0.21761056307950999      -0.53938140235375454     
 -0.21402111359073356      -0.52868327812455751     
 -0.22531368912181002      -0.52987998494461652     
 -0.22629657218477714      -0.52330686152533068     
 -0.23387399159395741      -0.53044028840007795     
 -0.25133466375731872      -0.55327703884236101     
 -0.21621841798528760      -0.56484730216148638     
 -0.21325162096757441      -0.55730214320469618     
           7
 -0.38701146505387879       0.43041139321500838     
 -0.39012884888125632       0.43795899579501735     
 -0.39717907646633210       0.44975661357095470     
 -0.41077461141973665       0.44200102348006381     
 -0.42005477689866311       0.42465545379079744     
 -0.40629544766702891       0.40784118183431611     
 -0.40086924581761496       0.41273593794793678     
           7
 -0.93192557990729907       0.78524976532100788     
 -0.94747492613310447       0.80640162565507834     
 -0.97149795381789039       0.80152039282593812     
 -0.95646724701515085       0.76630467728438878     
 -0.94121690135547587       0.76556984019288643     
 -0.93185494147299197       0.76890380234484990     
 -0.94007317933213941       0.77733883732126230     
           8
 -0.56041247042652342       0.52102122576031795     
 -0.55826649179817556       0.52779118604554998     
 -0.57314478999191465       0.53224211655385145     
 -0.58716422724618178       0.52877531624834295     
 -0.59652299305733614       0.53283310599509581     
 -0.57969391907555645       0.49474834435713216     
 -0.55545062801546108       0.49831573100772314     
 -0.55988739649399522       0.50435686668893798     
           8
 -0.62026725341291289      -0.28092484792495387     
 -0.63793838859159380      -0.27660611665246299     
 -0.65034658827283431      -0.28024091556925335     
 -0.65262026633682235      -0.30386906353258947     
 -0.63737622768328983      -0.31802374298693487     
 -0.62568984908474734      -0.31779258733605414     
 -0.61918985734473586      -0.31920306559696554     
 -0.62396789594939617      -0.30880432746168818     
           6
  -1.8453172377351973E-002  0.65373623345641285     
  -3.4984028273222591E-002  0.65825282677327523     
  -4.6287507353621180E-002  0.65896418624630670     
  -5.0648939778917643E-002  0.63503023044069840     
  -5.7513160864990621E-002  0.62525074120308111     
  -1.9589726558522758E-002  0.62356414479219990     
           3
  0.12486042738774439      -0.21030904238401144     
  0.10302174165519164      -0.21172199951208545     
  0.10653804170260822      -0.22688040784139030     
           3
 -0.62460155298830933       0.87341919492004860     
 -0.63216046583490804       0.85328853079062805     
 -0.60096883950077529       0.84532141073060174     
           7
  0.10176590300440626       0.18648118320020149     
   9.6037581920171991E-002  0.19587899059254593     
   7.3642278386447352E-002  0.19017364655500024     
   7.1559632284516117E-002  0.18314034418955749     
   7.7279044130863783E-002  0.16287799044959866     
  0.10530377031920149       0.16347579820362046     
  0.10683887793412694       0.17993973203667221     
           4
  0.57435165715098124       0.41565113169115198     
  0.55875232710177114       0.38367195600040416     
  0.57357539669903024       0.37681410320397979     
  0.58952049145800212       0.38739413372904385     
           5
 -0.67076300210307549       -3.8295962458616613E-002
 -0.68305460304852417       -2.6478016299205726E-002
 -0.70460756067463781       -3.9923202010838980E-002
 -0.70520387136939333       -6.3259982254709995E-002
 -0.66731839731249520       -5.4870424058739764E-002
           8
  0.48852904780039752      -0.66044965311143433     
  0.47026061194936764      -0.64981525055783940     
  0.44760415684893312      -0.64704950722000731     
  0.44873837770857367      -0.65609355351518295     
  0.44998285529103482      -0.66369305686580315     
  0.45999321454191822      -0.68738807528706425     
  0.47607556292781139      -0.68453658397274419     
  0.48390678688865446      -0.67048251155717309     
           3
 -0.13185521195290373       0.72783343806827572     
 -0.12246185846815696       0.70330761420175869     
 -0.10259862346618975       0.69397068260660733     
           6
 -0.48085332952319043       0.24368222719344684     
 -0.49980739709158040       0.25736458552707925     
 -0.50410737528788618       0.24788974774236908     
 -0.51764025360102661       0.22851119700549877     
 -0.52048049179352451       0.21865398631398922     
 -0.49594570811891159       0.21449122177991253     
           7
  0.53740498462296848       0.47144099054167249     
  0.52674648473950103       0.48022255744647024     
  0.51465775886370690       0.47622743391081390     
  0.49698078433476217       0.47498621517524886     
  0.50165958252498832       0.46313000939752680     
  0.53525891295923134       0.46310738446693778     
  0.52057359622420829       0.47062734598702094     
           4
 -0.61622412267205173       0.55721727593032322     
 -0.65072255193790218       0.53695344767859976     
 -0.65742141018546285       0.52896688906384748     
 -0.61880970233164934       0.52234256850258354     
           3
  0.24268997177729107       0.56414682406106831     
  0.23044428726701166       0.56073521217178823     
  0.22971500651798180       0.52453896674181255     
           3
 -0.12196080789493921      -0.75975140822409593     
 -0.14849347467161331      -0.77303136030345510     
 -0.13955135332315266      -0.78969088897138218     
           5
  0.66181051609741992       0.76851401889657311     
  0.63405774153509931       0.75579770079303521     
  0.64151224155744213       0.73382921034348447     
  0.64961801064589508       0.73306274874260824     
  0.66509716128239782       0.73569974737624877     
           7
  -8.4384074602916054E-003 -0.65092415927798553     
  -2.3558815769337736E-002 -0.64200950223083320     
  -2.0936190068673564E-002 -0.63257605172194664     
  -5.0707785718199921E-002 -0.64431176326261896     
  -3.5957917619869148E-002 -0.67790108017029060     
  -3.2740542046153592E-002 -0.67136357979897698     
  -2.6527174082985477E-002 -0.67579536196002410     
           8
 -0.83847106128106308      -0.74970931264057561     
 -0.84316676337210861      -0.74421093830761409     
 -0.84965249664112641      -0.73461336274476796     
 -0.87175804567955328      -0.73097042275717550     
 -0.87520145372806968      -0.74057332222491212     
 -0.87206051224505698      -0.76880645098354383     
 -0.85195139531444519      -0.76550524729059721     
 -0.84208582605281024      -0.76926235331961879     
           3
  0.35390774680327292       0.45542384226791272     
  0.33177547490127018       0.42655465857471897     
  0.35009423201221673       0.42843158256456637     
           4
 -0.58818081680306278      -0.82885080940021660     
 -0.63210152795521912      -0.84787840941571224     
 -0.60210057170324027      -0.86972346721020111     
 -0.58653568880452178      -0.86120549058058016     
           4
 -0.85822008437982256      -0.21068600491960982     
 -0.87291431720751755      -0.21414579812551499     
 -0.85097787430244654      -0.23620422023402596     
 -0.84364286528266375      -0.22965377345800272     
           5
  0.82010066762300526      -0.25432700755120885     
  0.82345601306249372      -0.24348022001255629     
  0.78935219152538150      -0.25118565743245092     
  0.78723879214005710      -0.26588833947295260     
  0.81612542699599455      -0.26827610082515846     
           6
 -0.12614945790038307      -0.85481485087057474     
 -0.14980307417222957      -0.85399312805909799     
 -0.15780027619935336      -0.88018026420184281     
 -0.15775979836817258      -0.89423442960969157     
 -0.14371835138952890      -0.89117823120887063     
 -0.11344342167317617      -0.89116076209003803     
           8
  0.29316450794812771       0.25028940146412892     
  0.28190265588859464       0.25626102656035166     
  0.27204504921467010       0.25497232942544895     
  0.26112111962393980       0.24661328037042043     
  0.25720365261571770       0.23155429438759018     
  0.27237360576167530       0.22210162243529402     
  0.28264150645695407       0.22184220077499509     
  0.29936053543824731       0.23216231840169513     
           7
  0.43402550114212907      -0.17452669046727587     
  0.41954690701607661      -0.16444521029572742     
  0.40038556783076140      -0.16255154730791724     
  0.39279435251926703      -0.17009767968734740     
  0.41503307688907981      -0.20372206701364060     
  0.43650096794317578      -0.18496960413778785     
  0.42694400998015386      -0.17897495532629035     
           6
 -0.33481380045127018       -8.7302520207470910E-002
 -0.36336630019356725       -7.0317501344989056E-002
 -0.37273816075733429      -0.10117919901101451     
 -0.33969256454453439      -0.10332089128600047     
 -0.33226471181068046      -0.11024030999268353     
 -0.32883488149692119       -9.7383373899055992E-002
           5
  0.74962105444988147       0.43175587611707467     
  0.72820146732253455       0.43790042617347186     
  0.72431967656231744       0.42066907622145361     
  0.71850985298491565       0.40269362413788301     
  0.75488358068645467       0.41692389853217288     
           6
 -0.39251910272059970      -0.68931774565068704     
 -0.40600288290034453      -0.67045105234584534     
 -0.42760483264779514      -0.67406873249231658     
 -0.41227929895944665      -0.70726650992062234     
 -0.39751920412485120      -0.70784808524101184     
 -0.39180080504071391      -0.69884092851241464     
           5
 -0.39724029178840492       0.55623973005278382     
 -0.43280541568150005       0.56894921747044092     
 -0.42539234395591363       0.54506041749904854     
 -0.41114716900417425       0.54663829434040323     
 -0.39410418736962721       0.53929207257305334     
           6
 -0.93196483390516449       0.27832639616976285     
 -0.95602078887500286       0.27552834271468046     
 -0.96413300629026866       0.26049978544762098     
 -0.96071584452529479       0.24560044185554336     
 -0.95854042769766779       0.23793716311194613     
 -0.93213492193264036       0.24340821957302466     
           7
 -0.49892048068983713       0.18857197169584466     
 -0.50618455908469573       0.17058640964447661     
 -0.50672784633294798       0.15888560096819004     
 -0.49488211147705380       0.15253908755015366     
 -0.48257636740638737       0.14696962223771246     
 -0.47686071741453812       0.15606378981845176     
 -0.47126919495467673       0.16204174946929428     
           7
   4.1305038673584323E-003 -0.76515792586588638     
  -2.1417918115204285E-002 -0.76212438602290355     
  -3.5241955529529453E-002 -0.76816742698956730     
  -2.9156381028963708E-002 -0.79103770798113071     
  -2.7978109227357991E-002 -0.80037365166805785     
  -1.9858944487079946E-002 -0.80745441773169468     
  -9.4253517942536422E-003 -0.80038873286419210     
           6
  0.60030253156715963       0.54890844557301399     
  0.57504103046680910       0.55995673925049649     
  0.57105737863009443       0.54351345929544559     
  0.58857691889298136       0.53734424983832818     
  0.60327622896107180       0.53355521249439586     
  0.61154713595191834       0.53080118016942890     
           7
  0.59799658535644884      -0.56751448660574844     
  0.59586793581961905      -0.56078043537255406     
  0.55891213106188797      -0.54428674642495567     
  0.56276645797347125      -0.57202125602354659     
  0.55588839912347021      -0.58291701891302339     
  0.57940146567285400      -0.58511667533965406     
  0.58754053584772348      -0.58168383678822877     
