   1.0000000000000000
   50.000000000000000     
          32
          12
   8.0000000000000000     
   7.0000000000000000     
   7.0000000000000000     
   10.000000000000000     
   4.0000000000000000     
   10.000000000000000     
   4.0000000000000000     
   10.000000000000000     
   3.0000000000000000     
   7.0000000000000000     
   1.0000000000000000     
   6.0000000000000000     
   1.0000000000000000     
   6.0000000000000000     
   1.0000000000000000     
   1.0000000000000000     
   10.000000000000000     
   7.0000000000000000     
   3.0000000000000000     
   2.0000000000000000     
   7.0000000000000000     
   3.0000000000000000     
   8.0000000000000000     
   5.0000000000000000     
   10.000000000000000     
   2.0000000000000000     
   8.0000000000000000     
   8.0000000000000000     
   6.0000000000000000     
   4.0000000000000000     
   1.0000000000000000     
   6.0000000000000000     
           1
   0.0000000000000000        0.0000000000000000     
          12
  0.78512148422510653       0.75403261285995904     
  0.77519700767747957       0.76360672552841413     
  0.78165395837311491       0.77318148447927038     
  0.73128527846574443       0.77043321005857779     
  0.73371508716715195       0.76298660225144854     
  0.73967559813505157       0.75716398086935321     
  0.74205048646291416       0.74522930824245082     
  0.73547307561711139       0.73190984280129934     
  0.73132631089661659       0.72521835304559845     
  0.77683394259170480       0.71881222836594849     
  0.78918913738113239       0.71707815327734037     
  0.78530305812690782       0.74388300259457651     
          10
 -0.92234794212886706       0.93252908231823506     
 -0.92791052310091349       0.95150159631947817     
 -0.93763549343472807       0.94612824891046121     
 -0.94612878054197513       0.94346656823304154     
 -0.96072451151717952       0.94941375638466385     
 -0.95614188147248291       0.93322452318769122     
 -0.96149124517163620       0.92274237285247684     
 -0.96148178858640909       0.89796747009480749     
 -0.94986250887174117       0.89763193198638869     
 -0.91802372079084482       0.92110900857437739     
           9
  0.24773291560788374       -8.8783193623709275E-002
  0.24182711565042508       -8.1991273111305968E-002
  0.23363249462090874       -8.6426157022168465E-002
  0.21726998796221225       -7.4614756290209666E-002
  0.19300358381363039       -8.0027193433260271E-002
  0.18728526090211009      -0.10664522678666662     
  0.21730011594593351      -0.11938892589786247     
  0.23644424741005274      -0.10444905570342256     
  0.23952357049500583       -9.5736772365513825E-002
          10
  0.54463888109366554       -2.5623409688160983E-002
  0.53102699556454835       -1.8241569477935444E-002
  0.52176897983525172       -1.3876054019418948E-002
  0.51545064930056717       -2.0677023027239852E-002
  0.49551283984628824       -2.5243778461040416E-002
  0.49861641052644473       -3.7662867436514653E-002
  0.50187683283896456       -4.7078044223268771E-002
  0.50245531481540429       -6.1253191726948472E-002
  0.55091905652862561       -4.7722766182135765E-002
  0.54150494398055382       -3.3675010937381414E-002
           8
  0.33648551916849750      -0.24380661603999201     
  0.33111934163309292      -0.23069269446588320     
  0.32602522509235143      -0.23784290234699479     
  0.30614979400901132      -0.23504951787665310     
  0.29580129061981053      -0.24857427895468914     
  0.29792465857798256      -0.26244199955274888     
  0.33264304880594253      -0.28015129066834710     
  0.33847416333798402      -0.25619904147498046     
           7
 -0.29645750472928961      -0.68251864239997184     
 -0.33910932798631127      -0.68853904764073337     
 -0.34959586490914385      -0.69497815331126311     
 -0.34917519760112703      -0.72834296005686583     
 -0.30419826113894666      -0.71350630493169187     
 -0.29211302222126889      -0.72083269331915278     
 -0.29567556265037603      -0.70642548680423911     
           7
 -0.21443720897090698       0.75240076370298892     
 -0.22345129871904373       0.75353492621163987     
 -0.24458768217339616       0.75158808171950831     
 -0.26920733466125107       0.74914343142107098     
 -0.26451500211412904       0.73960684978375812     
 -0.26167421891493231       0.71960010440499500     
 -0.22059570226753603       0.73754553819595681     
           6
 -0.63569657194982476       0.99288122718047378     
 -0.64920704931420992       0.98998727245406914     
 -0.67533121067483914       0.99224358638252286     
 -0.67750491574537097       0.95617962578694427     
 -0.66353980494627396       0.94544227312017715     
 -0.63316290018580135       0.95518104961331107     
           6
  0.43964788603053101      -0.27185092068275402     
  0.39264231020219875      -0.27288474160365184     
  0.38303537614587302      -0.31525141063054896     
  0.39306894686807214      -0.32839703796834990     
  0.42786885813269371      -0.32320162416087567     
  0.44381781072457976      -0.30457046030416379     
           7
 -0.46736174515823115      -0.12945012350737065     
 -0.47655057639069576      -0.12580839737267896     
 -0.49610219261584193      -0.13077336778937476     
 -0.51580233505342132      -0.12129140474275071     
 -0.48988181341637627      -0.17807215732928328     
 -0.48128249969469772      -0.16930123104944861     
 -0.45671450862210572      -0.17780857727979812     
           3
 -0.60468248760174836      -0.48198802230594096     
 -0.60897064912500354      -0.53812032089797546     
 -0.56199752497701760      -0.53136669954718740     
           8
  0.50929837854729743        4.6546066304063383E-002
  0.51230127072536225        5.6666212262772214E-002
  0.47447365287864390        5.2955668829381297E-002
  0.47192985894178618        4.3006974685186883E-002
  0.47879333261708473        2.6442174477438348E-002
  0.47386266544103328        1.0709478887151885E-002
  0.48829836239055191        9.5091375339782097E-003
  0.52938626111135423        1.4273483893119734E-003
          12
  0.69632600405002276       0.37256557159299086     
  0.70506025329030342       0.38341974741750129     
  0.70079401307068745       0.38953258130733059     
  0.68671884871098288       0.38771704754614533     
  0.67481901687632850       0.38808085891273209     
  0.65778117482183174       0.37842032043063101     
  0.65862935611324558       0.36552553649710379     
  0.66934689305553963       0.33519838162283982     
  0.68652645511102905       0.33849447807374661     
  0.70358523994901878       0.33271691738042697     
  0.70315591101962849       0.34298034081683998     
  0.70514241165540070       0.35579878780308494     
          11
 -0.87558700706971726      -0.12165154089154098     
 -0.87209951615593639      -0.11143383680216809     
 -0.88328086275068940       -9.9225579095908900E-002
 -0.90057665514867158       -9.6413248006063490E-002
 -0.90760166050019020      -0.10027261353197030     
 -0.92146204261063125      -0.10524025377023763     
 -0.92277238984597199      -0.14407580126263408     
 -0.91603528756346908      -0.14126107569991403     
 -0.91500836099639182      -0.15060894584171441     
 -0.88652269748631551      -0.14483245879729564     
 -0.87349281435341575      -0.13596960315177481     
           6
 -0.36407772700945440      -0.46823842621107570     
 -0.37468422217561786      -0.46998669016973849     
 -0.39696440371761083      -0.46725351681146438     
 -0.39969163235569138      -0.49832705656960691     
 -0.36142652412558135      -0.49018486628349067     
 -0.35552699627837303      -0.47991765665991648     
           5
  0.17300915156385238      -0.71009447919605906     
  0.14377991234825044      -0.72075016342792353     
  0.13799642179147628      -0.74037042654126639     
  0.13616638651285518      -0.75667708882850726     
  0.14824125491347742      -0.75458902669847261     
           6
 -0.29379830754924624       0.35637798493291967     
 -0.31011036009519932       0.35885024874765964     
 -0.31947347613123578       0.31143772841890638     
 -0.28078667385272155       0.30347153764927015     
 -0.26585157078943344       0.30628738314205667     
 -0.27648243779420051       0.32358233266961806     
           6
  0.95354700844589102      -0.76769871207806317     
  0.94126061307574749      -0.77316042466121448     
  0.93149257185811984      -0.76757919363412674     
  0.96880671043818600      -0.82070058687632608     
  0.98619071935736580      -0.81055169155942408     
  0.98682557073842270      -0.79588490901448716     
          12
  0.84042614527849258      -0.13086251689277192     
  0.83816408347450710      -0.12100700772257154     
  0.81562548595430728      -0.11362688755771132     
  0.80062393465760451      -0.13096780802733690     
  0.79297598892337118      -0.13301753763225427     
  0.79547432035512267      -0.15231024412787966     
  0.78824796732409164      -0.17217166359546296     
  0.79581560622500991      -0.17261952326973026     
  0.81983828922152158      -0.16053317066694922     
  0.83511187801585685      -0.16385129424367983     
  0.83309048166637945      -0.15078956590475906     
  0.84106628428984831      -0.14980101902795487     
          12
  0.66107195766298466       0.23398045689688396     
  0.66922679502614146       0.24338093942781763     
  0.65187614313587650       0.24272843707176736     
  0.62055620230949426       0.24382858203971119     
  0.62869902259548205       0.23496977926124116     
  0.63012640802631714       0.22003724105281441     
  0.61796717302450199       0.20845631448019700     
  0.62703575033316383       0.20453592836381967     
  0.63891274641906581       0.18779514905691375     
  0.65873425298662203       0.19725108115786269     
  0.67473247531544600       0.18663730393687580     
  0.66790201610859268       0.20694108329077376     
          10
  0.10359297405436116       0.86257090880170240     
  0.10736213174276947       0.89149434018255347     
   5.5692571878715479E-002  0.88655258354875199     
   6.0996752527736599E-002  0.87249013299309208     
   6.1709815229024599E-002  0.85443521641404929     
   7.0748911349650973E-002  0.84492245144096345     
   7.9740617296166369E-002  0.83500719642271148     
   9.0511609498014428E-002  0.84578117907794015     
  0.10383251475963018       0.84687346751147818     
   9.6990575827600706E-002  0.85794923650180188     
           5
  0.84145280850234339      -0.63536548049404451     
  0.80721416153695691      -0.63792732479838210     
  0.80704122849701676      -0.66626247990478482     
  0.79923979089210362      -0.67608585064085214     
  0.81299749357432283      -0.68220854093613215     
           9
 -0.70267386904680862      -0.61374106056029720     
 -0.71526589978806199      -0.61208799661708635     
 -0.72750389772000801      -0.60021813165180593     
 -0.73117351574237555      -0.60958397191758640     
 -0.75986026541343699      -0.62696717101617350     
 -0.73879487969096103      -0.65477157859166613     
 -0.73112919489638573      -0.66076767960481819     
 -0.72779125610846673      -0.65334556904884100     
 -0.71841288895980027      -0.65579381653162649     
           4
 -0.59092718469483285       0.66506074456529851     
 -0.60550620905324537       0.64560982335290018     
 -0.56370047394136613       0.63846727835530370     
 -0.54944634447759055       0.64752438195562612     
           4
  0.43804739723621966      -0.48182684696484057     
  0.40112148432139044      -0.45618175865961602     
  0.39131461848124899      -0.49075352265529243     
  0.38656999876784870      -0.50268593486216029     
          10
  0.42576150249500799        6.3099218845143495E-002
  0.40918353057627871        6.6583364055537081E-002
  0.40021998852978585        5.9951338297585435E-002
  0.39997894555442054        5.0400126080264007E-002
  0.40062626037067794        2.9590889813576240E-002
  0.40386861469294510        2.2693218634270481E-002
  0.41339994528574808        1.9137347369603350E-002
  0.44069748401645226        1.9442067012388455E-002
  0.43546573929437044        2.6190270501156614E-002
  0.44323032745312002        2.9057435133894416E-002
           3
  -4.9877396775235144E-003  0.61554405782069288     
  -3.9232205266175352E-002  0.57642585585143058     
   5.4313663569551494E-003  0.59094260694819356     
           8
 -0.58092491908320165       0.38862333281892886     
 -0.59229646284735982       0.38852442928365966     
 -0.60990882805639912       0.39833771437565002     
 -0.62708462970302281       0.39700556617340371     
 -0.60162236928250601       0.35412123555100955     
 -0.57245603786243970       0.34851874068088262     
 -0.58163672657540311       0.36653730495845749     
 -0.57509226278666192       0.37725077437657251     
           5
 -0.62852859690363738      -0.61911578198188844     
 -0.68182504570333646      -0.59413201012814321     
 -0.67968577972278532      -0.64698788638421334     
 -0.66978579820207707      -0.63958921157822413     
 -0.62700307404338329      -0.63805811997878004     
           5
  0.74120361722319861      -0.22338032367769103     
  0.68941167846542217      -0.20307786617433621     
  0.69005158122326149      -0.22598708115850014     
  0.69747274394210779      -0.23877039064545577     
  0.74080871386729330      -0.24689872224612394     
           3
 -0.30526850526608174       0.78108685196009553     
 -0.30602908244191251       0.79665016113625231     
 -0.33957001072316190       0.76309547822375901     
          11
  0.67814712463959892       -6.1339918064466516E-002
  0.69153055912080785       -5.0352176392916642E-002
  0.67690190561214170       -4.6598816123096784E-002
  0.63728154495464717       -5.2213950342478846E-002
  0.63748147197632210       -6.0088892675543792E-002
  0.64304448387934476       -7.1818749757800712E-002
  0.63456922752069755       -7.7623856499007826E-002
  0.64310563187847070       -8.5137468911592393E-002
  0.65529273395920373       -9.5092495419951448E-002
  0.66608833379691879       -9.9398681646454184E-002
  0.68779062041752814       -7.8090073171299429E-002
