   1.0000000000000000
   50.000000000000000     
          38
           8
   5.0000000000000000     
   2.0000000000000000     
   2.0000000000000000     
   4.0000000000000000     
   1.0000000000000000     
   1.0000000000000000     
   5.0000000000000000     
   10.000000000000000     
   5.0000000000000000     
   5.0000000000000000     
   6.0000000000000000     
   9.0000000000000000     
   8.0000000000000000     
   8.0000000000000000     
   2.0000000000000000     
   10.000000000000000     
   5.0000000000000000     
   7.0000000000000000     
   7.0000000000000000     
   1.0000000000000000     
   9.0000000000000000     
   9.0000000000000000     
   9.0000000000000000     
   9.0000000000000000     
   4.0000000000000000     
   4.0000000000000000     
   9.0000000000000000     
   8.0000000000000000     
   4.0000000000000000     
   8.0000000000000000     
   5.0000000000000000     
   4.0000000000000000     
   6.0000000000000000     
   5.0000000000000000     
   8.0000000000000000     
   2.0000000000000000     
   10.000000000000000     
   5.0000000000000000     
           1
   0.0000000000000000        0.0000000000000000     
           3
  0.32704991417208895       0.58221158894386860     
  0.28276692412788484       0.56654699464023850     
  0.31285711891638002       0.53611271157550267     
           4
  0.39088087646241015      -0.71291400956972750     
  0.37086579976382666      -0.72214810193876966     
  0.35941044237333841      -0.72776039635655376     
  0.39673562398051820      -0.76607295489108673     
           4
 -0.86082513619467005      -0.15189817639625922     
 -0.86841782823013292      -0.14309057087650509     
 -0.90893184626681367      -0.14557519375277056     
 -0.90465379087675157      -0.17408855958124320     
           5
 -0.80712024709985375       -1.2414030621669968E-002
 -0.81660572459117053       -9.1974304371795004E-003
 -0.80689582816098337       -6.1875035065825493E-002
 -0.77961196374363328       -5.4378977257900238E-002
 -0.78693050112505958       -4.5856292862797507E-002
           4
 -0.68865756838512249       0.64284411284582677     
 -0.70525846229860345       0.64053329044514851     
 -0.67635903618220738       0.60232286443374017     
 -0.68350338855067827       0.61622533036530858     
           7
  0.36266799072333078      -0.30945277572725832     
  0.33569863838577602      -0.31328828405634623     
  0.31025115311753770      -0.30789660643313027     
  0.31523855311603965      -0.32782665774583014     
  0.33762253575393270      -0.34675085541810913     
  0.35955923101480902      -0.35308407588819013     
  0.35239543905902754      -0.32873186182448694     
           3
  0.34040996294091397       0.32073595525487536     
  0.31241721954683077       0.31248245502487182     
  0.34640013651271306       0.29587674723736668     
           8
 -0.16791621391928574       0.67998737121697805     
 -0.16767115944132949       0.69637212880463384     
 -0.20560439380394965       0.68646393719560572     
 -0.20247334901009648       0.65507947710515213     
 -0.18901527890201075       0.65939035864082440     
 -0.18265947393342610       0.65442683060176621     
 -0.17876802762459704       0.64681188302453707     
 -0.16342716574069344       0.65733543556159368     
           6
 -0.46534949721714336      -0.94426898793760372     
 -0.48179242037981346      -0.93273738928218186     
 -0.49078346545390639      -0.93647715701769763     
 -0.50439827375212809      -0.93391481234875329     
 -0.50988745916606371      -0.97441508535300003     
 -0.45820191350488831      -0.96005740756532143     
           4
 -0.86084964813921272      -0.70995796831617908     
 -0.87193727517906450      -0.71659261406111097     
 -0.85469297284396861      -0.74618014424489065     
 -0.83980734204958551      -0.74418529320341387     
           7
  0.83290734843715464       0.50649198035967491     
  0.80582440200779237       0.50411562604014071     
  0.81017392273222655       0.49662201278559143     
  0.80327179151176720       0.47928945992262129     
  0.80289242335160571       0.45330059259270084     
  0.84290480104771959       0.45398831311709670     
  0.83730235861076441       0.47680745791907753     
           7
  0.15058116673250171      -0.26966198706565020     
  0.15530636206960224      -0.25704903706590243     
  0.11443217602373718      -0.24380133318202271     
  0.11241067755011050      -0.27725637849721807     
  0.10526781976155004      -0.29442965668882498     
  0.13312334389389671      -0.28841919270644278     
  0.15287748871182405      -0.28144562171765480     
           7
 -0.40927447180658727      -0.67438605066991630     
 -0.43817920992925258      -0.66925936534888397     
 -0.44901231436732186      -0.66896394238964385     
 -0.45239322774866669      -0.67867983017108924     
 -0.45730221957033407      -0.68962711904890939     
 -0.40928318359944704      -0.70841485591001863     
 -0.40582476172001930      -0.68850206042059747     
           6
  0.66381573827239471      -0.29937299808774775     
  0.62907576313395530      -0.30654039545751949     
  0.63135145768624235      -0.32783830422921983     
  0.65543788587986629      -0.33709072334306450     
  0.67568957413877317      -0.34098169268948397     
  0.67592114903152656      -0.32636772889722149     
           3
  0.77319385080223568        6.7156327245164807E-002
  0.76460194245852020        2.8289745718943431E-002
  0.80700899750312838        4.0593209629960339E-002
           3
 -0.75815334999950101       0.81130829316422826     
 -0.80551387327683477       0.77107943252221567     
 -0.79194580151165073       0.76974825856740781     
           4
 -0.61660469128118323       -8.3142378166961683E-002
 -0.65617500230672821       -7.1775191806251498E-002
 -0.65330924012179981      -0.12234771461014374     
 -0.63682847761856076      -0.11606015177036552     
           3
 -0.58503619392861839       0.65878093327682041     
 -0.60139635742731612       0.65637548739044671     
 -0.61774052014164049       0.64191948108186703     
           8
 -0.61734925709314525      -0.96386278722621022     
 -0.65148915142381791      -0.94440366164908029     
 -0.65820021381098459      -0.95356580795316237     
 -0.65861941988548134      -0.97476871738954363     
 -0.65762685365316675      -0.98266720795869245     
 -0.64898091141117031      -0.99097042553399262     
 -0.64121039328190688      -0.98939775242984795     
 -0.61691592278340956      -0.98618237151273636     
           6
 -0.98092134246738316       0.68906599552525782     
 -0.98058811468304119       0.67011049925883970     
 -0.98902111282197824       0.66087574162314155     
 -0.98301717747028572       0.64253017356593567     
 -0.96828927788570851       0.63470856922208219     
 -0.93603405316590493       0.63367114761510512     
           6
  0.52676225393235598      -0.96795286110718193     
  0.51742136382603499      -0.95104747441232107     
  0.47742220385289558      -0.95436551961056049     
  0.47619446191938869      -0.96540463158952394     
  0.48169647528534976      -0.99028071227984216     
  0.51159145140329254      -0.98624141937341414     
           3
  0.84553392497189972      -0.11642270478694029     
  0.85647544434996237      -0.14902813761865777     
  0.86144805908945943      -0.13647829364210654     
           6
  0.96073628350945162      -0.76632778587612116     
  0.91777613121514023      -0.74614204516090998     
  0.91847703424051019      -0.76704611994506366     
  0.92049149967090482      -0.79560028355280521     
  0.93263920621721164      -0.78607150343798970     
  0.96505501104666946      -0.78560615858391580     
           3
  0.98273647904894268      -0.86541628916351421     
  0.95949182712404779      -0.86960758813459016     
  0.94186552204408625      -0.91028839040342147     
           3
  0.91356539793698621       0.35611431967431861     
  0.89369140209792219       0.35782998881463485     
  0.91416876025241156       0.32550284448562350     
           6
 -0.91755574939742324       0.44636791773021156     
 -0.92489207341808699       0.43692629984625753     
 -0.93840028986810864       0.43273307954907175     
 -0.94349114373811249       0.39976837283932570     
 -0.91506398509046205       0.40386971175944303     
 -0.89570499034870987       0.40058349636381996     
           8
 -0.16723776073650753      -0.53232793988304528     
 -0.18144120771656666      -0.53266975369729430     
 -0.16961433926265426      -0.52073251945988153     
 -0.21443470527158456      -0.52065601591403321     
 -0.19657406644278319      -0.53138345296366030     
 -0.20953367746871554      -0.53116969362567967     
 -0.17968160156422389      -0.57381250406908602     
 -0.17345066115191748      -0.54195897974934071     
           4
 -0.32028682112809115      -0.79504849651248444     
 -0.33902085883076388      -0.79660212791231833     
 -0.35017081659111438      -0.83931651689245512     
 -0.33130961877884013      -0.83599857314718451     
           3
  0.55819978954664273      -0.47849013504695342     
  0.52596744413296381      -0.48628625614259524     
  0.53643705496126981      -0.52674272127342803     
           6
 -0.82557558570101530       0.46596864573842622     
 -0.83871246832283519       0.46512157287632422     
 -0.83875724642367344       0.44307296489005865     
 -0.83866446434730502       0.42899715945672245     
 -0.82726992266027111       0.42399260210476941     
 -0.78992639169921863       0.41310189072412773     
           3
  0.71952559412212913       -7.1783024908932416E-002
  0.74119696658017808       -9.7979847012083066E-002
  0.75921896814834500       -9.4050860043155965E-002
           4
   9.0772816723919236E-002  0.18828634272631786     
   6.6479516375642561E-002  0.20473767656776162     
   7.1980170161916601E-002  0.15701114007773628     
   8.2071625110609239E-002  0.16713575546702911     
           6
 -0.13491205852850846        8.2533487882576098E-002
 -0.14394942315006831        8.7033167348384594E-002
 -0.17003223459452715        9.1576049868812140E-002
 -0.17326369131939656        6.4996497003502865E-002
 -0.17068312813610584        5.3867139900420538E-002
 -0.14813801379528302        4.5716336870769710E-002
           7
  0.84340270791951089      -0.47324799259660211     
  0.84702109040960316      -0.46224435016653703     
  0.80209257875459272      -0.48152696262451400     
  0.80424177511444250      -0.49346434196296163     
  0.82603108176839801      -0.50437133716004012     
  0.85123850573519133      -0.49842260342323413     
  0.85653179855034189      -0.49097061493226452     
           6
 -0.46581786401298680       0.52143275126794264     
 -0.47791161040216978       0.51968995310134758     
 -0.48401434299428281       0.50720961304382783     
 -0.48222654411647931       0.49034081007493646     
 -0.44977497309874881       0.47378184578113186     
 -0.44032855057804110       0.48851013869549342     
           3
  0.51326390070649308      -0.57758719606330378     
  0.50147738232515804      -0.58570254461676963     
  0.49497486757128367      -0.63009898482930227     
           7
  0.28272652763271328       0.67325979533182934     
  0.29071457968945524       0.67824052356119968     
  0.27153989147091179       0.68843329728966618     
  0.24379455240651157       0.67986336394160451     
  0.24682908965165665       0.65613584434821925     
  0.28213700335045727       0.65547135061356232     
  0.29115167045433049       0.66286053212815699     
           4
 -0.65684531022390857      -0.30984587495929383     
 -0.67288813587539087      -0.31729324701308459     
 -0.67434165925826051      -0.35796621707085652     
 -0.66452691187827617      -0.33426836876808436     
