   1.0000000000000000
   50.000000000000000     
          18
          12
   9.0000000000000000     
   9.0000000000000000     
   2.0000000000000000     
   5.0000000000000000     
   7.0000000000000000     
   9.0000000000000000     
   5.0000000000000000     
   9.0000000000000000     
   3.0000000000000000     
   4.0000000000000000     
   2.0000000000000000     
   3.0000000000000000     
   4.0000000000000000     
   8.0000000000000000     
   7.0000000000000000     
   3.0000000000000000     
   3.0000000000000000     
   9.0000000000000000     
           1
   0.0000000000000000        0.0000000000000000     
          10
  0.21852255108866042      -0.61412975021438199     
  0.22334246367966551      -0.60231962443685094     
  0.20837502613969153      -0.59744588919806685     
  0.20026142270213371      -0.60784991122954046     
  0.18638258923824053      -0.59633087377536287     
  0.15717492341198958      -0.61182618476577288     
  0.17004216534372299      -0.64203522764566301     
  0.18607289746419495      -0.65739206265111005     
  0.21001815872798563      -0.66055055861826317     
  0.22317879568427210      -0.65864890717627500     
           3
 -0.63661188883147735      -0.41376787107087815     
 -0.67616541617782611      -0.39838609172434764     
 -0.66936779921507350      -0.46035907670790532     
          10
  0.26584431328987451      -0.52492732615489124     
  0.27435655765093880      -0.50983726331607881     
  0.24867151743284024      -0.51656606846469055     
  0.23381630760363922      -0.50342333354612201     
  0.21170989310900404      -0.53998759148925957     
  0.23307890326217490      -0.56787973412762482     
  0.24201741284201919      -0.57372004815439204     
  0.25927328625237384      -0.57384105413522468     
  0.27997315781940002      -0.58029260242283076     
  0.27457183812844621      -0.56585289035523034     
          12
 -0.87539462070392193       0.25778953512131209     
 -0.86884484205388424       0.27618024723552947     
 -0.88282219590504463       0.26486029700275987     
 -0.87117608202361985       0.28686594261920922     
 -0.90020283649403421       0.29091044111413711     
 -0.93640519351612694       0.29114780180440281     
 -0.94474528064802554       0.23011659954997588     
 -0.91572909109647127       0.21180682588482158     
 -0.89756375500832830       0.22853898907749418     
 -0.87584361629601193       0.22328915998886331     
 -0.87191245359835512       0.23976725245258493     
 -0.88292037033846038       0.24783575569747085     
          11
   8.7466401426726667E-002  0.18569091609742483     
   9.9720167070287039E-002  0.21429247096600557     
   8.5874223859946544E-002  0.20705039349012727     
   5.2542344228005730E-002  0.19645333955126840     
   3.6953491939522166E-002  0.20836562771776782     
   4.5165045219947277E-002  0.15036983965051037     
   7.4386098688422095E-002  0.14592227933042964     
   7.3719968976872802E-002  0.13628337095083962     
   8.7338046616542014E-002  0.15132273077188874     
   9.7782321950806078E-002  0.14149345401399477     
  0.10340481409470925       0.17006454616123021     
          12
 -0.85731644118169170       0.57848503528552886     
 -0.85335163799843516       0.58881116283599622     
 -0.86171678832532850       0.59644079063700117     
 -0.86351832412939045       0.61005167042904651     
 -0.86327467170999617       0.62263498040404663     
 -0.90936396108135142       0.61025449037046420     
 -0.91835474125026817       0.55407959441346277     
 -0.88929892369068564       0.54860048723283561     
 -0.87765911271658847       0.54632282745042060     
 -0.87209037223509878       0.56963596802663763     
 -0.86147208990786772       0.54495453206128930     
 -0.86236043031413168       0.55650474817384077     
           6
 -0.82915994102952406       0.94579939124848256     
 -0.82351408998575648       0.95871522313816504     
 -0.87117176488782821       0.95931867033862750     
 -0.89323009981955792       0.91433104559018363     
 -0.88075539889857579       0.90030753752583581     
 -0.83532742018032258       0.90239337644846174     
          10
 -0.90100099708428039       0.49796558160876886     
 -0.90321517598886791       0.51650480560143408     
 -0.91709981732556334       0.51206058292426981     
 -0.93385074841012017       0.50718282079634225     
 -0.94156009372711003       0.51422341252869297     
 -0.94749325261973882       0.48985439011477361     
 -0.95196384075207663       0.47036506114781018     
 -0.96161777236492052       0.45460700073561083     
 -0.91846416255210039       0.44341461610936667     
 -0.89545605745974588       0.44785635156122022     
          11
  0.53269688531824566       0.66745877921785268     
  0.51289494775168776       0.66030033307239633     
  0.48315496415236625       0.67960259621051100     
  0.46969692022466952       0.65981111767409173     
  0.45942680157238380       0.65730405843637740     
  0.45878269983262210       0.60964098161262692     
  0.48643037141961409       0.61585334925469659     
  0.47823391262395604       0.60094351057863238     
  0.51948382899638157       0.60104143106922214     
  0.53859535384905732       0.59868483890622537     
  0.52583882962071027       0.61178418731846040     
          11
 -0.46725033021933654       -9.6941114708981771E-002
 -0.47660082635161238       -7.5137852665958724E-002
 -0.48945581606478017       -8.3954746520831874E-002
 -0.51205045227666612       -7.9445942673664310E-002
 -0.53712922272302288      -0.10280595111883228     
 -0.53724162327764780      -0.11397993741813735     
 -0.53995318519395508      -0.12669186971967547     
 -0.53916301435440805      -0.15518483252966322     
 -0.51302054288215571      -0.13547679605470531     
 -0.51364302495856051      -0.14637682306169778     
 -0.48036848614142635      -0.11971094690920170     
           9
  0.29265307486523062      -0.67449869311115895     
  0.28173173148907549      -0.68108550695936154     
  0.26263965852760124      -0.67839961159464535     
  0.26245924327088033      -0.68960148324199277     
  0.25661290309226253      -0.72450222427654876     
  0.25819587868201282      -0.73722001349808863     
  0.28185504044504139      -0.73152299348816230     
  0.29296591318822007      -0.72385277224774147     
  0.30835619811758946      -0.72545068476288299     
           8
   2.4515813949819477E-002  0.82211089023805028     
  -2.4527234825674066E-004  0.83084058832381358     
  -1.8293669038723155E-002  0.81991708854380740     
  -3.5884666336705007E-002  0.82143732101686151     
  -4.6862746372627773E-002  0.75942370506707713     
  -3.3269640221096644E-002  0.76301555402959331     
   5.5505244631333002E-003  0.75110587886215341     
   2.3904750365630709E-002  0.75817248773851909     
           8
  0.94366081188651008       -1.4588447421816034E-003
  0.93205184251386919        2.9275662382100068E-002
  0.91477564812635437        1.4460637455757701E-002
  0.90129058782251059        3.0502873349739085E-002
  0.87669892408706906        2.8979549686440800E-002
  0.86920330156175951       -4.6175511316606972E-002
  0.94931295329064713       -4.6120242232695279E-002
  0.94201683697910110       -3.4160690739940963E-002
           7
  0.11718529528492705       0.42597647226405955     
  0.10248946060448706       0.42329861657180784     
   7.5571213189492670E-002  0.42906959934037237     
   4.4192531210903059E-002  0.42270296688752029     
   4.2422016125628362E-002  0.38613146094694789     
   6.0181047114034672E-002  0.35101543148847775     
  0.10548474079903049       0.38713382590243589     
           8
  -7.7294498730958006E-002 -0.68122430729083994     
  -8.9774449223131839E-002 -0.67378068418822534     
  -9.2131311678021202E-002 -0.68548380650413254     
  -9.5145609524955585E-002 -0.72399972540243307     
 -0.11220326324099636      -0.74003629737143961     
  -7.3109831742473028E-002 -0.73153147582875855     
  -3.8497241294124983E-002 -0.75153745723545684     
  -4.4054172654772433E-002 -0.73967401992759108     
          11
   8.6069466310983805E-002  0.62616521592228780     
   9.0369855946386454E-002  0.64286643884878880     
   7.6676203948353477E-002  0.66404336689929622     
   2.6531120207853198E-002  0.66339139114493695     
   1.3059856044769440E-002  0.66635639062506846     
   2.0707826890056021E-002  0.60759094964464377     
   1.8550181574621710E-002  0.59649430986646945     
   5.7283413747733630E-002  0.59320376534073405     
   8.1826143624513251E-002  0.58879230702931040     
   9.3321058525336287E-002  0.60073608539895340     
   7.6299186186143689E-002  0.61452950772741965     
          11
  0.41471420266776060      -0.13918560347214270     
  0.39231430630841446      -0.12767042021534106     
  0.37908082601027121      -0.12910524740821519     
  0.36868991342074325      -0.12055455848341115     
  0.34624078492732413      -0.11998727203418204     
  0.35903101545576910      -0.13813244109253761     
  0.34623946901757591      -0.14210376717311898     
  0.35897898242243503      -0.19615505178049350     
  0.37460273730643162      -0.19300702355030749     
  0.41290954213885755      -0.17809197408455829     
  0.41729306791807241      -0.15216576905258697     
          11
 -0.61626556754346185        3.4664697611315881E-002
 -0.62913023791911837        2.6444225420837995E-002
 -0.61510780387437669        6.0580066672112895E-002
 -0.63398167850622533        5.6290675548022501E-002
 -0.67431341427026459        5.6268867680295348E-002
 -0.68456808940422398       -1.3277611268800664E-002
 -0.66905643858643227       -1.6320488462640025E-002
 -0.64022341078268752       -1.0342751444856087E-002
 -0.63227597682374059       -1.6660782533433581E-002
 -0.63285332323380128       -3.8125877964740838E-003
 -0.61888059974244380        1.1334563283077930E-002
