   1.0000000000000000
   50.000000000000000     
          36
           8
   2.0000000000000000     
   9.0000000000000000     
   5.0000000000000000     
   6.0000000000000000     
   3.0000000000000000     
   1.0000000000000000     
   3.0000000000000000     
   6.0000000000000000     
   10.000000000000000     
   7.0000000000000000     
   1.0000000000000000     
   2.0000000000000000     
   1.0000000000000000     
   4.0000000000000000     
   2.0000000000000000     
   6.0000000000000000     
   3.0000000000000000     
   7.0000000000000000     
   2.0000000000000000     
   5.0000000000000000     
   1.0000000000000000     
   3.0000000000000000     
   1.0000000000000000     
   7.0000000000000000     
   2.0000000000000000     
   8.0000000000000000     
   4.0000000000000000     
   8.0000000000000000     
   4.0000000000000000     
   2.0000000000000000     
   7.0000000000000000     
   5.0000000000000000     
   6.0000000000000000     
   10.000000000000000     
   4.0000000000000000     
   6.0000000000000000     
           1
   0.0000000000000000        0.0000000000000000     
           3
  0.51708699592670349      -0.18046206185781466     
  0.50521928239504166      -0.16660545952620456     
  0.48233171010802406      -0.20728369993399293     
           8
  -1.7781649356727880E-002 -0.66815834717060429     
  -2.9591521952117443E-002 -0.66366458616029322     
  -3.2265165940590576E-002 -0.68174817459928361     
  -3.8190229037003309E-002 -0.67136223876510215     
  -4.0040905797510351E-002 -0.71424208204650697     
  -3.4080402803225981E-002 -0.70633992332155782     
  -2.4812775103230610E-002 -0.71442373747717403     
  -1.9934177890328465E-002 -0.70357857390338907     
           7
 -0.86076655340813857      -0.51288097249137365     
 -0.86667087883905658      -0.50036725406881044     
 -0.91447236837589396      -0.51710262860028422     
 -0.90636556259980794      -0.52068142673056106     
 -0.91424714088254910      -0.54221592315198208     
 -0.87136881558014889      -0.53480829347250347     
 -0.86022821826635298      -0.52948146732129098     
           6
  0.16144013622972619      -0.89481448552541598     
  0.15378695429073061      -0.88820340781420115     
  0.13021094489207799      -0.89470377718356442     
  0.11461904454450281      -0.88848583361245292     
  0.14920803810491970      -0.94299191599713605     
  0.16624513995897500      -0.90841943687717897     
           8
  0.47480971556272100       0.53101461734645594     
  0.48288607535043321       0.53534533468971734     
  0.47801881023175963       0.54175359812487789     
  0.46775419482735819       0.53662286444339524     
  0.43375292648579472       0.53860207382180392     
  0.44043353536215518       0.52496814423955340     
  0.46770709067149113       0.49549866644684515     
  0.47861877526198116       0.52173615409068685     
           5
 -0.74465466932507918       0.58444471463978098     
 -0.76683370548735719       0.55871758195786581     
 -0.74395635419265360       0.54308165833721245     
 -0.72565380052190243       0.54187789569030442     
 -0.72708221158685182       0.55234431621664037     
           7
 -0.66371171575445109       0.26732152121033953     
 -0.68170517349776139       0.26734811563146166     
 -0.68182729324449409       0.23560747368882845     
 -0.67741037616411170       0.22348825419483137     
 -0.66741785821397492       0.21654419890887464     
 -0.65580669136087377       0.22103458728073552     
 -0.65557946091060537       0.22958498974220967     
           3
 -0.58263210963396528      -0.77326693290009263     
 -0.62388528105433527      -0.77538098955678769     
 -0.58610044270445649      -0.81089870962164934     
           3
 -0.86394939029720941      -0.39023981673517455     
 -0.86341226409173299      -0.36942387721845821     
 -0.87806609976420946      -0.41655030902812318     
           7
 -0.29943660413450707       0.11500077538411196     
 -0.31649203153482142       0.11884100166951533     
 -0.33637229284741627       0.10388977355276009     
 -0.32341657602386570        7.4100971662010712E-002
 -0.31733667310053115        6.8031796539502407E-002
 -0.30659137811876902        6.9040421348087244E-002
 -0.28742263159705822        7.6713126746814769E-002
           8
   2.0306546866449560E-003  0.88410564509141099     
  -6.9556708722926918E-003  0.88576233845407615     
   1.2034701483366640E-003  0.89575659190948520     
  -3.1568687216530313E-002  0.88626435751691701     
  -4.1600252596945303E-002  0.87202354798340287     
  -4.5695850956702783E-002  0.85745397670681589     
  -2.7136198927868935E-002  0.84717530108304850     
  -5.4352384988484020E-004  0.86342212745257163     
           8
  0.66092908210305779      -0.14978022996350365     
  0.66789604163334171      -0.14272595150180914     
  0.64185705607816368      -0.14845229847833624     
  0.62652587328915332      -0.14821639227611480     
  0.63030692121871812      -0.16640845362572401     
  0.62787428224710529      -0.17537260648028549     
  0.63577069237464900      -0.19323442894608209     
  0.66947690468310239      -0.18900807366756647     
           3
  0.36487368742588344      -0.28005646587048927     
  0.32633101248179219      -0.27979246740498143     
  0.31521762393749847      -0.28970171970886632     
           6
 -0.90060121286037409      -0.20778405046968060     
 -0.91934672593525668      -0.20358052335103566     
 -0.91656178135599486      -0.22012379312550387     
 -0.90679382162483546      -0.24844108646206281     
 -0.89763938538912502      -0.25367795325548964     
 -0.88780118282085951      -0.25612442128952245     
           6
  -9.2994275617247699E-002  0.45591318069099207     
 -0.11147860121122791       0.46203265516703573     
 -0.13437409311050283       0.46145457224158254     
 -0.14036607262082959       0.44414185046489141     
 -0.14110864272097859       0.43453198700227685     
 -0.10056368160643356       0.42717097443060381     
           4
  0.35592759046753458       -4.3389272289000039E-002
  0.34607166255989741       -5.0177448590292037E-002
  0.33069202604344861       -5.6012962889249500E-002
  0.35623056205327192       -8.9763224629853977E-002
           6
 -0.30351454512226123       0.47261950506473571     
 -0.33242570893588147       0.46067565430138668     
 -0.34249035121376703       0.46786169794875526     
 -0.35353539158523134       0.45197964845092975     
 -0.35792413268254020       0.41803737338909230     
 -0.30164105178930428       0.43709726633593721     
           3
 -0.38096954252851700       0.79455053448937729     
 -0.40794465747133207       0.81695991236472509     
 -0.41122458233334991       0.77047841612328571     
           4
  0.87156340902286100        7.7584656820857301E-002
  0.87612946284900894        8.9400566838852252E-002
  0.84368402590544356        8.6270898051314326E-002
  0.83605504422749233        3.7735547960684498E-002
           6
  0.64674013696041688       0.34791129585503322     
  0.64850807383708586       0.32808753010119401     
  0.64669345016677693       0.31380170480916142     
  0.64278695687383647       0.30209451219367472     
  0.66294093908942586       0.29867080518410594     
  0.68813191950067776       0.31252634174185573     
           3
  0.69771462924119965      -0.34493723836723483     
  0.71103677044722313      -0.39387932200900028     
  0.72913334427148535      -0.39288475077919449     
           4
  0.74369758090124793       -6.9069067654760091E-002
  0.75354084488716333      -0.10191834304179397     
  0.77055535740050940      -0.10059475183880760     
  0.78955589452384878       -9.1001086918291049E-002
           7
 -0.89832472435262289        8.4129833110056187E-002
 -0.91830967123677087        9.9514037705011119E-002
 -0.93526260588409227        9.3899156634934589E-002
 -0.93722484635855974        8.1223860421260105E-002
 -0.92826053921117280        5.5913885506259836E-002
 -0.93061766027319737        4.6008647369906772E-002
 -0.89728802464844037        7.1963638427378601E-002
           5
  0.96703891234208017       0.27401954273073004     
  0.95259701946733966       0.26717907175430983     
  0.94040608787279212       0.27580221947872974     
  0.93255286728861619       0.26899534766714828     
  0.97006976822959290       0.23358569414662980     
           8
 -0.61728050671486445       0.68830668021202290     
 -0.63014533218636470       0.68686070979548774     
 -0.62575466429724369       0.69545154794627906     
 -0.64103820299959557       0.68815124206016143     
 -0.65756120089062164       0.69160506192647841     
 -0.66262513690908931       0.68346204564871282     
 -0.64728554711025565       0.65131767285624886     
 -0.61763330646820624       0.64777396928644315     
           8
 -0.36306727280852191       0.16502534676318620     
 -0.38161888609780986       0.19494106414107459     
 -0.39812490804103329       0.19503450424176269     
 -0.41269548384752575       0.16161599449779632     
 -0.40174813750441679       0.15213526254260740     
 -0.38777444076409823       0.14196696027400327     
 -0.37466931885592697       0.14062325903507583     
 -0.37560662136909734       0.14904226304871027     
           8
 -0.66791772333320698      -0.11377483405023921     
 -0.66234814241082951       -9.4306871611365556E-002
 -0.70523052013806953      -0.11208857867691382     
 -0.70447570587118780      -0.12763111252553727     
 -0.68946466593500244      -0.13915044474063731     
 -0.68460435216650117      -0.14691999672667660     
 -0.67690896507720300      -0.13700943606587457     
 -0.65598552518666264      -0.14080402509297821     
           7
 -0.18742990234773069      -0.73257229935411328     
 -0.21792747254179431      -0.73366575983725046     
 -0.22780378229238851      -0.73660140933551566     
 -0.23725031019786702      -0.73307195009332959     
 -0.23695652197914388      -0.76058567115151232     
 -0.18594130589673519      -0.77073342075007933     
 -0.19187639859138220      -0.75570986174837407     
           6
  0.89186978074238721       0.94186035126608558     
  0.88752170517397799       0.95629832455460806     
  0.87257222027848047       0.96314274146451395     
  0.85381934854617625       0.95913936709084913     
  0.87867675563870329       0.90919071794831319     
  0.88561294938393142       0.91877968904933316     
           8
  0.77360747276201158      -0.89114514142511658     
  0.76346708969816146      -0.88676389574905634     
  0.77158855288938455      -0.87493562525996160     
  0.73302537471671048      -0.87285922820466533     
  0.72431606376495461      -0.89195521059018357     
  0.72164884963894960      -0.91744215432152554     
  0.74795926254059075      -0.91090352019704224     
  0.75333481393052315      -0.91932840333459664     
           3
 -0.63648973665817177       0.42503621211803122     
 -0.67985872263568647       0.42720346205299009     
 -0.62795601086104802       0.37982384544922804     
           6
  0.58692431665307987       0.47397913957259086     
  0.54872162975394512       0.47265454682393032     
  0.53772562387897560       0.47260490335604893     
  0.54043819942351934       0.45219083191045756     
  0.57210583819571881       0.43098271326143417     
  0.59207190072956939       0.44461939460070804     
           7
 -0.67325585624262008      -0.21064438698736898     
 -0.68934267294049989      -0.20864166982400983     
 -0.68198900017988673      -0.22615616857407497     
 -0.69549359909087638      -0.24155933365755369     
 -0.67077194387511896      -0.26368869978960302     
 -0.66242408200073544      -0.25728953662002385     
 -0.65219320916558654      -0.24191989539659145     
           8
  0.98628426144201442       0.38637043599207388     
  0.97173376109739540       0.40168507947202997     
  0.95628910992894045       0.40011381994754708     
  0.94235913145174999       0.39449962094908231     
  0.94126828477887048       0.36264311619807704     
  0.96947754512352502       0.35564085103344650     
  0.99164146943406961       0.35832319921816774     
  0.99498830181107745       0.37461876195678701     
           3
   9.2394203578644862E-002 -0.22596889784260649     
  0.10867468261409104      -0.26398524065349116     
  0.14065563201623182      -0.27326904950101094     
           3
 -0.75018632811993879      -0.35510909792469192     
 -0.77502926663733684      -0.35066224107297861     
 -0.77456306243700190      -0.36713190402884988     
