   1.0000000000000000
   50.000000000000000     
          52
           8
   7.0000000000000000     
   8.0000000000000000     
   10.000000000000000     
   5.0000000000000000     
   10.000000000000000     
   5.0000000000000000     
   4.0000000000000000     
   1.0000000000000000     
   6.0000000000000000     
   4.0000000000000000     
   2.0000000000000000     
   2.0000000000000000     
   5.0000000000000000     
   1.0000000000000000     
   4.0000000000000000     
   6.0000000000000000     
   2.0000000000000000     
   4.0000000000000000     
   8.0000000000000000     
   5.0000000000000000     
   6.0000000000000000     
   10.000000000000000     
   3.0000000000000000     
   6.0000000000000000     
   2.0000000000000000     
   9.0000000000000000     
   2.0000000000000000     
   7.0000000000000000     
   6.0000000000000000     
   10.000000000000000     
   7.0000000000000000     
   9.0000000000000000     
   2.0000000000000000     
   1.0000000000000000     
   6.0000000000000000     
   6.0000000000000000     
   6.0000000000000000     
   6.0000000000000000     
   5.0000000000000000     
   6.0000000000000000     
   7.0000000000000000     
   2.0000000000000000     
   10.000000000000000     
   2.0000000000000000     
   3.0000000000000000     
   5.0000000000000000     
   5.0000000000000000     
   2.0000000000000000     
   3.0000000000000000     
   9.0000000000000000     
   7.0000000000000000     
   4.0000000000000000     
           1
   0.0000000000000000        0.0000000000000000     
           4
  0.87142917482827598        2.0576077616154181E-002
  0.84729110412798192        1.6699110859954475E-002
  0.85211391945581139       -1.5140686829964403E-002
  0.87906396946989440       -2.0158353126565665E-002
           5
 -0.85825250703516964      -0.58767920646703720     
 -0.86672686412541233      -0.58220614319467145     
 -0.90079168200960735      -0.58739973328000095     
 -0.90347894809375362      -0.59614147790935923     
 -0.88142509161335447      -0.60162569987631020     
           6
 -0.56370677194805630        9.7291970915032652E-002
 -0.57715159039623609       0.10307875483064723     
 -0.58234623744727565        8.2502327100349757E-002
 -0.57510701910136719        7.0661101907351101E-002
 -0.55944736958598806        5.9744338876683185E-002
 -0.54623017274122188        7.1396954187031014E-002
           5
  0.56912532151099837        4.9834417039524639E-002
  0.55322197384309013        4.8184248797242604E-002
  0.53641834045371073        4.7542480491538142E-002
  0.52517316623149191        3.3146275083255412E-002
  0.56025232010591086        3.2636488262658213E-002
           6
  0.10214881422643682      -0.59250643742648101     
   8.3310946510246911E-002 -0.57915091504301230     
   6.4697473263053237E-002 -0.58943479393946152     
   6.5873919316665003E-002 -0.60874576304194317     
   8.2091387753656139E-002 -0.61189689954429405     
  0.10219649447531082      -0.60779807825803145     
           8
   2.2742579627035679E-002  0.95019255441068429     
  -2.9125237580954750E-003  0.95796213135113939     
  -1.1107857828031042E-002  0.94520737937423260     
  -2.0498116799203721E-002  0.92942028104536523     
  -1.1586244042873726E-002  0.92739076478978855     
  -1.4773772959554756E-002  0.91745966080441499     
   1.8481527816848753E-002  0.91197946582089584     
   1.3023395409877729E-002  0.93058014801579403     
           7
 -0.36615448916419863       0.70427446873962829     
 -0.37946491631256074       0.71096886210889720     
 -0.39165822640257592       0.71001723100649228     
 -0.40343531256746662       0.69092797924104299     
 -0.40455918874816560       0.68105032653732112     
 -0.39051408560551837       0.67617472206932194     
 -0.37230419492881583       0.67686723846407804     
           5
  0.94241546645081764        7.1919638444674097E-002
  0.92614628635233109        7.0644909947959134E-002
  0.91354153617518064        7.2155972398332796E-002
  0.90787291290578598        5.9843294953986145E-002
  0.93108342212948159        3.8651060098573449E-002
           8
  0.62593417402568097      -0.14844480048008640     
  0.62178152495427741      -0.14215556394505158     
  0.61078795789615381      -0.15517341898066250     
  0.60205288163549908      -0.16010885795315660     
  0.62955940322512671      -0.18000574307862061     
  0.64207579297032380      -0.17739875634755484     
  0.64422850116311881      -0.16978207143205515     
  0.63853518730895165      -0.16472339227101915     
           6
 -0.52674231279266148      -0.28407673735091332     
 -0.54043603315432920      -0.28223960294747014     
 -0.55988796535557595      -0.30923841605781627     
 -0.52385244125768271      -0.32891329959517335     
 -0.52174255019775173      -0.32034747526487861     
 -0.52428571302189386      -0.30906803387879023     
           7
 -0.39437345025892789       0.52907797929973621     
 -0.43046837473362209       0.51117965189301218     
 -0.43288115214680351       0.50407817481305739     
 -0.42591605252267645       0.49681441799596010     
 -0.43503745111495945       0.48414977450451901     
 -0.42411602866626591       0.48559433128548857     
 -0.42001121669968466       0.49196045765793600     
           7
 -0.18231322564085176       0.75502891092077651     
 -0.19125312736061445       0.76636009973742214     
 -0.21873893269075778       0.75012758923553269     
 -0.21133428124837753       0.73249054279047665     
 -0.19953324524712757       0.72175867936845683     
 -0.18646255818873803       0.72098206601706250     
 -0.17698629898445048       0.74102169938367490     
           4
  0.66752760690968116      -0.88432137455166793     
  0.63807636026303705      -0.88327517642518083     
  0.62970928948735194      -0.90010197608700626     
  0.63376725993251615      -0.91238616261238825     
           6
 -0.49907778551814636       0.75046785321384302     
 -0.50978417262162490       0.76023888615130919     
 -0.53148079985782493       0.76486925318916055     
 -0.54087089072111794       0.75190754399311854     
 -0.54265232815428199       0.73924052352560543     
 -0.53202613331885729       0.72675453213660357     
           3
  0.38645368984482759      -0.26749926203037866     
  0.37956303557045357      -0.30607055654542176     
  0.40375888748792876      -0.29183359457530289     
           5
  0.77180632398031956      -0.44805165894050930     
  0.75467922221844308      -0.45688195479252025     
  0.73761781961080208      -0.46639082565038498     
  0.75218508097180803      -0.48638888999845709     
  0.76924130833978721      -0.46778337994210889     
           4
 -0.48975656891079228       0.70291360198545128     
 -0.50880255823086129       0.67713744699070288     
 -0.50111728033441427       0.66822149649421736     
 -0.49033594179034190       0.66915972708335802     
           6
 -0.24418269248881130       0.27274664910277979     
 -0.26174025949691027       0.28289232070646814     
 -0.27979005067151747       0.28283915457067688     
 -0.28172289019945429       0.27159477042193775     
 -0.26082778312440646       0.24657996218956196     
 -0.25314197602927574       0.24655825397055484     
           7
  0.12006585205014494       0.64807250516304560     
  0.11033354286900574       0.64806105962250682     
   8.8834116868293761E-002  0.65239981078280740     
   8.8667512072204330E-002  0.63850287656071159     
   8.9836108706983317E-002  0.63138206342834813     
   9.2864501984818104E-002  0.60883502068539364     
  0.12113547611591333       0.61082689198312667     
           6
  0.75423916973808403      -0.80570559786237950     
  0.75321963137381920      -0.79136162926537024     
  0.72816599172001673      -0.81090324644997003     
  0.72894862069388344      -0.81979231337593839     
  0.74304000099418266      -0.81550286674678030     
  0.75420404644317407      -0.81956146224455551     
           8
  0.13190559819234188       0.46665524457916496     
  0.12058659685023941       0.46044623382191169     
  0.12065191683899791       0.45339502464421627     
  0.11281434709516169       0.44877953923617175     
  0.11484594397375789       0.43849310250507340     
  0.12361541441312447       0.44503014991891715     
  0.13407043918826853       0.43799572124068520     
  0.15486143970426869       0.44068448069993932     
           4
 -0.31894424509726277       0.83781483300425952     
 -0.34636555903265548       0.84864337993192140     
 -0.35730545352860238       0.82496980154832322     
 -0.34469864111628035       0.81008027952956563     
           7
  0.82926707564369262      -0.49546823885252855     
  0.80621570637618467      -0.48976374180901522     
  0.79978777236236553      -0.48558543887120070     
  0.78705999576099761      -0.48612630605371943     
  0.78216629062658560      -0.49280878125659727     
  0.79340666365197099      -0.51106784493093160     
  0.79231705371798622      -0.52149404228054652     
           3
  0.62003070126257709       0.70062402234926058     
  0.57786483798704025       0.68211678019574662     
  0.58644392516780586       0.65941984273652476     
           3
 -0.87104958962732137       0.45027022562956998     
 -0.90363718467399390       0.43688423339652172     
 -0.86992712499357017       0.43642400878300380     
           6
  0.78863309539927973       0.42849965660182110     
  0.78701723127552015       0.41239337364266970     
  0.78294651261593007       0.40257210470205740     
  0.79805198926044996       0.39713044404871423     
  0.80941591517963996       0.38977168435737808     
  0.80751568670129992       0.39819830370876003     
           4
  0.41627540518427342       -6.9016717618227280E-002
  0.42568411249087612       -7.9437568399071831E-002
  0.43235770162084830       -8.6196698535723662E-002
  0.44751791311723055       -8.4440179790598757E-002
           8
  -9.0876241048391919E-003  0.62846783746721468     
  -1.6910941432233616E-002  0.62320048470894795     
  -3.1147336577926434E-002  0.63160728251952303     
  -5.0543937217039585E-002  0.62183555833766724     
  -5.1039740660911326E-002  0.59951825204670206     
  -4.8913976951175865E-002  0.58662502505712710     
  -1.1867327354460274E-002  0.60336492782100104     
  -1.4796495688953391E-002  0.61223997989615386     
           3
 -0.21417937062160688      -0.21883717984921811     
 -0.24891835566265380      -0.21768489614358988     
 -0.23824389010921462      -0.23553851352048827     
           7
  0.22450491752125346       0.36058490335427168     
  0.21846043561232581       0.37229095614420049     
  0.21122933899093455       0.37651866700565506     
  0.19718324872060775       0.36480361656303312     
  0.18599329407808135       0.36575241119449498     
  0.22120236990916295       0.33907242952011324     
  0.23319819997080868       0.33563000454233072     
           3
  0.82789179266153212       0.87076528648387086     
  0.83356096459120133       0.84426085106572435     
  0.86830534257329195       0.83767083528611785     
           5
   2.0301690378915712E-002  0.56669235971280407     
   2.0479907883898418E-002  0.58361030791435409     
  -1.8678524797293469E-002  0.57454377038346860     
   8.6733858838829985E-003  0.55017743618280746     
   1.7527620007146926E-002  0.54018433593521831     
           7
  0.81260734751966757      -0.11270450573946691     
  0.78951861861913364      -0.11040356169614358     
  0.79546225575401053      -0.13566211854696689     
  0.79064542725892084      -0.14731696129231214     
  0.80848659170070281      -0.14684672863399104     
  0.83022951577984216      -0.14198119395101427     
  0.82261547900524701      -0.13667686092652540     
           7
 -0.39356749625851822       -9.1769793169558661E-002
 -0.40958775630173505       -8.8789963227060134E-002
 -0.42594815629911265       -8.5967257266002850E-002
 -0.42544302764384095       -9.9074907365988146E-002
 -0.43260368829400059      -0.11199098045128522     
 -0.42742833508385025      -0.12745545996202037     
 -0.39061584647588071      -0.10710671506085388     
           6
  0.10333482038644037      -0.50224234090142361     
   9.3916934479088818E-002 -0.50197089461398081     
   8.5249202794252257E-002 -0.52796875415032474     
   8.7746442863022800E-002 -0.54245680750764191     
  0.10001726741803843      -0.53575760777415160     
  0.12410441375648090      -0.52307436090327331     
           7
  0.79063668236975826      -0.20960787015420801     
  0.78188791373908550      -0.20447874153304466     
  0.75244983059932047      -0.22238571377842628     
  0.75330946244441443      -0.23412556862257283     
  0.75814192868567010      -0.24787780265069673     
  0.78499547309989492      -0.24155791844977700     
  0.79312206294771570      -0.23126460121863474     
           3
   1.2072870881877910E-002 -0.17372195206184149     
  -5.9011747521196360E-003 -0.19775786180293223     
   2.5895486411148669E-002 -0.21898652504306365     
           6
  0.22229968105455036       0.58940788770573638     
  0.20989222588643838       0.59220338634040937     
  0.19378582452475782       0.58855945978664925     
  0.18799151476722048       0.57752560441688150     
  0.20110103436551899       0.55686924395114756     
  0.22241782201548296       0.55738828200672974     
           7
 -0.63552910802660323      -0.46362569290837224     
 -0.65477783298883674      -0.43801166674514352     
 -0.67037678054964034      -0.46372296730817808     
 -0.67117202011987909      -0.47462640921545074     
 -0.66381258057030246      -0.48352460045104034     
 -0.65522869310985876      -0.47358168345897522     
 -0.64701129796214119      -0.47435396598005436     
           8
 -0.86905494295530916        6.3959659828972809E-002
 -0.87014906395183633        7.3792926527171926E-002
 -0.89597367123900484        6.6978741675108769E-002
 -0.90268462376010328        7.0271156419778880E-002
 -0.90571810454385360        5.5350933338794622E-002
 -0.89661588496907385        3.3904506238410390E-002
 -0.87482435456014118        3.9043042100460654E-002
 -0.87460658235601096        4.8218573510359228E-002
           5
 -0.21495571285670598      -0.75762126872075952     
 -0.24640510246650829      -0.76049003026813844     
 -0.25329957530633479      -0.76716306214789254     
 -0.23876532089289670      -0.76544754110058322     
 -0.22591757054086983      -0.76612258268684497     
           7
 -0.92726063420583915      -0.61857274392752404     
 -0.94528727315613703      -0.61381404487787394     
 -0.95387651966761278      -0.61774964036998203     
 -0.95215705250313720      -0.63780955770269565     
 -0.95843434447560028      -0.64782810885690967     
 -0.92170036669897393      -0.64997286171060442     
 -0.92022495694352080      -0.64059928810079647     
           6
 -0.75052346593573882      -0.64043625185915909     
 -0.75948144418506758      -0.64468661887568290     
 -0.75983934539102260      -0.65512642517891084     
 -0.76289852050787099      -0.66954528976216487     
 -0.76419380525400193      -0.67797993583418315     
 -0.72790441025108266      -0.65822977517657566     
           8
  -8.6226309934939460E-002  0.38119087465230189     
 -0.12201413249684696       0.38464066302364763     
 -0.11802167582867300       0.37615068686589226     
 -0.11502950804287988       0.36926159864560160     
 -0.11488987757095601       0.36214708149446706     
 -0.12066753787040832       0.34270999157482213     
 -0.10996054918007592       0.34304982889006025     
 -0.10516975857108699       0.34943193481684404     
           3
 -0.13780488849341962       0.78597345469624735     
 -0.14185588390442150       0.77137170209464123     
 -0.11198468603535078       0.76679412296662919     
           8
 -0.26979389449860824       0.90295162569095688     
 -0.27962051513063946       0.90311634622476766     
 -0.27727348069382746       0.91015987970629064     
 -0.28240662191474103       0.91450457085729497     
 -0.29945188842527237       0.88796440753748263     
 -0.30689231288889174       0.88082563918613599     
 -0.30449221942214710       0.86690181289305812     
 -0.26608250606261347       0.87831558884954530     
           3
  0.32234444720337119      -0.91248549033029158     
  0.30388502969478748      -0.92763065967229685     
  0.34436629963448145      -0.92743886162314970     
           4
  0.72554257800089195       0.99489140529756881     
  0.72571054054493367       0.98356956325666067     
  0.71831153280731375       0.95194501731589920     
  0.74800073406600243       0.96301095773543910     
           7
  0.35782675987684420      -0.64140354120585352     
  0.33938228468691323      -0.64560539143827156     
  0.31749142882782555      -0.63876115464633054     
  0.32704768083004543      -0.66739750325663860     
  0.32433155562258353      -0.68079007247839207     
  0.35201941508129714      -0.67936349601514689     
  0.34803832210313207      -0.67203776626737344     
           8
  0.50390400653282275       0.39086499106135486     
  0.49615005454309680       0.39849816215890316     
  0.49340566781737627       0.39049871653948909     
  0.47609570257664791       0.38274248186174348     
  0.47128782947799264       0.37748564869731405     
  0.48359692428952905       0.35485480441124873     
  0.50772044680193962       0.35441260789701623     
  0.51231786485197239       0.37739645007477529     
           6
 -0.78101629222198521       0.50784681218582117     
 -0.79139452048587422       0.50856216089659823     
 -0.80233595672010072       0.50701503334453513     
 -0.80820435272748536       0.49981317532511155     
 -0.80356738223763913       0.46697818198535629     
 -0.78883012021189680       0.46991297011145960     
           6
  0.51373184796094895       0.17742085740891733     
  0.50975978243184372       0.19235558521356549     
  0.46900110612606227       0.18952426378519405     
  0.47073490162955356       0.17008850980309784     
  0.49624077434131908       0.15219820267455247     
  0.50286386487088652       0.16140112528931450     
