   1.0000000000000000
   50.000000000000000     
          34
           8
   9.0000000000000000     
   1.0000000000000000     
   9.0000000000000000     
   1.0000000000000000     
   4.0000000000000000     
   8.0000000000000000     
   6.0000000000000000     
   7.0000000000000000     
   1.0000000000000000     
   6.0000000000000000     
   2.0000000000000000     
   3.0000000000000000     
   8.0000000000000000     
   8.0000000000000000     
   3.0000000000000000     
   8.0000000000000000     
   2.0000000000000000     
   8.0000000000000000     
   2.0000000000000000     
   9.0000000000000000     
   9.0000000000000000     
   6.0000000000000000     
   2.0000000000000000     
   10.000000000000000     
   8.0000000000000000     
   1.0000000000000000     
   7.0000000000000000     
   7.0000000000000000     
   9.0000000000000000     
   2.0000000000000000     
   8.0000000000000000     
   3.0000000000000000     
   3.0000000000000000     
   7.0000000000000000     
           1
   0.0000000000000000        0.0000000000000000     
           8
  0.70928935683423977      -0.94887733798180274     
  0.69380844111515572      -0.92585362956257022     
  0.66673949231532681      -0.92068322782100376     
  0.66551509224047889      -0.94371230111487259     
  0.66535527163827246      -0.95641879734073088     
  0.68172431242467224      -0.96434649115646542     
  0.68197828265255134      -0.97330625528586956     
  0.71152246579652123      -0.96340982485548332     
           5
 -0.39842928174784437      -0.13418672126321912     
 -0.40052814582061763      -0.12093677358595040     
 -0.43785513716558921      -0.11819730803796255     
 -0.42592051047639351      -0.15662162725630255     
 -0.40398715537495333      -0.15465255269330666     
           4
  0.16409954970387583      -0.82470824095989836     
  0.12471872078508948      -0.82427354297873301     
  0.13572372699238072      -0.86230107910983878     
  0.15768598528088459      -0.84982696002191327     
           7
 -0.51296318137023145      -0.10048712833318120     
 -0.52319631281228807      -0.10009912285663805     
 -0.53538708124665846       -8.9211730695827010E-002
 -0.55713278425012747       -8.5981180170059401E-002
 -0.55860629693270736      -0.13722617263533740     
 -0.53611040722584491      -0.12674554128190837     
 -0.51165756015805153      -0.13818686126513768     
           7
 -0.88622043456215438      -0.73399996776447718     
 -0.93739224975783675      -0.71673949587630825     
 -0.93763696820716125      -0.73051164724978090     
 -0.93195703027175580      -0.73782082577056229     
 -0.94120135545532946      -0.75304474989401848     
 -0.92450682794854655      -0.75613156946189608     
 -0.89012708602273283      -0.74630899037194354     
           6
  0.86600249696811404       0.48732229987420972     
  0.87111431762161784       0.49649122608766560     
  0.84219595970373207       0.48947246788623205     
  0.84359462186297907       0.47088176583340424     
  0.83343085412493156       0.44888849345324749     
  0.84440261563211005       0.44620580809603066     
           3
  0.32852313825653889      -0.50141873922073199     
  0.27885685170143565      -0.54831844689997855     
  0.30375954339821365      -0.54414536225975019     
           5
 -0.32024314877104476       0.61854849984850158     
 -0.35156119876134734       0.61851596664916375     
 -0.36694814826974914       0.61679075896984625     
 -0.36680484550148534       0.58951743034827964     
 -0.32341148180599855       0.59870707233047682     
           4
  0.70520045147822596       0.80004364041504672     
  0.65601954184934974       0.83126998409972952     
  0.65615058314568819       0.77614465449846093     
  0.68661030736107331       0.78664705997768813     
           4
  0.85880196110327467       0.94911820230684751     
  0.85687689866858086       0.91300965334160056     
  0.88366649719815304       0.90609861138895897     
  0.89548321612790427       0.90589956612167222     
           3
 -0.71275223251050768       0.86763514527088725     
 -0.74726898609807957       0.87200281672792290     
 -0.69922161214920098       0.85968397007606623     
           6
  0.37191188617134902       0.51200377751438653     
  0.35973531793025026       0.52391840776464171     
  0.32382175672199992       0.51863715844053349     
  0.32787887896358686       0.50532793751184479     
  0.31963378558999589       0.47148777017570154     
  0.36099128499750482       0.48340539686807860     
           3
  0.84950829627691615      -0.64943852718041750     
  0.84389727296926953      -0.67205825105340822     
  0.84199104589853180      -0.68864510079258345     
           8
 -0.73794961933629788      -0.22015941544202691     
 -0.75610293597721745      -0.19908546732335777     
 -0.77148955547695852      -0.19526421944284436     
 -0.78160242895789767      -0.19360164839770710     
 -0.78235073533949906      -0.23511911447546918     
 -0.76169396196066264      -0.24206327868557678     
 -0.74062333694538329      -0.24423873835220977     
 -0.74635625049690413      -0.23615795152972119     
           6
  0.49239429849137484      -0.25883145728662310     
  0.48544536380398884      -0.25177262138824974     
  0.45273255283318931      -0.22705619383869147     
  0.44832281289346149      -0.25871622243411008     
  0.47263699875415255      -0.28369120046839241     
  0.49673392430250396      -0.27681138946865708     
           5
 -0.54174642022130082       0.43636763041953036     
 -0.57107853715520907       0.42613683908163985     
 -0.58673731625531633       0.43025333048713116     
 -0.59098089917204033       0.39897831734427530     
 -0.54701918005947281       0.39569219254671789     
           5
  0.20019183336683602       0.21288983509516629     
  0.18599625982911711       0.21383725501980066     
  0.15516032316778211       0.17767064148855513     
  0.18252586200206508       0.16694533404000225     
  0.20158886683969870       0.16692580097980822     
           3
  0.11548360887326667       0.74420085665964408     
   8.7269837151122742E-002  0.69739177891943416     
  0.10273446113742796       0.69759718047055952     
           3
 -0.29781513186656994       0.51843760710046327     
 -0.27828324251306585       0.49758274221228999     
 -0.24418645951286402       0.50442286309336837     
           4
   3.9221366368751745E-002  -9.2019349931357922E-002
   4.4091254516612222E-002 -0.10920807219910067     
   5.3817395387844094E-002 -0.13512068589503817     
   8.0717003434540552E-002 -0.13477620280387481     
           3
  0.39950610391528368       0.93259822716008123     
  0.38051471720916985       0.88871779297895859     
  0.41518792823750328       0.89994081589868991     
           8
 -0.34468379836489749      -0.47327682117631747     
 -0.34708992407082290      -0.45560296944043049     
 -0.38087157137424038      -0.45334531202771888     
 -0.38314531121085948      -0.46819855202115312     
 -0.39247448347737207      -0.48363493773431526     
 -0.39265556148966180      -0.49716160988738711     
 -0.34796548936095817      -0.49724221919878736     
 -0.33582779859668499      -0.50907322433043856     
           8
 -0.67002366408427894       0.16319644459949542     
 -0.68576365405822481       0.16880538820799923     
 -0.70816397202312564       0.16056000496679604     
 -0.71907583431644262       0.16001828422808734     
 -0.70989808844240343       0.12560309902907943     
 -0.69386150350973985       0.11452201181348443     
 -0.68349366294183211       0.12065388735593069     
 -0.67098622501319449       0.14464280778379635     
           5
   5.6124911017503533E-002 -0.55127474198071558     
   5.4036575629123659E-002 -0.53929575337450919     
   8.4470758093789164E-003 -0.56604779794761328     
   1.4105618399988973E-002 -0.57649542110390883     
   4.7085136870656352E-002 -0.57432284013969959     
           6
  0.73553170881324192       0.53150744311141729     
  0.72291736296199682       0.55239149668329091     
  0.70381158013273326       0.54634755510083810     
  0.68316738744536576       0.52709999060283264     
  0.69027820423092401       0.50798636107003126     
  0.72692001286028518       0.51469839028872355     
           3
 -0.36336807225078915       -2.8714737318344501E-002
 -0.38815817018792242       -4.1607785428875700E-002
 -0.37183830348606667       -4.4280382380669281E-002
           6
 -0.94058103027226281       0.94240357156957089     
 -0.96389215390976335       0.95373120861795391     
 -0.97583970609954418       0.95314319717240881     
 -0.98765258186279792       0.89911663664923558     
 -0.97854650081779038       0.90781657360939205     
 -0.93820742611896168       0.91281965788925168     
           3
  -8.5775764713632973E-003  0.79946893068029756     
  -2.7202470481119179E-002  0.79611943083032122     
   2.4751690615510483E-003  0.79148115705748012     
           7
 -0.13383177828873505       0.86125495243017436     
 -0.17645697571517199       0.87091478952932344     
 -0.18698281382880794       0.88271652799132283     
 -0.18583214807396983       0.85466993601748875     
 -0.18357806213565608       0.83624436997755169     
 -0.14628324122670880       0.82749605918103009     
 -0.14050260569514536       0.84916350769472704     
           8
  -3.1364894448377770E-002  0.47641434496137847     
  -3.8632143887392674E-002  0.48035388035059312     
  -6.4916375414610081E-002  0.48550221524931569     
  -7.7687777364292679E-002  0.48073393488412880     
  -7.5051602037297369E-002  0.46792864827370412     
  -7.1098190377303097E-002  0.43441240666635322     
  -6.0182903175594153E-002  0.43310771019216476     
  -3.7531942650830354E-002  0.43587406551198260     
           7
 -0.21959850589739202        1.0813371769463297E-002
 -0.22241477219845054        2.6681137699630736E-002
 -0.26359926498748693        1.1451972389083005E-002
 -0.26967720147332686       -1.6608999873284739E-002
 -0.25382373430469818       -1.6090014266397713E-002
 -0.23031004776044078       -9.2474731927072087E-003
 -0.22765136791208532       -2.7238464403155516E-004
           3
 -0.86524916490059312      -0.46064557803312223     
 -0.90643730001256284      -0.47768241232783132     
 -0.85965484300786599      -0.48109112448454844     
           8
  0.47960516476289311      -0.88473927351201598     
  0.47147623001155248      -0.86738475850612506     
  0.44470369792869430      -0.87068220941448571     
  0.43245523048574364      -0.87900041355244807     
  0.44074043843292332      -0.88386083859338116     
  0.43470266305219751      -0.89043149532751309     
  0.43271126577829649      -0.91266148826749527     
  0.44152752474666612      -0.90347528369800012     
           4
  0.54021488515311211      -0.37647383616086172     
  0.53650830630508184      -0.41246705541235867     
  0.55127989207495864      -0.41601985622769355     
  0.58012043628000187      -0.40982141352038559     
