   1.0000000000000000
   50.000000000000000     
          48
          12
   7.0000000000000000     
   8.0000000000000000     
   1.0000000000000000     
   5.0000000000000000     
   6.0000000000000000     
   8.0000000000000000     
   9.0000000000000000     
   2.0000000000000000     
   9.0000000000000000     
   7.0000000000000000     
   4.0000000000000000     
   6.0000000000000000     
   3.0000000000000000     
   6.0000000000000000     
   10.000000000000000     
   5.0000000000000000     
   4.0000000000000000     
   7.0000000000000000     
   3.0000000000000000     
   2.0000000000000000     
   2.0000000000000000     
   8.0000000000000000     
   10.000000000000000     
   5.0000000000000000     
   10.000000000000000     
   3.0000000000000000     
   4.0000000000000000     
   5.0000000000000000     
   9.0000000000000000     
   9.0000000000000000     
   9.0000000000000000     
   3.0000000000000000     
   4.0000000000000000     
   9.0000000000000000     
   4.0000000000000000     
   6.0000000000000000     
   3.0000000000000000     
   1.0000000000000000     
   8.0000000000000000     
   9.0000000000000000     
   2.0000000000000000     
   3.0000000000000000     
   3.0000000000000000     
   7.0000000000000000     
   9.0000000000000000     
   7.0000000000000000     
   6.0000000000000000     
   9.0000000000000000     
           1
   0.0000000000000000        0.0000000000000000     
           5
 -0.80505519671233039       0.93730902870544597     
 -0.79658464361896852       0.95189487635187819     
 -0.84237353536777249       0.92799121358406089     
 -0.80600810725148664       0.92174159626192653     
 -0.80080746757955601       0.92889256701350464     
           8
  0.47422949604555975      -0.52485865444350877     
  0.46478138703328697      -0.51922683209354248     
  0.43404101767646486      -0.52261463947441800     
  0.43665766854482108      -0.54456349268843829     
  0.42858335681569215      -0.54952073132180801     
  0.42910652787755804      -0.55658469407672406     
  0.43966478450525248      -0.55396554304963219     
  0.44374294431418615      -0.56233363068287479     
           3
 -0.74343336449121877       0.56544322361610577     
 -0.77188263463216855       0.56855993943324223     
 -0.74429734739162123       0.54448261578539847     
          10
  0.15717485816031923      -0.81215787294015773     
  0.14835101660256331      -0.81446294197137192     
  0.13109095192182701      -0.80437004641934551     
  0.12617593239923930      -0.81110316691105966     
  0.12034533812820451      -0.80590108536551841     
  0.11620891212470949      -0.82681292977484144     
  0.14092983429394723      -0.84227400946437980     
  0.14345518942635524      -0.84863029684209668     
  0.15361169628931470      -0.84821944207205635     
  0.15381178395963413      -0.83534596683644224     
           8
  0.92583891451709810      -0.22536200266944714     
  0.91552486759535645      -0.22354862553140253     
  0.89949648672909555      -0.21254585899962425     
  0.89570533033964228      -0.23051129990151883     
  0.89750705923997687      -0.24885367037914644     
  0.90003835730471737      -0.25532709403882670     
  0.92007749851440535      -0.25748076503707473     
  0.93128714699408444      -0.25691875712533935     
          10
 -0.50537177736937988      -0.28346180839682189     
 -0.51567002177265042      -0.26605550330097361     
 -0.54072223421781473      -0.26859009140240875     
 -0.55080854748456087      -0.28925717455326694     
 -0.55087736817160016      -0.29592646168346320     
 -0.54257740666830356      -0.29847346841264244     
 -0.55186860354275724      -0.30561934559807646     
 -0.53356363700536824      -0.30404673546223698     
 -0.52430578599601407      -0.30734481303294181     
 -0.50618191753148944      -0.29948751368974019     
           3
 -0.62490569151352338      -0.53995693504908326     
 -0.62846236949347767      -0.56704374729475049     
 -0.59855151180832511      -0.55525860640018787     
           7
 -0.62111654140244443       0.59428898515811668     
 -0.63308738073086290       0.60039238180917776     
 -0.64546439083556284       0.57998354113702033     
 -0.64729748176749691       0.57122424649685621     
 -0.63995838061942278       0.56949724868945262     
 -0.63168871708840046       0.55773222191778826     
 -0.60592150320326521       0.57729601224349048     
          11
 -0.91038217724791759        6.7470737000129635E-003
 -0.92105556783732212        1.9071428106891011E-002
 -0.92621140404817437        1.4932227740011194E-002
 -0.93441060408570120        1.0977189753381217E-002
 -0.95472648249001157        1.2008830484605404E-002
 -0.95820452310747561        6.5801696816835120E-003
 -0.95317161032393560       -5.2546728951915200E-003
 -0.95755437363980600       -1.6357726616718381E-002
 -0.95455320410416677       -2.5701338465391455E-002
 -0.93670928452344770       -2.2944929489725086E-002
 -0.91247226208094212       -2.1308716797384837E-002
           3
  -1.3241898699242005E-002   9.3409437183042732E-002
  -5.0699078551636051E-002  0.10058762476585431     
  -6.9003678716123007E-003   7.5518062782289522E-002
           6
 -0.88521703174255228      -0.74265239526136950     
 -0.90870375168465656      -0.73395448304438571     
 -0.91717457295235383      -0.75304753674708325     
 -0.92259336208522669      -0.77663649774713228     
 -0.89944790793156515      -0.77098851662452694     
 -0.88447253035733842      -0.77981761330961064     
           4
  0.21615936480383524       -9.5546630778468485E-003
  0.18037592607856526       -2.1809350435012496E-002
  0.19076382310864798       -3.2423956618691997E-002
  0.22720704657868404       -3.1167063392227520E-002
           3
  0.50249698359155248      -0.33319544387458833     
  0.47264059155979710      -0.32957634807358094     
  0.48297632241848637      -0.36694779691226159     
           4
  0.71331605590838254      -0.49704682787603616     
  0.69866699180850611      -0.50386716749524019     
  0.70173573634067443      -0.52747781261850135     
  0.73742866350360436      -0.53645095359021600     
           9
 -0.24117372118737057       0.44326867697745032     
 -0.24862801455138195       0.45896010142452148     
 -0.25818954044593334       0.45839438321677956     
 -0.27407914658839111       0.45178393283263718     
 -0.27617723816457446       0.43915881005862012     
 -0.27306049864527854       0.42219991363165343     
 -0.26625391542884835       0.42044403821203447     
 -0.24832401028067305       0.41835987950096992     
 -0.23779845671923683       0.42133859589706379     
           5
 -0.53638953959520042      -0.64899156526139923     
 -0.58262662828431344      -0.65574120420253101     
 -0.57618104816611038      -0.67487615184473349     
 -0.57379903345001415      -0.69035481630147166     
 -0.54890117102769898      -0.68198106236198441     
           9
  -9.1276279368569885E-002  0.56957345853636809     
 -0.12104006261596156       0.57966839321917252     
 -0.13297528544499346       0.58437829509134553     
 -0.12543918377467153       0.54363907488000662     
 -0.11611841398585113       0.54781692385318037     
 -0.10628677730336442       0.53813465512999392     
  -9.3642803326426938E-002  0.54540529673464033     
 -0.10308484626223968       0.55298966615318901     
  -9.1006406626684744E-002  0.55532463164023249     
           4
 -0.76263015854150851       0.77492560335608740     
 -0.78471954102121411       0.76867424734783774     
 -0.75527550193155935       0.73463925329875757     
 -0.73878426380380713       0.75287848105848931     
          10
  0.93866778613017510      -0.91051679026366206     
  0.92353542361198704      -0.89013364687682472     
  0.91508965964801925      -0.88808859677555696     
  0.89856360940418856      -0.89141505949838251     
  0.89917547301570722      -0.90782334016089872     
  0.89587879713204388      -0.91505491981500930     
  0.89652677161225491      -0.92454783033258303     
  0.89695178413853272      -0.93136230080348559     
  0.93779472951690579      -0.93397929025416393     
  0.93307398684041221      -0.92550145826951880     
          10
  -3.3820755543811643E-002 -0.67543756771470786     
  -3.4138633214692904E-002 -0.66800758249854675     
  -4.5202473878596168E-002 -0.66797763053589199     
  -4.1950133629398756E-002 -0.65589505939041282     
  -6.1008378871458886E-002 -0.66782285960180510     
  -8.2781631656341170E-002 -0.66088243443487327     
  -8.1546542321171950E-002 -0.70273597714790692     
  -6.4886477063822168E-002 -0.69701918209035085     
  -3.6184268023556301E-002 -0.69899181687883660     
  -4.2240684200453731E-002 -0.68917850736734043     
           4
  0.10278409390141231       0.29226717930090790     
   6.5101397710092490E-002  0.25919225836007764     
   9.3634005389021058E-002  0.25672954342527060     
  0.10329426935791589       0.26678607721030295     
           9
  0.21797057186714797       0.28140245160840033     
  0.18825147922782171       0.29261243608598148     
  0.18559425368495414       0.28262273475398914     
  0.18613454790398562       0.26334767449653840     
  0.18602662438134948       0.24947702945575326     
  0.19356512227480768       0.24901113149590387     
  0.20543255150261908       0.25489417384967561     
  0.22556357464596694       0.24700016195683197     
  0.22150940810472089       0.25862309963719632     
           6
  0.70944514747973220      -0.75540479162388041     
  0.69111748321420663      -0.73845811857287991     
  0.67399647980194677      -0.74116248361324077     
  0.67173324405785473      -0.77936563657334790     
  0.70126249660198492      -0.78121810118016688     
  0.71887803726086252      -0.76682623179781118     
           8
 -0.17557076114184356      -0.61778177959430380     
 -0.18398934168577527      -0.60886498892363239     
 -0.19670390029799215      -0.60245159573271645     
 -0.20936522984364375      -0.60141728073200118     
 -0.21238454915660604      -0.64711697636503607     
 -0.20385538683929541      -0.64748590175874743     
 -0.18023423744512612      -0.64682801300047954     
 -0.16843440035017923      -0.62696594776085146     
          11
  0.59582686257312722       -3.7919317766546647E-002
  0.59238524572545781       -3.1173679600932546E-002
  0.58630783239216266       -2.4259577684506515E-002
  0.57415810392504629       -2.4745935287929455E-002
  0.55749245382889401       -2.4327116103341487E-002
  0.56167745596480345       -3.6996214159837150E-002
  0.55327518574297696       -5.3951839851769608E-002
  0.58134601723965940       -6.7486850206363358E-002
  0.59490653295727358       -5.5899172235707090E-002
  0.59994586276290296       -5.9883124551944875E-002
  0.59920587128397540       -4.6919911543352136E-002
           9
  0.23133171025745375       0.34205538932696367     
  0.23728534672271209       0.35482346620468835     
  0.21289099910082548       0.35902296351500429     
  0.18980515895175581       0.35530755762088956     
  0.20038041205346258       0.34358644738853239     
  0.19430165822101908       0.32797078011903913     
  0.21168415608086408       0.32561232595487916     
  0.21100237622099505       0.31693822053152049     
  0.23650484457441726       0.33692385912191974     
           8
  0.56350271929347595      -0.75979544750276184     
  0.52224627535310286      -0.75684878995381799     
  0.52511061611689325      -0.76587357038744386     
  0.52678752781530858      -0.78201865363248046     
  0.54171796073995460      -0.79623247586159507     
  0.54628789241938402      -0.78939073563705386     
  0.56682083345447465      -0.79225074065187939     
  0.56723494710846944      -0.78224255759591521     
           5
   6.6565703226098130E-002 -0.38022493280026992     
   3.1890460273680241E-002 -0.36703326485063054     
   2.5652938992432987E-002 -0.40105344430494405     
   4.3020514061111181E-002 -0.40421924962278133     
   6.0623218231088349E-002 -0.40557024920031004     
           8
 -0.77275143505470401       0.66663123710440109     
 -0.79697931279427947       0.66869004656539188     
 -0.80701993486326873       0.66595492415461344     
 -0.81519954173646270       0.64130219912866793     
 -0.79481247757471685       0.63668958367834072     
 -0.78925890231651585       0.62562895319022127     
 -0.78808331441232227       0.63373486001442403     
 -0.76761015443781033       0.62613456979943716     
           9
  -8.5736467335080530E-002  0.67719431029962274     
  -9.3688236431415189E-002  0.68181110114845045     
 -0.10424049324625084       0.68003080484438350     
 -0.12433094103987852       0.66987471952130462     
 -0.11607003396668786       0.66093990596601082     
 -0.11521703375760020       0.64731442085960178     
 -0.10798259114804493       0.63659136607361844     
  -8.9796485050102418E-002  0.64047657032707805     
  -7.9422575181244598E-002  0.64477974542339223     
           3
  -9.9110498279905729E-002 -0.60014379117426886     
 -0.10577537787944966      -0.61677522662105744     
  -6.0451984506544293E-002 -0.61650276799219361     
           5
   2.2661041564652058E-002 -0.53587351566575647     
  -8.9085738040751098E-003 -0.52639904587067821     
  -8.8867589231734698E-003 -0.55975634253567996     
  -1.4920362958955945E-002 -0.56653937728408432     
   2.1332265555653939E-002 -0.56861190007417983     
           5
  0.22169868875444620      -0.31013702023231227     
  0.19356426950929193      -0.31532129849909446     
  0.17436478794144758      -0.35100802629002081     
  0.18245704627987985      -0.34442212508001108     
  0.21263262612054884      -0.33345171618694791     
           4
  0.82925388488075757       0.27004481364324712     
  0.83311482345467647       0.26083942892398615     
  0.83204620858858203       0.25062937352753517     
  0.86714522380172165       0.25977809190143714     
           7
  0.76002029632707824       0.51112193052649046     
  0.73906763537877118       0.50974935374158126     
  0.74464201461378476       0.49834116156143060     
  0.75715603270008014       0.47144314903051099     
  0.76383747910796640       0.46651293230255975     
  0.77750466634799609       0.47092888760575718     
  0.78225940166983432       0.48376544595955634     
           4
  0.85263989048201405      -0.38135902525460541     
  0.81542908070126696      -0.38343904328221845     
  0.86142018551492183      -0.41094039938306082     
  0.85470619078002308      -0.40304991478133773     
           6
  0.57204230741776785       0.66506216496989179     
  0.56205506910802350       0.65954788423675670     
  0.54897711503943192       0.65837384181581016     
  0.53588273851749713       0.63118762604253664     
  0.53276149454015187       0.62244009603212136     
  0.57358965077214763       0.62126192340510233     
          11
 -0.17199769314185478      -0.21522790063367439     
 -0.19069185984899756      -0.20808776416715880     
 -0.19500822854985347      -0.20329652328212078     
 -0.20913939690160865      -0.20584302376763128     
 -0.21518805138959990      -0.21557900880207118     
 -0.21600366572610691      -0.22360916319844118     
 -0.21792022707246800      -0.23525571318899383     
 -0.21185720553677351      -0.23405275739304515     
 -0.21358021197501750      -0.24262196648794854     
 -0.18935527444409436      -0.24409686277144643     
 -0.17135101799633423      -0.24655872929467074     
           5
  0.63677660252491086      -0.34563991179215448     
  0.59732805961569058      -0.35730062205351565     
  0.59460490677219369      -0.37533046512219082     
  0.60614121329229276      -0.38462677158153696     
  0.62907898695879461      -0.36946473833682869     
           7
 -0.54036283860563505      -0.37822803717512088     
 -0.54977521565780507      -0.37204916134627058     
 -0.56255300439062494      -0.37834440518580909     
 -0.57597473530286902      -0.40737585917792840     
 -0.56593150129315195      -0.41074184895378374     
 -0.55882472151836082      -0.41709416773317787     
 -0.53475407182122181      -0.41168468656408247     
          10
  0.77865381591349692      -0.66531436394585863     
  0.78313485718379261      -0.65245373011187158     
  0.75666945572362487      -0.65645609462885091     
  0.75092800296957318      -0.65305253706983302     
  0.74694388494776631      -0.66412413311293206     
  0.73827797616423940      -0.66205306553764298     
  0.74621311589063777      -0.69615967691903979     
  0.75791940847814676      -0.69850014826873141     
  0.76468432537030939      -0.70054193569090528     
  0.77022107619306068      -0.69437085279683353     
           4
 -0.41589129312527462      -0.73496303831460230     
 -0.44754863307353621      -0.74987557683057526     
 -0.43031946881436500      -0.77931185765393440     
 -0.41962027807506191      -0.75801309269640749     
           4
 -0.45030277062329144       0.36133462193283361     
 -0.46189323706686947       0.36036509443361442     
 -0.48180847372419550       0.34498257708853292     
 -0.48043520729491951       0.32547145514992271     
          10
  0.74012076893955070        9.7651107214877242E-003
  0.71370360610049621        1.6509251297118162E-002
  0.71318544017569596        7.6945527193455609E-003
  0.69744522609051007        1.1916409035777589E-002
  0.69898556110281451        3.2696220415461344E-004
  0.69858600360157186       -1.5035961534215795E-002
  0.70585633128066128       -2.2638652628951851E-002
  0.72851935582355831       -2.5185140052663230E-002
  0.74057962468046612       -2.8246451303548387E-002
  0.73893490151586938       -2.1108680140259566E-002
           8
  0.67675638468316290       0.34455885737768743     
  0.63005213974755248       0.33631418314056372     
  0.63686372654108292       0.31865342805123842     
  0.62916718669910687       0.31290829713180895     
  0.64080440302137898       0.29960303588411213     
  0.66161446525867307       0.30431907654575513     
  0.67657825082379019       0.30066308274549802     
  0.66712777513458987       0.31651816597081989     
           6
  0.72893665443777822       0.63835266947403513     
  0.71024765731598472       0.63237802691168232     
  0.70414496167142582       0.61437232339818826     
  0.71368259974728820       0.61345547287751179     
  0.75226100427267872       0.60070036534185278     
  0.74944422412716705       0.60907645722696624     
           6
  0.52479756802877220       0.52272721221676111     
  0.53596604234159850       0.53127499779579190     
  0.50054034219609966       0.53153262096826348     
  0.49916509859227992       0.51781337035156949     
  0.49366646419482008       0.50226504736672051     
  0.53183813789309864       0.50358492819738943     
           6
   2.0470671707203902E-002  0.80058028818875449     
   3.6443831584777936E-003  0.80114863482163368     
  -2.3180706186176611E-002  0.80187199541722565     
  -1.5133868729123852E-002  0.79506914324201239     
  -2.1605512561514079E-002  0.77615124651920875     
   2.3560908649832277E-002  0.78819258568598616     
