   1.0000000000000000
   50.000000000000000     
          22
          12
   9.0000000000000000     
   1.0000000000000000     
   1.0000000000000000     
   10.000000000000000     
   3.0000000000000000     
   10.000000000000000     
   1.0000000000000000     
   8.0000000000000000     
   4.0000000000000000     
   3.0000000000000000     
   1.0000000000000000     
   7.0000000000000000     
   9.0000000000000000     
   9.0000000000000000     
   2.0000000000000000     
   4.0000000000000000     
   4.0000000000000000     
   7.0000000000000000     
   2.0000000000000000     
   2.0000000000000000     
   1.0000000000000000     
   1.0000000000000000     
           1
   0.0000000000000000        0.0000000000000000     
          11
 -0.16066964705412665       0.86349100100492227     
 -0.16011032188105143       0.88449757625514913     
 -0.20893489605371554       0.89161286913429105     
 -0.20879498970988983       0.87966216401767239     
 -0.21740834284475363       0.87062935632093053     
 -0.23041515864148560       0.87556414670733052     
 -0.20583128818454430       0.83853987513155581     
 -0.19411691406461493       0.82487682221763026     
 -0.19375568951800684       0.83987642345921065     
 -0.17214944489360653       0.83151329340352220     
 -0.17393215274706902       0.85462959003685024     
          10
 -0.33940407763163111      -0.77266774094783852     
 -0.37460708467844733      -0.77804688785832943     
 -0.38357101107895830      -0.77077300679864913     
 -0.37646677739676099      -0.79328200732546317     
 -0.38831108295453631      -0.82158468816101282     
 -0.38200168974770154      -0.83524164345148122     
 -0.36841905780871603      -0.83742571783142217     
 -0.36233231457589310      -0.82656116397736590     
 -0.35166766851137582      -0.83168384529440231     
 -0.33754856834777391      -0.82774360439081252     
           9
  0.46381256743854482      -0.40818061826844360     
  0.46200314543865817      -0.39091961324937374     
  0.44175031071244336      -0.38310384766895766     
  0.41337612978137012      -0.38690860746886757     
  0.39341685486568828      -0.39351104152053301     
  0.40888415061184474      -0.40390027334667111     
  0.40598737936057722      -0.41955918092844885     
  0.41346500546077003      -0.44412784947336553     
  0.46144590610188774      -0.45072443228131481     
           6
  -4.2168851429784299E-002  0.89883625901369690     
  -5.6462682840051771E-002  0.91238373764669545     
  -8.7715105023557532E-002  0.90893418246003077     
 -0.10197953233237340       0.89969213229742639     
 -0.10040408754974427       0.86428544830500087     
  -4.1587055695239294E-002  0.85437619355002958     
           6
 -0.92655534039508669      -0.63644488548330758     
 -0.93252655178592747      -0.62579302960193273     
 -0.95836122564028003      -0.63623140438484727     
 -0.98025345499870331      -0.63384555290709854     
 -0.98700209802458005      -0.69102574520148774     
 -0.96350495148082460      -0.67660497577780909     
           6
  0.82819022892922789       0.10072064926864691     
  0.80677300585159795       0.11020844998215362     
  0.79154273216222482        4.2208189580579945E-002
  0.82509789547816526        4.7863210198090297E-002
  0.84189680669527900        3.9902148252732229E-002
  0.84921458190156540        6.1350604399011160E-002
           4
   4.9414502660411308E-002 -0.81203204765246362     
   3.7107945409921878E-002 -0.78078010498776407     
   7.3994564391201174E-003 -0.83226703800610180     
   3.1981280850566299E-002 -0.82982430166255361     
          10
  0.44855354371161210       0.30443626063730650     
  0.43786657338649299       0.30362956679959208     
  0.41537999234997136       0.28715752955195667     
  0.41009591995612543       0.25133606261753993     
  0.42662288929344783       0.25185128949686469     
  0.40720791554534919       0.23531165406044596     
  0.43549885585661652       0.24333431334843217     
  0.45254829812758190       0.23631968378914295     
  0.46555531676458634       0.23479402986222098     
  0.46073556900299734       0.24811272887938954     
          10
  0.93579734326941411       0.79338820196686233     
  0.90148300507787560       0.80517780537561900     
  0.89313736990970971       0.79053229604905129     
  0.87490117327560990       0.79258787455551616     
  0.88278737560492615       0.76645469517156251     
  0.88315499869943759       0.74128490191306740     
  0.89795497295697657       0.74116738341947797     
  0.90848338708552689       0.73589628554649233     
  0.92805989401555644       0.73469301111908447     
  0.92335422911894727       0.74517516339309409     
           7
 -0.45990647581980809       -9.9557942339410357E-002
 -0.46057711776035287       -7.1238169992661637E-002
 -0.49373654114913296       -7.2632744876269362E-002
 -0.51582031170331322      -0.11371930457298723     
 -0.52231175085629677      -0.13165788940589576     
 -0.51012191772764137      -0.13060999471977586     
 -0.46528264822111520      -0.13235144899565915     
           5
 -0.65225908745971173       0.79409332854770542     
 -0.68636375088592616       0.78485177406784901     
 -0.69466130524024106       0.76589666301627468     
 -0.70569232719640762       0.74329598154078558     
 -0.65325510153320410       0.74529096504096370     
           4
 -0.36082742699082720        4.4022150552881195E-002
 -0.37694481714364020        5.8799084005722473E-002
 -0.38024234354608533        2.8443755186335573E-002
 -0.33567115397537678        2.6231387546041922E-002
          12
  0.99007641979620742       0.63929234122406930     
  0.98594211323308301       0.65145771208411696     
  0.97669166504298865       0.64372802176300803     
  0.96512210102848750       0.65400299625677016     
  0.93364832549422405       0.62301240269061342     
  0.92303115141321790       0.61359287076312186     
  0.93862528254895161       0.59313408943314561     
  0.95315282632857246       0.59328099104945387     
  0.97274668390873842       0.58827051524154883     
  0.99050493235587522       0.60352326506379284     
  0.98302619469236496       0.60940988893139747     
  0.98039893646510667       0.61830780795011797     
           5
  0.41385228149619585      -0.80605681947031205     
  0.39439917762870497      -0.79875532052791043     
  0.37480880919011306      -0.80895773684140471     
  0.38108072309975222      -0.86169008364873378     
  0.40588702655558173      -0.85302767071541474     
          10
 -0.10032781526478507      -0.16911509794255802     
 -0.11348941414700853      -0.18069831594812355     
 -0.11557595454620712      -0.16810789113044966     
 -0.13092496383958724      -0.16376040050708698     
 -0.14874388374501590      -0.16474982605477406     
 -0.14258139009100745      -0.21013604534548985     
 -0.14220498175662430      -0.23536210119242082     
 -0.13243574958829338      -0.22330764626848032     
  -9.7444433259851887E-002 -0.23077946438929445     
  -9.1786954760247050E-002 -0.19678761523376850     
          12
  -4.7624089975236636E-003  -9.5071897864970084E-002
  -1.5388023820095343E-002  -9.8645184173406883E-002
  -2.0920913683625982E-002 -0.10661287440098847     
  -5.2211971677159227E-002  -9.4720437714794853E-002
  -4.5608325020345064E-002 -0.11113759445979129     
  -7.5430495371328232E-002 -0.15304022572853646     
  -6.3421660421486753E-002 -0.16597804556822568     
  -4.6103262885674429E-002 -0.15781010676706647     
  -2.8640607191455475E-002 -0.16230681997680665     
  -2.5972435138915676E-002 -0.14826012849420780     
  -1.6094930870684185E-002 -0.16284885444389507     
  -5.8898540067798891E-003 -0.13718716207232481     
          10
  -1.6347151417018181E-002 -0.55578359576208747     
  -7.3198157647988357E-003 -0.53130670714419526     
  -3.1071432686951617E-002 -0.53902724203677654     
  -4.4386656043961359E-002 -0.54765569831166383     
  -6.8665060846794468E-002 -0.54651279706623668     
  -7.1025659020142462E-002 -0.56100791989945142     
  -7.1944896262152225E-002 -0.57495528413234775     
  -5.4725165352306628E-002 -0.60026964771967217     
  -2.4847930504880149E-002 -0.59301165395753530     
  -6.8527503126852019E-003 -0.58381137097315927     
           3
 -0.16862417967166307       0.15331886193146899     
 -0.17949020585445871        9.7316150368564003E-002
 -0.15846351206823417        9.7288164498234186E-002
           6
 -0.87843427637477334      -0.28257134668541295     
 -0.89979526974211255      -0.28814443434599979     
 -0.86898076811698899      -0.33319114283519274     
 -0.85010275377098588      -0.33103104257282068     
 -0.85370499743703920      -0.31292680192745864     
 -0.84043436874435506      -0.31525192341281189     
           8
 -0.17008146136235394       0.38631682262639566     
 -0.19491407937133431       0.37851508222304947     
 -0.18952724939544646       0.36886576118998249     
 -0.19395518589309757       0.32041586316180604     
 -0.17829830079872980       0.32069434081104831     
 -0.15720165174271913       0.31472626133867032     
 -0.13794532474365404       0.32366618978839629     
 -0.14230357085381448       0.33867921597454809     
           8
 -0.17702423353040950      -0.66184780910721042     
 -0.16767695352807799      -0.65147353074987413     
 -0.18726205314072492      -0.64697768396179967     
 -0.20501449983332024      -0.63857523976079489     
 -0.21944189399691177      -0.65417011956215942     
 -0.22221175292511797      -0.67860555557964153     
 -0.23035158920043630      -0.70556911695467606     
 -0.20203387772186115      -0.69073281606094061     
          12
 -0.30690259397265118       0.23630701342792365     
 -0.30256914362416770       0.24768098807345112     
 -0.29617942205833975       0.25471466037244039     
 -0.33622463724837065       0.25443705127712851     
 -0.33726684435928178       0.24167214798932402     
 -0.34725443249892862       0.25245361096357882     
 -0.34630204940931519       0.23264407942271897     
 -0.34829822405443006       0.21305894744779733     
 -0.36158307794436451       0.19786586241419174     
 -0.30338159058703312       0.18218548151736352     
 -0.29414439504077017       0.18874267063276845     
 -0.29221418413480332       0.20749865708936546     
