   1.0000000000000000
   50.000000000000000     
          46
          12
   10.000000000000000     
   4.0000000000000000     
   1.0000000000000000     
   3.0000000000000000     
   2.0000000000000000     
   7.0000000000000000     
   2.0000000000000000     
   5.0000000000000000     
   3.0000000000000000     
   7.0000000000000000     
   10.000000000000000     
   8.0000000000000000     
   8.0000000000000000     
   6.0000000000000000     
   1.0000000000000000     
   6.0000000000000000     
   3.0000000000000000     
   3.0000000000000000     
   6.0000000000000000     
   7.0000000000000000     
   5.0000000000000000     
   5.0000000000000000     
   5.0000000000000000     
   10.000000000000000     
   8.0000000000000000     
   9.0000000000000000     
   8.0000000000000000     
   6.0000000000000000     
   3.0000000000000000     
   1.0000000000000000     
   4.0000000000000000     
   8.0000000000000000     
   1.0000000000000000     
   4.0000000000000000     
   7.0000000000000000     
   6.0000000000000000     
   9.0000000000000000     
   5.0000000000000000     
   3.0000000000000000     
   1.0000000000000000     
   1.0000000000000000     
   8.0000000000000000     
   2.0000000000000000     
   4.0000000000000000     
   7.0000000000000000     
   1.0000000000000000     
           1
   0.0000000000000000        0.0000000000000000     
           5
 -0.60639374485203390       0.20203400547065950     
 -0.61947938730917396       0.20227847974884941     
 -0.63302467226455283       0.18969565355878693     
 -0.63206222363114917       0.17467062274988596     
 -0.63532056782989876       0.16449972395527943     
           6
  0.90404784587078213      -0.67849226780750294     
  0.89816485405507829      -0.67197711732019527     
  0.86096484888591718      -0.67859251497378148     
  0.87013462582159606      -0.70768412200099284     
  0.89265899505431978      -0.71141472571205144     
  0.90088541321209237      -0.71109045160911688     
          11
  0.60120872870456754      -0.28634819066502987     
  0.59054232367522252      -0.28199216992867215     
  0.59160355493783723      -0.27119009038231184     
  0.59266153668673838      -0.26392719598231740     
  0.57396895822085359      -0.26535828085138535     
  0.55210143465972139      -0.30538250339734463     
  0.55939501032284877      -0.30319674274619096     
  0.56548830639832270      -0.29933023605061987     
  0.57602137231653894      -0.29739945668522233     
  0.58028753326150573      -0.30588259420367886     
  0.58544184894862328      -0.30116339688649907     
           4
 -0.77299850975662487      -0.12076632977693905     
 -0.80799613717665564      -0.14167797984035932     
 -0.81206038484560483      -0.16168966539462512     
 -0.76730013311647949      -0.16558522563538511     
           6
  0.18793428820547012      -0.11769867731827760     
  0.17067139547712562       -9.5835734880085524E-002
  0.14756238726625509      -0.11165720412133152     
  0.14966721793250073      -0.13101473978252592     
  0.17634600885756255      -0.13144060196044424     
  0.18248430820185590      -0.13733503377590431     
           9
 -0.62601848043500419      -0.49945320304558338     
 -0.63574249630573532      -0.48973406305083128     
 -0.64926256521355152      -0.48711391255232001     
 -0.66763887925784815      -0.48492961486850100     
 -0.67023773556767752      -0.49444759327526883     
 -0.65633024395995887      -0.52330458168781346     
 -0.64825913370662813      -0.52839527383860752     
 -0.62887356059314647      -0.52499248571452750     
 -0.62597094178583257      -0.51767739581469785     
           5
 -0.20100736928272142      -0.56559347341723798     
 -0.21752026391428117      -0.55413430213175285     
 -0.24098860680833853      -0.58239755489229728     
 -0.23333382279546624      -0.58735468871637631     
 -0.22215360692290664      -0.58783308804888679     
           5
  0.23676235676650839      -0.26262855022092574     
  0.20187526485176444      -0.26448406907254080     
  0.20642710986998877      -0.27256182005737389     
  0.19415726334016081      -0.30051559967949376     
  0.23239305822985593      -0.30209098553305747     
           9
  0.79744266258953045       0.88580925721633441     
  0.78492885660635570       0.89473568401667714     
  0.77779634841195422       0.89261510286396772     
  0.78395804712331540       0.87139069865861474     
  0.77367326308463746       0.85415133803490850     
  0.79483324359418250       0.85199039880996508     
  0.82047257837819298       0.84920918234110943     
  0.81151424335435485       0.85672757306575764     
  0.81878395931433201       0.86650643757043189     
           4
   3.1352689652648910E-002  0.90951689364900656     
   5.4870205672345601E-003  0.88787650238443383     
   4.6204142363837644E-002  0.86136730985592225     
   4.5330098807480193E-002  0.88103010729984843     
          12
  0.58688379328121931       0.21260194247146971     
  0.57975794260970615       0.22022356482907823     
  0.57713603210757336       0.23183691107613352     
  0.56595848968051499       0.22617251710915751     
  0.55638575827459535       0.22476006532707951     
  0.54349622533882780       0.20111679588712980     
  0.55202304055797080       0.19375068854826755     
  0.56296292011112536       0.18889572412361164     
  0.57219803642017208       0.18537973670497981     
  0.57989607825394796       0.19240131308408981     
  0.58585598246575221       0.20166800792514272     
  0.58100909522095989       0.20528406520158021     
          12
  -3.2172191465723296E-002  0.78923773393993701     
  -3.1420865826747399E-002  0.80114596439377561     
  -6.4520184378465406E-002  0.81406695758454917     
  -7.1920155114575945E-002  0.81133791961008828     
  -6.6219710731797360E-002  0.80127157418737804     
  -6.3543525570956536E-002  0.78249536377426854     
  -7.1250581358415499E-002  0.77720244335437649     
  -6.9287879285168441E-002  0.76963306151939836     
  -5.1209093639041997E-002  0.77227737584492884     
  -4.6264412982209409E-002  0.77786265593667980     
  -3.1045329525357629E-002  0.77943599402602981     
  -3.7909801749843028E-002  0.78756147756962280     
           8
  0.61238152082920005      -0.31161464637108666     
  0.60141975315749263      -0.31710554760052606     
  0.58691521640123412      -0.31200957058696555     
  0.56445945972050526      -0.32984181775605997     
  0.57792985618881321      -0.35010038967347901     
  0.58538990248421696      -0.35918926340484564     
  0.58815602979986148      -0.34749404131363870     
  0.61052825038221148      -0.35461741998871382     
          12
 -0.27345307687070147       0.22889106005060139     
 -0.27585257357463289       0.25010950854640196     
 -0.28198551875007111       0.24384067263512507     
 -0.30652139231646225       0.25212733669200083     
 -0.30899876306820262       0.24140145959433426     
 -0.31681883518118825       0.22643265402761448     
 -0.31841187258674924       0.21575830151164571     
 -0.31020367305889751       0.21633441355765212     
 -0.30577643396626397       0.20809593649722805     
 -0.29251760427491869       0.20731197278028196     
 -0.27077685717573557       0.21069526467829860     
 -0.27214976048724548       0.22238641859248579     
          12
 -0.91594545221037083      -0.56029942387723908     
 -0.91840940395720161      -0.54979365280870085     
 -0.91798651447296775      -0.54176955667589499     
 -0.92748676624217841      -0.55082615838626081     
 -0.93629643345091351      -0.54734199925366256     
 -0.94438933996963492      -0.55105339666357878     
 -0.94569955297484964      -0.55830949343012626     
 -0.95402661092241159      -0.56459878388943840     
 -0.93195933936539299      -0.58946124758082707     
 -0.92816311489444170      -0.57948096909413571     
 -0.91526320171893627      -0.58567857773019949     
 -0.91812796907971461      -0.56972910775421504     
           7
 -0.92687420938606613       0.29763734103081657     
 -0.92051896219644025       0.31163252527087226     
 -0.95116397372603834       0.30517503469031959     
 -0.95943363136737947       0.29318024597404574     
 -0.96793431811978492       0.28000896723474594     
 -0.95670292823922187       0.27133045918238347     
 -0.93952972244137212       0.27436103103785126     
          11
  0.17466420884292216       0.48685611925645789     
  0.17756996397668973       0.49580805602496814     
  0.15719398590417047       0.49724686031748794     
  0.14719794216125509       0.48070342603173544     
  0.13994102692167204       0.48176470184146880     
  0.13542769377945035       0.47313145891792413     
  0.14697847674966108       0.46957646565686778     
  0.14012739705867944       0.44741330061171841     
  0.15325287051453651       0.45262832788538382     
  0.16279833290002024       0.45540887973881783     
  0.16714964298668492       0.44791639529234184     
           7
 -0.88983136851693090      -0.66121511641831821     
 -0.91101526814164024      -0.65245961106157246     
 -0.92168792563141844      -0.65103790915235238     
 -0.93734150662882232      -0.65143037856750430     
 -0.93611269017596221      -0.68424594945427364     
 -0.90948551423494639      -0.68388318725916908     
 -0.89127913079977539      -0.68186928962976612     
          12
  0.36030143782912288      -0.63189476540455025     
  0.36609753902711289      -0.61759416452522786     
  0.35633616508167221      -0.62284748412633606     
  0.33174579407341193      -0.61114227249241149     
  0.32058954069772755      -0.61652932287680562     
  0.31754105904540675      -0.62374244061653683     
  0.32338714441760058      -0.63763948512816393     
  0.31882836814835702      -0.64390448634830688     
  0.31560341171776890      -0.65475647586331287     
  0.32809949008824929      -0.65517853819341221     
  0.35745265527312836      -0.65374103245059156     
  0.36601123503763328      -0.63799434426484414     
           9
 -0.72269388927912648       0.47509119613437695     
 -0.73339658834207255       0.48235809618369496     
 -0.73230514559458904       0.49017068354830629     
 -0.75447443942424153       0.48583274171185215     
 -0.76475175136754414       0.49202610438674665     
 -0.76715036017343219       0.47709206345804855     
 -0.76325878726844454       0.45518093399962095     
 -0.74906716809661711       0.45164447469453978     
 -0.72261317116060031       0.45268503459570014     
          11
 -0.47108712615988207      -0.12959919356084015     
 -0.47813093095662340      -0.12206813352147362     
 -0.49642531454908850      -0.12191431151198107     
 -0.50206619413038167      -0.13225018426983837     
 -0.50715988351977548      -0.13953103249056020     
 -0.50421302195547735      -0.15475880351555865     
 -0.50869615640853216      -0.16659659598445697     
 -0.50188318800245857      -0.17206509434185208     
 -0.49145598577883476      -0.16174671568701943     
 -0.46447674118688076      -0.16891159030045372     
 -0.46899777979144441      -0.15382436329438243     
          12
  0.62644855554770218      -0.17720350563126400     
  0.62905677150922334      -0.16360403675249888     
  0.61501980073994023      -0.16573685958661427     
  0.59848555027200412      -0.15567748741717177     
  0.59281774213584060      -0.15892305534530732     
  0.58746185168799669      -0.18053339492858331     
  0.58510936565593441      -0.18641285372728747     
  0.58817521504777659      -0.19375248887546165     
  0.59451444030605571      -0.19366094559303898     
  0.59912393469479708      -0.20325817120719808     
  0.62991137083097581      -0.20361373417884010     
  0.62607057324560367      -0.19660346917651902     
          10
 -0.85354081158187012      -0.54289365266391831     
 -0.85258583335518956      -0.53024763375787820     
 -0.87108097566129639      -0.53326965066385057     
 -0.87545042643826221      -0.52421539708372189     
 -0.88194480583850476      -0.52713762064272784     
 -0.89594852352747112      -0.53221523280336391     
 -0.88691311875369516      -0.57238252409344548     
 -0.85635357197725526      -0.57222016839720402     
 -0.86123021496111374      -0.55795489923382691     
 -0.85179178769533570      -0.56647488996757578     
           6
  0.28696494315737381       0.32846681179659820     
  0.27611047955295254       0.33879665513880552     
  0.24278245114683444       0.33844551322490934     
  0.24358572614676061       0.30410960009838017     
  0.25788412695020457       0.30761330906580070     
  0.28873862222112762       0.31066200332180222     
           4
 -0.82367553439825691      -0.44828964294768869     
 -0.84041075951325206      -0.44503530263825897     
 -0.84222262773018230      -0.45617088955195856     
 -0.83451039957748563      -0.46609681025544658     
          11
 -0.93408994399874712      -0.82923923199988214     
 -0.96046419305390984      -0.81791734615797040     
 -0.96430875519189319      -0.82310252505454118     
 -0.96848475714485327      -0.83157896399921405     
 -0.96234678756340064      -0.84301571987857493     
 -0.96567181078368003      -0.85020231310318606     
 -0.96539574672373107      -0.85825431473557534     
 -0.95713903336199835      -0.85951246604879794     
 -0.95006724631524553      -0.85642437668038174     
 -0.94284967029607025      -0.85467983599874808     
 -0.93074514820805199      -0.84726279065885446     
           9
  0.89059386171495269       0.28629006693976217     
  0.88705115613323482       0.29794423730325370     
  0.87726600551400402       0.30167949600983684     
  0.85895015113789897       0.29850160024473416     
  0.84669881268723624       0.27516075612762564     
  0.87178444008107214       0.26194074738318923     
  0.88418299477195905       0.25685074092029264     
  0.88079518068733986       0.26692131931819962     
  0.88295644651187422       0.27671243594538236     
           3
 -0.76863222455363744       -5.8021129002444015E-003
 -0.81330466587288619       -7.2633571438037482E-003
 -0.77753884056294531       -4.8399298035724472E-002
           5
 -0.72596547882981943       0.43466934385770278     
 -0.73494297736768488       0.42655890534831126     
 -0.73234622243082825       0.40075910820384697     
 -0.69585696511336226       0.41347705234545523     
 -0.68777617869309393       0.41778752240429956     
          11
 -0.61477637079876946       0.71845444562206473     
 -0.65264093200133366       0.72815660693323114     
 -0.64646631013040756       0.71983017818696404     
 -0.65066362113694498       0.71074021862849823     
 -0.65222919979843652       0.70188645115172066     
 -0.65137892906288830       0.69127698906549317     
 -0.64218316484130289       0.69035056156999386     
 -0.63742993093300493       0.69604002479071714     
 -0.61060875274197979       0.68817352530435993     
 -0.61531544677937755       0.69854879474436493     
 -0.60632305704114076       0.70155867870861455     
           6
  0.82056559705794463        2.8150153055477269E-002
  0.81417227138131598        3.8149931644996755E-002
  0.78313829584053585        3.2024460301153621E-002
  0.79575944097214990       -1.1567004821878221E-002
  0.81863117700613675        3.0155084545668322E-004
  0.82142485658388098        1.5389115510601136E-002
          12
  0.97053810866717527       0.93112261646935435     
  0.96588618874897270       0.94272945415166565     
  0.95964444138640892       0.94653636536460706     
  0.95075519019121102       0.94041265178870526     
  0.93763011494806525       0.94189038555376270     
  0.94122436287800404       0.92822680050414674     
  0.92952001314639354       0.90455482678459176     
  0.94029906884862091       0.90372916720238861     
  0.95411120115309178       0.90658090789636192     
  0.97148757139926323       0.90214510959692695     
  0.97517762712418365       0.91538598784592817     
  0.97394424056029782       0.92246709456374998     
           6
  0.29491741157883672      -0.51727367965078019     
  0.29338640076793487      -0.50697489247626093     
  0.24787971801747286      -0.53487450770152134     
  0.27043453507501114      -0.53762243812566801     
  0.28804185202126664      -0.54226682774945656     
  0.28389743024139719      -0.53072921593283462     
           7
  0.99279268937275822      -0.62228520337042514     
  0.96337888321553067      -0.62140769462855894     
  0.95974071934225313      -0.63078388355221515     
  0.94907388808284188      -0.63359151153920157     
  0.96634580522975599      -0.65700722659091260     
  0.97495163345688940      -0.66436189640353716     
  0.98662240208156216      -0.64325827677537128     
           4
  0.23995306900184676       0.44504717046527897     
  0.22628390012668698       0.44443836984822549     
  0.21604553097486831       0.44116313510877431     
  0.25122955393303975       0.42815030079064076     
           7
 -0.38994288850490677       0.48143496844498318     
 -0.40000234220532788       0.47174360694414763     
 -0.42780535827614047       0.47521242429166355     
 -0.42845196664882879       0.43564857402706647     
 -0.39515137943431156       0.43447413524069378     
 -0.38805778344538516       0.44657737285904192     
 -0.39083782128262640       0.45646497347935439     
          12
 -0.22556277816237275      -0.93536806316265242     
 -0.23375537635217564      -0.92910944580861843     
 -0.24275591807043007      -0.91590348241632646     
 -0.27202058886997099      -0.91120221706253168     
 -0.27278091659449749      -0.92118232385373466     
 -0.27143878004899907      -0.93921659574988681     
 -0.27392551385351932      -0.95408112540690293     
 -0.26095512159461065      -0.95047079154332348     
 -0.25620546213474893      -0.95378169135291957     
 -0.24147231477402417      -0.94727362690181449     
 -0.22775491920719587      -0.95332508880904410     
 -0.23097241082026149      -0.94086667389768541     
          10
 -0.90504346379148792      -0.44636201820460975     
 -0.90868041892281881      -0.43542288123028045     
 -0.91436655668805056      -0.44028217388438312     
 -0.91978822601070709      -0.44377944202341518     
 -0.93074012422426822      -0.43662053570118081     
 -0.95072518349239377      -0.45373493297585804     
 -0.94458368236853918      -0.45689244754226560     
 -0.92198174240322517      -0.48485193637829549     
 -0.90847064658846755      -0.48505668639960964     
 -0.91269064565898750      -0.46686180261404753     
           9
 -0.39856550691580461       0.71698482226275329     
 -0.39354183042290880       0.72229293129984495     
 -0.40646323975940357       0.72473230504799346     
 -0.42298644958191861       0.71605023745965801     
 -0.43539129626196887       0.71754156573052663     
 -0.43637775512640009       0.68655438652171497     
 -0.43926227714836813       0.67693961690605009     
 -0.42427721692549841       0.67808963293081670     
 -0.39061156750033316       0.68346874802969326     
          10
  0.50312728949577334      -0.33221933827675604     
  0.51145482124106689      -0.31796692934092252     
  0.49436973233156234      -0.32120332206098900     
  0.47091823578784542      -0.32170692383670996     
  0.46786961255036841      -0.33129966329677307     
  0.46880736395673644      -0.35280785419634419     
  0.47551087300460249      -0.35924567980454036     
  0.48972046661774027      -0.36713805503062846     
  0.50123219962651677      -0.36302565623124727     
  0.50373117929839750      -0.34664640119575885     
          12
 -0.15111633307352207      -0.73800725009315671     
 -0.14794939922935407      -0.73190842563225300     
 -0.15783241734726416      -0.73861967843443177     
 -0.15979113313122756      -0.71512812444612639     
 -0.19350654130743006      -0.73959629883105071     
 -0.19821780241152276      -0.75490432749578995     
 -0.18481063093385344      -0.76520208849306248     
 -0.17901531101098458      -0.76403237857479878     
 -0.16246500493379468      -0.75962208520135888     
 -0.16481979664195276      -0.75317765030388706     
 -0.15246371428710975      -0.75704472293575775     
 -0.15300723185091136      -0.74944927887201640     
           6
  0.76020489104270117       0.60848581887250952     
  0.74939842352190633       0.60827957032703073     
  0.74826125778304120       0.59813154437300309     
  0.74041393315559967       0.58480825488199184     
  0.73782973427484988       0.56626072782809289     
  0.77889646542651980       0.59304129645663672     
          11
 -0.17235633783489904       0.75993080988223105     
 -0.16668803820583228       0.77143689903506985     
 -0.17600248375270941       0.76962657400834211     
 -0.17314521327006008       0.78090324882965556     
 -0.20863091885332827       0.77999999504021922     
 -0.20566256279290895       0.76850247746177480     
 -0.20342659720601614       0.75688770411340467     
 -0.20793388385579595       0.74772707598574040     
 -0.18376323356416807       0.73017985345935743     
 -0.17487412951954331       0.73383040735380567     
 -0.16520358163126569       0.74483193933436298     
           8
 -0.52450383986895854      -0.85318539303918939     
 -0.51899988502563166      -0.84575095860189264     
 -0.53526133015167565      -0.84743747060844499     
 -0.55604433424875943      -0.84278255497380783     
 -0.56059145189725623      -0.85740268465332747     
 -0.55440915867000418      -0.89002280314223869     
 -0.54605213880133019      -0.89091742292471954     
 -0.51555184616195271      -0.86513151208991024     
           3
  0.74921934845169658       0.33526548117088162     
  0.77080579872095067       0.29915154431652341     
  0.78863607028597982       0.31320182830022819     
          12
  0.93953874724711428      -0.19894071185425596     
  0.93570720154888787      -0.18966015510576051     
  0.94555075422558987      -0.18226447880227042     
  0.93433415232356409      -0.18042137465944436     
  0.92840475316047610      -0.18774363410051320     
  0.91512150872267628      -0.18869517934499455     
  0.89907916107233421      -0.18543862951750478     
  0.89905430056928681      -0.19466596953595564     
  0.89851152201673556      -0.22572535522415743     
  0.90960957540239162      -0.22807309233833981     
  0.91685198091049636      -0.21762246591732687     
  0.93058142767401431      -0.22543103241096174     
