   1.0000000000000000
   50.000000000000000     
          20
          12
   9.0000000000000000     
   7.0000000000000000     
   3.0000000000000000     
   3.0000000000000000     
   3.0000000000000000     
   5.0000000000000000     
   1.0000000000000000     
   6.0000000000000000     
   6.0000000000000000     
   1.0000000000000000     
   5.0000000000000000     
   7.0000000000000000     
   1.0000000000000000     
   3.0000000000000000     
   7.0000000000000000     
   10.000000000000000     
   2.0000000000000000     
   9.0000000000000000     
   7.0000000000000000     
   4.0000000000000000     
           1
   0.0000000000000000        0.0000000000000000     
          10
   3.4393767842533222E-002  0.13718512425745399     
   1.3866377852497939E-002  0.13869800520345266     
   4.8845919622035926E-003  0.15071336613763206     
  -1.1172504100489603E-002  0.14857937548814612     
  -3.8060808026989183E-002  0.13655207023647803     
  -3.8937067163244660E-002  0.12660148121384684     
  -3.3660503039616402E-002  0.11849608831546006     
  -2.4514288123251553E-002   8.1491359575427941E-002
   9.0468068804211849E-003   8.1520604636757033E-002
   1.1711314009404606E-002   9.2204444064484858E-002
           5
 -0.14720573694877009       0.40309596398341097     
 -0.19456957447871334       0.41207549304793328     
 -0.19582004279886167       0.38702417052683419     
 -0.19082593228041039       0.35676071728949982     
 -0.13014035426799958       0.38783609007368403     
          12
 -0.13971517426174937      -0.84034845566999772     
 -0.15168396659453934      -0.83708621224907831     
 -0.17018415789324959      -0.84669836920397190     
 -0.17943298920004341      -0.83025464225386758     
 -0.17524542863655188      -0.86076147821500515     
 -0.18909071208334965      -0.86960095314767594     
 -0.18352839874975740      -0.87761872296753662     
 -0.19105981197510180      -0.88898506073191674     
 -0.17684703788097306      -0.90050362938051220     
 -0.14376974748549459      -0.89851340806960511     
 -0.12350044212189201      -0.89991325817931855     
 -0.12652668031781983      -0.87089745338415647     
           8
  -5.5739889795869482E-002 -0.26528332075778344     
  -5.5402429489145887E-002 -0.24814363051581775     
  -7.2630706671328607E-002 -0.25956329978421006     
  -9.9476210550649175E-002 -0.24938721434148040     
  -9.4660901461738278E-002 -0.26383928414345231     
 -0.12277522728742016      -0.27734524931946314     
  -9.9987571171770373E-002 -0.32326181277507704     
  -9.3184387087315620E-002 -0.31261527322935312     
           4
 -0.66907153681241782      -0.27991037428263710     
 -0.67742395820664625      -0.30214029544862514     
 -0.67831438880057859      -0.31789157289889275     
 -0.61320071706443302      -0.30258489149637680     
           8
 -0.50984257203517336       0.24770402629627580     
 -0.49536996677068040       0.26542659066867907     
 -0.53802473998845568       0.25587042627970369     
 -0.55092982898179621       0.24710707975629412     
 -0.54671877363131038       0.22417879422886960     
 -0.55256402715395103       0.20186048858339622     
 -0.51599865832866287       0.19101702436080603     
 -0.49625726898019845       0.22479440315399229     
           4
 -0.19777160985108386      -0.43660294014129658     
 -0.23393651300836754      -0.43412401545160040     
 -0.17921010263626455      -0.48088951796420498     
 -0.18296452290177351      -0.45180238390512423     
           3
  0.30531786757103752      -0.17920346276173577     
  0.26946628078226498      -0.17807368278784749     
  0.34511264557765764      -0.21259332439232170     
           5
 -0.26960579960592879      -0.53246143978302363     
 -0.28708220552619401      -0.53135879654475160     
 -0.31435280339533489      -0.53944804174797223     
 -0.32936414440298534      -0.54892121220600398     
 -0.33267872105547636      -0.56351049808258735     
           5
 -0.65011307832464282       0.83711458467181121     
 -0.68001465711690923       0.83959877348481049     
 -0.67453589715946782       0.82157341518323723     
 -0.67989340618735472       0.78605213977776556     
 -0.61210580267236758       0.81552341694247876     
          12
   2.2871212329182870E-002 -0.85462567107275356     
   1.8599653935391935E-002 -0.84159636446711172     
  -5.7060029696866521E-003 -0.82448865360648660     
  -4.5760855402536722E-002 -0.82442832633213670     
  -3.6074644422254595E-002 -0.84850023797608287     
  -4.0550272556847976E-002 -0.85704572073716068     
  -3.3605442464634004E-002 -0.86700440317533267     
  -3.7325976870631744E-002 -0.88807496363897898     
  -2.4638549828150738E-002 -0.89695168016458504     
  -7.4244108471341972E-003 -0.89077375714840079     
   2.0316247096667999E-002 -0.88327086253522535     
   1.5275481913883105E-002 -0.86253568359389376     
           9
  0.54211339359802957       0.26886301073910701     
  0.49493894147233364       0.28499668543640488     
  0.47971654530562391       0.29146413480141603     
  0.48716252140072674       0.26116262908219068     
  0.47431170696071767       0.23507569741099169     
  0.49227696180209385       0.23933217819736394     
  0.50599691538305014       0.23316360466122404     
  0.51330134967653196       0.22521871349076719     
  0.53741048585231843       0.23595278280200935     
           5
 -0.60209508306070780       -8.1352410883011941E-003
 -0.61800527555707296       -1.9970333771612270E-002
 -0.64380363236913696       -7.1197545775540688E-002
 -0.61771287962585386       -6.3090600389651447E-002
 -0.60840851950472330       -7.5777547773694970E-002
           3
 -0.36988307889477895       0.68992255696753835     
 -0.42783245851608653       0.71255106231984822     
 -0.40698970255373557       0.66667706088569301     
          11
 -0.83246404405045615        6.0563525716161096E-002
 -0.84786229231361421        5.4952132878551163E-002
 -0.87530319212105234        5.0605886601820048E-002
 -0.89226371092774359        4.6740553095720519E-002
 -0.90531057152447270        5.6471542813428699E-002
 -0.90743242383611089        2.5946522430299220E-002
 -0.89697582946447119        1.3943894375253908E-002
 -0.90035465246549995        4.0015654474866852E-003
 -0.90324992378095170       -1.2152610157302707E-002
 -0.84202985845445111        1.6729688287340262E-002
 -0.83711619850134389        2.8607587798984372E-002
           7
  0.76647667758990723      -0.75642417607819357     
  0.71926529955563800      -0.74122691144542641     
  0.70470172857259328      -0.73861696919694875     
  0.69613740379793276      -0.75916232715309673     
  0.70778329059722844      -0.76732118789997561     
  0.73769220955588899      -0.80135853395551626     
  0.75769179552803745      -0.76581184819524761     
           3
  0.34184111792794952       0.53700678469593210     
  0.33150888360891567       0.47025814325101140     
  0.36527290006595237       0.47256291069992634     
          12
   8.1943486263114679E-002  0.64360669244346835     
   6.8558924664763918E-002  0.63215263276884925     
   5.3958996488334993E-002  0.64338456113498566     
   3.2311392712824932E-002  0.64016341017287937     
   4.2251140978645366E-002  0.61701097619613898     
   3.1916511469441328E-002  0.58746604047716888     
   2.4518998731158891E-002  0.58023484820195093     
   4.1819962454094708E-002  0.57394253725299671     
   5.3112100253994821E-002  0.58471859619137179     
   7.4339617128394014E-002  0.57636888953116205     
   8.7520838717469532E-002  0.57851275761681731     
   9.6854850516680996E-002  0.59942356224340676     
          11
 -0.39353690979841399        7.2247117541714603E-002
 -0.42871128920989371        6.8630251037859608E-002
 -0.43784967849416184        8.2241044595100926E-002
 -0.44315120639031041        5.8078647323880184E-002
 -0.43158407522855191        4.3088124062322139E-002
 -0.43794074935667088        2.3346729808342050E-002
 -0.41427966873535871        1.7198785913410258E-002
 -0.40619539566904822        2.5320440884832370E-002
 -0.38678399159530186        1.2671658520980685E-002
 -0.37428914337563524        2.0428677422357332E-002
 -0.38107710405785972        3.3262858412938169E-002
           6
 -0.51774095753850347      -0.30977154058959000     
 -0.53916202243576339      -0.30107744368001094     
 -0.57046038041278813      -0.30398193758135883     
 -0.57979844849634654      -0.31560704631152708     
 -0.58669922334255720      -0.33980851345416263     
 -0.52054977797725666      -0.34467950292341670     
