   1.0000000000000000
   50.000000000000000     
          42
           8
   10.000000000000000     
   6.0000000000000000     
   2.0000000000000000     
   8.0000000000000000     
   2.0000000000000000     
   9.0000000000000000     
   10.000000000000000     
   3.0000000000000000     
   8.0000000000000000     
   4.0000000000000000     
   8.0000000000000000     
   4.0000000000000000     
   4.0000000000000000     
   7.0000000000000000     
   7.0000000000000000     
   9.0000000000000000     
   4.0000000000000000     
   7.0000000000000000     
   2.0000000000000000     
   8.0000000000000000     
   10.000000000000000     
   5.0000000000000000     
   8.0000000000000000     
   3.0000000000000000     
   5.0000000000000000     
   9.0000000000000000     
   9.0000000000000000     
   5.0000000000000000     
   3.0000000000000000     
   6.0000000000000000     
   9.0000000000000000     
   8.0000000000000000     
   2.0000000000000000     
   7.0000000000000000     
   9.0000000000000000     
   9.0000000000000000     
   4.0000000000000000     
   2.0000000000000000     
   3.0000000000000000     
   2.0000000000000000     
   3.0000000000000000     
   1.0000000000000000     
           1
   0.0000000000000000        0.0000000000000000     
           3
  -7.3582309484762840E-002  0.13863132655965948     
  -8.6351525223300890E-002  0.13719956302252773     
  -7.4334091774145600E-002  0.11815700119781754     
           3
 -0.75350573315030156      -0.83639555228909945     
 -0.79931482262815989      -0.82357706985412826     
 -0.76249539789690768      -0.86963709111150145     
           6
  0.19301515652797369      -0.45372125059452989     
  0.17930789318299412      -0.45250587022646854     
  0.14772975796052773      -0.45885061579353426     
  0.16099616700189781      -0.49309400363543421     
  0.16997416560379031      -0.49556861394316482     
  0.18821695665186386      -0.49107604574718322     
           5
 -0.21994816096921890      -0.84788693496900547     
 -0.25670358899543133      -0.84873150760835259     
 -0.25065273924508980      -0.87172837732934327     
 -0.23589366551122951      -0.88786075800478670     
 -0.21934489883054079      -0.86478735806981333     
           4
  0.77757897840259405        1.7606664718864327E-002
  0.74787230738935673       -1.8413398711715823E-002
  0.75883112303306244       -3.0046713787564790E-002
  0.78346592304614038       -3.4078668691188752E-002
           8
  0.38738698852246922       0.10872433581993762     
  0.38360599285273905       0.11625341135023010     
  0.36533200198130233       0.12190789546071443     
  0.34417915690047474       0.11694444558659822     
  0.34804171607041035        9.0494660721848336E-002
  0.34820321825944101        7.8797285544492376E-002
  0.38289436840460683        7.5832695242210604E-002
  0.37971123425122583        8.2597584903332744E-002
           3
  -3.8488907294339375E-002  0.71937264858940653     
  -7.9597602063417969E-002  0.67584968121847488     
  -4.1995072035628619E-002  0.69563953135190248     
           4
   1.0856264345020968E-002 -0.30097953997018823     
  -2.3083977620355599E-002 -0.29223178424464769     
  -2.6484892477727871E-002 -0.31095429827651916     
   9.3971599302217525E-003 -0.34301769191283377     
           8
  0.32618188281567528       0.84665696271675683     
  0.29488683457362908       0.84090499328370227     
  0.28471738183362078       0.80975078986396831     
  0.30503279151757767       0.79787884247083340     
  0.31162297771456138       0.80607965910201629     
  0.31665385136187013       0.79851614836304807     
  0.33160516374391813       0.80620382634737675     
  0.32260837342854698       0.81355959836284397     
           6
 -0.25745643620713743       0.57293224530417897     
 -0.26162215616309142       0.58212229348977873     
 -0.28332249059571674       0.56929202538522727     
 -0.27638992663776163       0.55899304808724815     
 -0.28586822248031413       0.54497492669920156     
 -0.23400265117169805       0.55036570174227262     
           3
 -0.97403557156872433      -0.56742377725826199     
 -0.94320097841411021      -0.60341669886164506     
 -0.94240483004739084      -0.58561318870497825     
           8
 -0.51605738197012740      -0.20650530368293976     
 -0.53374845940074311      -0.18558606905798061     
 -0.56324993705739246      -0.19386528317427784     
 -0.55647322790030640      -0.20445572917751206     
 -0.56561099010472127      -0.21451556860435955     
 -0.55306181123270903      -0.22303828412059493     
 -0.53223405223396203      -0.22966728334228978     
 -0.53400182461395040      -0.22116758721521107     
           4
  0.53292699009311151      -0.25790374810163147     
  0.51802255124686425      -0.27957163524165818     
  0.51380138830504685      -0.29352362838957891     
  0.55183207586977667      -0.29374358311698345     
           5
  0.65409171674779110       -5.6865912542185044E-002
  0.63171548629394614       -4.4151709206280719E-002
  0.61731978719614322       -6.7790381388778173E-002
  0.63130592430732846       -8.5772228570508730E-002
  0.65219834488996553       -7.4678954495836794E-002
           4
   4.3878542317510330E-002  0.86079015677235904     
   1.9416835642669928E-002  0.83412818778997755     
   6.1393250975531735E-002  0.81551462079854065     
   6.1667751804267965E-002  0.83215669065110720     
           8
  0.96388669318537634       0.97478768249422432     
  0.95504172715397773       0.96814627409234721     
  0.92457977275843339       0.95971351323470566     
  0.91613832653500560       0.94659397603589324     
  0.91669093116280342       0.93352874128391028     
  0.93194046318980672       0.92888264645822372     
  0.96186084167779573       0.92193134975272284     
  0.95804871122395197       0.94070059225772873     
           5
  0.68356691816538739      -0.13251414996655542     
  0.65453018607093993      -0.13384296030427117     
  0.64568216765023467      -0.13833362742762831     
  0.65322199862640229      -0.15167526584820759     
  0.68436965640445757      -0.16431140028037311     
           5
  0.57395851231318062       0.52945792995863361     
  0.56706627318779856       0.52261713966744738     
  0.53619440151660136       0.52004476498815033     
  0.57348303933196743       0.50256853992718264     
  0.57678177596008695       0.51445350233874543     
           4
  0.72066831401497566      -0.69864440767337910     
  0.69477817369808670      -0.67947883783521523     
  0.68364791499065114      -0.71631993193694043     
  0.71985592241302121      -0.72218673064180594     
           5
  0.47172627188380067       0.44998530887960081     
  0.42985007526433783       0.44250284453773397     
  0.43133998287010739       0.41427549518966850     
  0.44521226594975688       0.40702988084572000     
  0.47030819133038659       0.40255596659350923     
           5
 -0.36950022935288912       0.16071156215662546     
 -0.39814215032768424       0.16689444352515170     
 -0.39812101498595232       0.14795039351312048     
 -0.37382444597764741       0.12520826725000975     
 -0.36708481347403144       0.13289748666206516     
           6
 -0.33669341960300980      -0.25855103937234791     
 -0.35028965380528532      -0.26209755007836583     
 -0.35519422322109678      -0.26982875485244678     
 -0.34527326840376987      -0.29935601443602422     
 -0.33832475061408329      -0.30878018360946674     
 -0.31474139059223072      -0.29166986481183488     
           4
 -0.39199166851898626       0.77606497881844494     
 -0.40632663405012859       0.75758264271321418     
 -0.39794074774880400       0.74559479119564076     
 -0.36488499923043377       0.73089071493002844     
           8
  0.80338469444817773       0.30417568912197923     
  0.80538894461141208       0.31469171757920955     
  0.76746060739472988       0.32464202451281332     
  0.76409985846806705       0.28610907927061602     
  0.77499275796481404       0.28912029776163245     
  0.76441743155852748       0.27833517492240534     
  0.78622831285276218       0.27829785359391668     
  0.80366370926965602       0.28977993827653004     
           3
  0.91409161430477237       0.57708009010755579     
  0.88040744129867632       0.55994672752793728     
  0.92285824863702559       0.55005459154486547     
           4
  -7.9997442875351488E-002  0.83611014116929105     
 -0.11621944844675822       0.82051904244291163     
 -0.12032932206398239       0.80617803523093523     
 -0.11466612396347269       0.78909418636248896     
           5
  -9.1497995603677426E-002  -4.3303704680597480E-002
 -0.10109941983083218       -4.2102900148501418E-002
 -0.12166120653068888       -5.5266335480565851E-002
  -8.4596099481377154E-002  -8.7966760614649031E-002
  -8.3625395152468598E-002  -7.6274853587935926E-002
           7
 -0.58747415380124846       0.73515549961856641     
 -0.60763144331226393       0.73194077577968419     
 -0.61089202723953495       0.71986127624330654     
 -0.61959965113454674       0.72308247473575415     
 -0.60931880557465246       0.70213486111908874     
 -0.60429758566358771       0.69267775039955370     
 -0.59481072699188353       0.69025459626875862     
           6
 -0.71659100116049967       -5.7941389101086017E-002
 -0.74061264042451169       -6.4800657583214197E-002
 -0.74658254289229142       -7.1081267132312387E-002
 -0.73194530133791935      -0.10366165089398423     
 -0.72180914680202413       -9.7627880430678604E-002
 -0.70323843440364031       -8.7342758359665193E-002
           5
  0.57046209343740095       0.15822011968779101     
  0.56213156955092902       0.13854360720462372     
  0.56425854608999393       0.12708414831543260     
  0.58113681315848087       0.12903673682947511     
  0.59960175008213457       0.12547765089779689     
           4
 -0.31747612030422218       0.45000182808023070     
 -0.34176728082475505       0.40328766325707655     
 -0.32044641469554985       0.39921171028426972     
 -0.32037258772982741       0.41061981096609529     
           8
 -0.58570454832440877      -0.53478403442172551     
 -0.59632372614421092      -0.53424838721637646     
 -0.61195826688281318      -0.53272165701592789     
 -0.62103181951741115      -0.53265622367276744     
 -0.62624246657899774      -0.55321857870067104     
 -0.62891773407301144      -0.56309848220223380     
 -0.59811034201021485      -0.57518991876819059     
 -0.59325032248913689      -0.56787731778051820     
           7
  0.48315060016503131      -0.63683253828658082     
  0.46396307996592795      -0.64407018575803798     
  0.45999758352658776      -0.63721514034681892     
  0.44351054275270640      -0.63845394335734085     
  0.44582137536884237      -0.66007471962928788     
  0.45001569920346030      -0.66958961432453135     
  0.48452042672270484      -0.65207662541080169     
           6
  0.74966432025181429      -0.26206104542703756     
  0.73465889581146360      -0.27052186523250049     
  0.71988954298884988      -0.26679338416450932     
  0.72249950107021366      -0.28552381192734977     
  0.71611266069696611      -0.29703526388464152     
  0.76610230953376013      -0.28344694201945897     
           6
 -0.50411820772416438      -0.89422007927511604     
 -0.52830687878284699      -0.87541355785527675     
 -0.53799433918448225      -0.87701203217245904     
 -0.53835137972443414      -0.89114057114011636     
 -0.54546371284036721      -0.90889592397629926     
 -0.49979789074130276      -0.92425806572671454     
           5
  0.80862597379703716       0.87967896102572762     
  0.77804460564663946       0.89544465992007782     
  0.76377976788366930       0.87965025962552512     
  0.77935880363381704       0.85393941054138200     
  0.79839587144650648       0.84477947234235073     
           5
  0.11863798275121289      -0.54212593390989927     
   7.8948547580406758E-002 -0.57185560041727612     
   8.2929562688370470E-002 -0.58514962405871240     
  0.11217930962565267      -0.58498099012803728     
  0.12484054338375843      -0.58102592757235805     
           8
 -0.45672760558344278       0.97651652457671179     
 -0.47592069294816597       0.98261602124648095     
 -0.48468334584787021       0.96965295994474721     
 -0.48136984889434098       0.96235346972980551     
 -0.48474886511352955       0.93751562915183451     
 -0.46959137111681221       0.93610156166697644     
 -0.44692799635842817       0.93871933257264328     
 -0.43955187898045001       0.95336016395508127     
           5
 -0.20066350544771980       0.22738642755743477     
 -0.22487277070066949       0.22077981607505451     
 -0.22281959160702472       0.19840840422563810     
 -0.19603185588168640       0.19159482747159090     
 -0.18575856600086466       0.20401566075581870     
           3
 -0.73663691177636759       0.64699742482421796     
 -0.76377407867346891       0.66066861704791502     
 -0.77540643585782065       0.63051366184930446     
           3
 -0.77554776218273858       0.36473124940290630     
 -0.82255976131880704       0.36519698531400352     
 -0.79729236751088239       0.35617151731921254     
           8
  -5.5080436893437515E-002 -0.68239551901674544     
  -6.9499859686025484E-002 -0.67714034259520550     
  -7.7918085304340245E-002 -0.67415690815975138     
 -0.10278936115919407      -0.68910804755183197     
 -0.10385941434820799      -0.71353654729654648     
  -5.6675871167071859E-002 -0.71728292904278568     
  -6.4371405409875307E-002 -0.70168592346818415     
  -6.0764470428324141E-002 -0.69477932557813260     
