   1.0000000000000000
   50.000000000000000     
          32
           8
   2.0000000000000000     
   8.0000000000000000     
   6.0000000000000000     
   5.0000000000000000     
   5.0000000000000000     
   9.0000000000000000     
   9.0000000000000000     
   2.0000000000000000     
   4.0000000000000000     
   6.0000000000000000     
   2.0000000000000000     
   1.0000000000000000     
   1.0000000000000000     
   10.000000000000000     
   7.0000000000000000     
   4.0000000000000000     
   9.0000000000000000     
   9.0000000000000000     
   7.0000000000000000     
   8.0000000000000000     
   5.0000000000000000     
   3.0000000000000000     
   6.0000000000000000     
   8.0000000000000000     
   10.000000000000000     
   7.0000000000000000     
   7.0000000000000000     
   2.0000000000000000     
   4.0000000000000000     
   1.0000000000000000     
   4.0000000000000000     
   6.0000000000000000     
           1
   0.0000000000000000        0.0000000000000000     
           8
  0.91182395008538242       0.25154425458475610     
  0.86893307029309219       0.26935873583190728     
  0.86092312819529704       0.24572323596248444     
  0.86577571915904250       0.23521114601901399     
  0.86478042293133028       0.22503493785654879     
  0.86424423207377854       0.21514999782872418     
  0.91836942846677427       0.21807273912645880     
  0.90691509465521414       0.23497811071186703     
           7
 -0.72813939390654847      -0.62989683163819199     
 -0.74806576829141558      -0.62598610613768868     
 -0.77617547346820492      -0.62046697197342715     
 -0.78402851283329866      -0.64023971627146548     
 -0.75946153914790715      -0.66584628917965982     
 -0.74247548366457949      -0.66924124254248041     
 -0.72846811821832025      -0.64341441947774969     
           5
  0.25361217829348598      -0.39619618179261740     
  0.20251168625217530      -0.38982503643503824     
  0.20861625874007622      -0.42389543342701758     
  0.23436903345118323      -0.42184832308513409     
  0.24450943861229946      -0.41530759868910394     
           7
  0.53437048180772806       0.94348763807602110     
  0.52815391494442476       0.93238587438362142     
  0.52407368725558834       0.94171189168825120     
  0.51021323519585626       0.93556861371690592     
  0.50226984096572869       0.92813274171440541     
  0.52342227126649177       0.89359271604748036     
  0.55312458135794029       0.89430894825294294     
           8
  0.84770848602409576      -0.23020915419160676     
  0.80459894762837791      -0.21315520734656587     
  0.80839862790233719      -0.22237387262174438     
  0.79423877893308570      -0.23902703723370031     
  0.79918860542809511      -0.26870712925743656     
  0.82962355786288322      -0.26315698745363331     
  0.84298150992860899      -0.25179149791039313     
  0.84106549624945848      -0.24344329253341324     
           7
  0.93778787595334279      -0.24798563562190809     
  0.94584091802108095      -0.23481586360247531     
  0.95167485308076927      -0.22469624980588135     
  0.90032222678133123      -0.23057577537816354     
  0.91097013723168130      -0.26760775277642473     
  0.90721673233461309      -0.27672299433212866     
  0.94393025368045014      -0.25903581283860322     
           7
   5.8267988932429286E-002 -0.60326205076016659     
   5.0846480830047773E-002 -0.59628360235068323     
   4.0837366581387299E-002 -0.60075872914656880     
   2.5967165167843056E-002 -0.61504293141596611     
   5.5313958971809192E-002 -0.64947631792026606     
   5.8076370050101474E-002 -0.63946394109181515     
   7.1885913369472615E-002 -0.63162245257033667     
           5
  0.92178664945504729       0.67484719979828767     
  0.89552846111815565       0.69029013528422412     
  0.88315587461951250       0.64467072781596124     
  0.90464193092932399       0.64479387255889165     
  0.92369715379344763       0.63514074798873643     
           6
  0.80709868529553086      -0.64581703214774633     
  0.76470850783183664      -0.66343812502078348     
  0.76613961948107678      -0.67698135405187487     
  0.79073271855651839      -0.69215920128694075     
  0.80931471034295410      -0.69456538617656904     
  0.81849232567855079      -0.70300096029960601     
           3
 -0.95014606465551488       0.60638433074535136     
 -0.97343449958321870       0.56488207212935992     
 -0.93824886716875977       0.56174503423518451     
           5
 -0.23479531511481774      -0.35233232064490427     
 -0.25488539088713619      -0.34407485398432613     
 -0.25689474834484716      -0.37362444595318323     
 -0.22864756609201414      -0.39558161820871873     
 -0.21494627658618601      -0.37004466720142243     
           5
  0.82466358901673675       0.41921682556553880     
  0.83677182608072576       0.43099682089087099     
  0.81073536998127071       0.43762161401190430     
  0.78392674973283361       0.38754194566877470     
  0.79414754522156750       0.39798354808530712     
           7
 -0.65018881859167121      -0.78118026089446735     
 -0.67458590446938116      -0.77841975145024189     
 -0.67715185878646011      -0.79339449463128342     
 -0.68520922755860780      -0.81804594410491838     
 -0.63551960795371532      -0.83813687187271790     
 -0.64121370936200173      -0.82508756171440134     
 -0.63610478547172267      -0.81401920438327424     
           3
 -0.85713644829103308       0.27682674220092879     
 -0.88258961456231466       0.28884470835043946     
 -0.90342944225172761       0.24965663354111886     
           6
 -0.11245500850676474       -2.0091029061941774E-002
 -0.13045084485387876       -2.5366588132130864E-002
 -0.16353074813742241       -2.6366822756971890E-002
 -0.15974948326187385       -3.8906871337090115E-002
 -0.16495686079342969       -5.1280001575268436E-002
 -0.16721304634369022       -6.5136783165011092E-002
           5
  0.89013194504977233      -0.32805907084302788     
  0.87466017862189982      -0.34870128206160095     
  0.86537920096137533      -0.36283348340963667     
  0.89431496297928259      -0.38566957629083676     
  0.92030499402234056      -0.37647612603835656     
           3
  0.29066253397862002        6.0852003698364493E-002
  0.24662202663941468        4.6608024324404793E-002
  0.29284405340866926        4.4540174032011104E-002
           4
 -0.62438184393414076      -0.28142553275362797     
 -0.63625010482787014      -0.30158410927059798     
 -0.63478704460278446      -0.32930281607552309     
 -0.58777284587755374      -0.30581845409636083     
           3
   5.7510426346573121E-002  0.74811211985156423     
   1.7539253797957927E-002  0.72517691301690579     
   1.7560008291533105E-002  0.70657422519431290     
           4
  0.51874685049161628       0.81868579205290604     
  0.50753225773743194       0.82326104020891555     
  0.48470386030480622       0.79771627321670047     
  0.53364762359494256       0.79565319247930277     
           7
  0.73695180302957342       0.85252161727718667     
  0.73003689637919533       0.86197381511827109     
  0.71892406059517611       0.86213564124878317     
  0.70901959767176914       0.84065527484185421     
  0.70742522258094420       0.80466855765424306     
  0.75065993807014908       0.80939974011740567     
  0.74996558228443511       0.83567556896398709     
           6
  0.94125258935555933      -0.49269687228149411     
  0.92134111382747585      -0.48333003504583577     
  0.92130753363380313      -0.49657715809191683     
  0.91031894487149212      -0.49026191904214073     
  0.93567567858830714      -0.53085349563442297     
  0.93955181717285163      -0.54101944959583659     
           4
  0.88626090129607082      -0.93044628659154816     
  0.88700625567547453      -0.95691016108939275     
  0.88169264017027638      -0.97894485118908647     
  0.89393137264106692      -0.97846932179384782     
           4
 -0.90590710094248883      -0.46339564100342512     
 -0.92702776260219066      -0.44605525703031806     
 -0.94885030867867093      -0.46773550295157634     
 -0.89940441447470476      -0.48122392578644063     
           8
  0.62554068163814269        6.2924465458482383E-003
  0.61531787136459337        2.3225599292027728E-002
  0.60578222795458214        1.5533195294098436E-002
  0.58264135996733935        4.6987627353784929E-003
  0.59383738484905713       -5.7605001804291230E-003
  0.58371530272363104       -1.0532181515074113E-002
  0.59532985460193844       -2.9091221778553941E-002
  0.62651119782337850       -3.2586057852653956E-002
           5
 -0.59477196543483690      -0.15581044765097946     
 -0.62408295147531323      -0.13192841574018460     
 -0.64310464113982502      -0.17105524086298762     
 -0.63313650668184462      -0.18171777690307880     
 -0.59745906373981106      -0.18602315801409813     
           5
  0.17514933987058401       0.27526135296753107     
  0.14439831952573579       0.28519803622248802     
  0.17077476813183279       0.23652640789703541     
  0.18290720237506669       0.22632768989305238     
  0.19971510363000117       0.22931955420752470     
           8
  0.85935602954465173       0.49777074772497537     
  0.83632157048335432       0.49947107038439625     
  0.82461508633074787       0.50385546542173854     
  0.81731997323225569       0.49185121971301116     
  0.80811597515139044       0.48553269900636520     
  0.82786993191964964       0.46194953834458058     
  0.83808963051909457       0.45395572248122129     
  0.84833973604395008       0.46711315354087335     
           6
 -0.29457408416128095      -0.89956405615581159     
 -0.30323435679372501      -0.89183825520682825     
 -0.34886188858840000      -0.87976406690836229     
 -0.34687331821783929      -0.89339683088929678     
 -0.34187539840578518      -0.91085670958118325     
 -0.33750777237783502      -0.92762108238755847     
           3
  0.81330658535858624       0.55684222698993280     
  0.81264831630656731       0.57725535348218604     
  0.76276141206935866       0.52715737442219779     
           7
  0.30284357346802426       -7.7237910191474302E-002
  0.24975724880239261       -7.2457943359038338E-002
  0.25982672144729835       -9.4572391334118142E-002
  0.25248396737811390      -0.11119426523005005     
  0.25884496110602329      -0.12219993037370885     
  0.30696112342373100      -0.13289826733349464     
  0.29946025361616285      -0.11253263974614995     
           7
  0.20131186301909729        9.0008317851194231E-002
  0.17385084965869210        9.7861456879056896E-002
  0.16777388666636414       0.10606669751126128     
  0.16136784647907010        9.4823442457663054E-002
  0.14856449978531655        9.6649419023491570E-002
  0.15172546378741197        6.9043994966946659E-002
  0.18583216440436523        5.8524329198740267E-002
