   1.0000000000000000
   50.000000000000000     
          58
          12
   3.0000000000000000     
   1.0000000000000000     
   4.0000000000000000     
   8.0000000000000000     
   2.0000000000000000     
   5.0000000000000000     
   5.0000000000000000     
   1.0000000000000000     
   3.0000000000000000     
   3.0000000000000000     
   3.0000000000000000     
   9.0000000000000000     
   2.0000000000000000     
   5.0000000000000000     
   10.000000000000000     
   8.0000000000000000     
   7.0000000000000000     
   8.0000000000000000     
   3.0000000000000000     
   3.0000000000000000     
   7.0000000000000000     
   1.0000000000000000     
   7.0000000000000000     
   6.0000000000000000     
   1.0000000000000000     
   6.0000000000000000     
   10.000000000000000     
   9.0000000000000000     
   9.0000000000000000     
   4.0000000000000000     
   7.0000000000000000     
   3.0000000000000000     
   7.0000000000000000     
   4.0000000000000000     
   4.0000000000000000     
   9.0000000000000000     
   7.0000000000000000     
   2.0000000000000000     
   4.0000000000000000     
   5.0000000000000000     
   9.0000000000000000     
   9.0000000000000000     
   2.0000000000000000     
   5.0000000000000000     
   2.0000000000000000     
   9.0000000000000000     
   5.0000000000000000     
   8.0000000000000000     
   7.0000000000000000     
   3.0000000000000000     
   7.0000000000000000     
   1.0000000000000000     
   5.0000000000000000     
   9.0000000000000000     
   3.0000000000000000     
   4.0000000000000000     
   1.0000000000000000     
   8.0000000000000000     
           1
   0.0000000000000000        0.0000000000000000     
           6
  0.15648687628692079       0.83574996955536840     
  0.14424903049866150       0.84143691262417153     
  0.12199464058176038       0.84231817932426090     
  0.12675042483746407       0.80860255835710593     
  0.16060437500811642       0.80903766314461045     
  0.15997181493486065       0.82129703977316248     
           6
  0.47628378232462198       0.55146342792255987     
  0.45163432697794981       0.55348611533484737     
  0.45805079606376187       0.54805440167106478     
  0.47617354977942600       0.51822034471711742     
  0.49605438153237930       0.51606605464088040     
  0.49672944595018170       0.53588895784378654     
           4
  0.33855995507651027       0.97244055510457972     
  0.32200029875386932       0.98241235518700432     
  0.30493326537409549       0.97075800178762406     
  0.30558119060018302       0.94382545321665345     
           8
 -0.32573666222505532       0.30452788559964644     
 -0.34830667806648974       0.32253250258733285     
 -0.36183857983018153       0.32127254821494239     
 -0.35806778822387147       0.28964673441489730     
 -0.35037645741928791       0.28696522467400787     
 -0.33769963450924384       0.29045378663103860     
 -0.32472813632460562       0.28858848555302063     
 -0.33073042365280919       0.29583296191056424     
           4
   1.7659667606058079E-002 -0.14775903721195094     
   5.4590272020042102E-003 -0.15356355816884112     
   3.1514088697864540E-002 -0.18422264692794346     
   4.2148538094618826E-002 -0.16506436164523114     
           7
 -0.24928909950570372      -0.27887751320813436     
 -0.24660597985943344      -0.26019527256418790     
 -0.27651159208448206      -0.26481723548701913     
 -0.27598047231723921      -0.29900617916310873     
 -0.26458402782713847      -0.30001525252924416     
 -0.24826739213030913      -0.30070527684352494     
 -0.23977214076496298      -0.30120105333428471     
           6
 -0.50915599514705123      -0.10581517148521519     
 -0.50579416801200094       -9.7052698913953683E-002
 -0.52692862777070670      -0.10466065883022109     
 -0.54581105844474942      -0.10667011401785256     
 -0.53620752988941123      -0.12956302332884453     
 -0.51234551568103204      -0.12971708612892355     
          12
  -7.6689778168781961E-002  0.38148630652157256     
  -7.8543249099409004E-002  0.38802995482823360     
  -9.3749621695493335E-002  0.39970004834794798     
 -0.10835620198932806       0.39421342910971069     
 -0.11868957052785539       0.38638815971415752     
 -0.11054759118461992       0.36161424529726233     
 -0.10859389124784605       0.35664184718915620     
 -0.10224469795739133       0.35765290589415721     
  -8.9023554022091764E-002  0.36688253720255465     
  -8.0615451009577288E-002  0.35723263779316872     
  -7.9213210311807641E-002  0.36300485965136403     
  -8.6054316315871890E-002  0.37284745607392095     
           7
 -0.40489254558393706      -0.72720489369546837     
 -0.41518210346001994      -0.72647848094871748     
 -0.43125019890688576      -0.73327367447707203     
 -0.42928051141316448      -0.74245849855628554     
 -0.42492934037051810      -0.75362600173754979     
 -0.41531396046559332      -0.75927680893630145     
 -0.38767702928822273      -0.76720759755058354     
           8
  0.94059512001741163      -0.59217608699193269     
  0.94220334940811645      -0.58127898038957670     
  0.93707186192743852      -0.58495566309565727     
  0.91823863714389309      -0.57870760345248529     
  0.89891914459895372      -0.60318882458705170     
  0.90036937539697937      -0.60959287448145527     
  0.93558453302704658      -0.61074294590129652     
  0.93834536931095203      -0.60496777185445971     
          11
 -0.56937024873184394       0.80085162203433236     
 -0.57604424839165169       0.79912582532486676     
 -0.57834423989298467       0.80616887038131235     
 -0.58125117572033747       0.80113632988350725     
 -0.58532938810736201       0.80584581574541436     
 -0.60700232970920320       0.79966415517304112     
 -0.60556982140503524       0.76831344659736711     
 -0.59511765037687747       0.77147332491558829     
 -0.58864411828200103       0.76989607004764582     
 -0.57617068617108269       0.76643666591775061     
 -0.56839234653301107       0.77056437748878226     
           8
   2.2941141782616772E-002  0.28292069367134842     
   2.3115407669903779E-002  0.30071097505774963     
  -1.0457664263747269E-002  0.29046460940084534     
  -1.7248025343608434E-002  0.28894537755027555     
  -1.8039217237157401E-002  0.27326094117166044     
   3.8819455593667291E-004  0.26939634065183143     
   9.6870952167907361E-003  0.26652714227577218     
   2.1825060701947473E-002  0.26512960107326694     
          12
  0.18197712930333371       0.63428129342969430     
  0.17900856589471537       0.63964929434722373     
  0.18211854123406593       0.64572571817087931     
  0.14984212685515333       0.64066511075291754     
  0.14146283053091344       0.63412431141981351     
  0.14623674395595621       0.63219034394928308     
  0.14234112708086083       0.61274258216611854     
  0.14962667745021252       0.61299168712311369     
  0.15273319361215476       0.60641559884282936     
  0.17576960840654843       0.60360637745392554     
  0.18560823101658400       0.62015334204904238     
  0.17912125522580116       0.62321181280709925     
          12
  0.70605820508566530       0.39909554122897606     
  0.70849693250833901       0.40400711366903153     
  0.71080330925953072       0.41330919779402614     
  0.70452961870351638       0.40766788409549076     
  0.66865123711819185       0.40605417591763032     
  0.67822029090337177       0.39506027832670221     
  0.66704191353745101       0.37676701737952561     
  0.67711256031064404       0.38115818876834717     
  0.69022760803519434       0.38117822732143336     
  0.69551043788997213       0.38125676605779024     
  0.71120760592232402       0.38544081972087152     
  0.70783304340567843       0.39006420166577949     
           9
  0.33181336450709842       0.44949793984479414     
  0.29987530976283400       0.44551238725888159     
  0.30381779338189224       0.43390362806928484     
  0.29790928008207651       0.42520230862456054     
  0.29931065572602661       0.41643557093828315     
  0.30913774404508393       0.42106923745194275     
  0.31934054821300017       0.41782149467196550     
  0.32561127651939104       0.41916216154588481     
  0.33939783616078489       0.42478410228353852     
          10
 -0.12694717588780899      -0.92862623668258271     
 -0.12888458940351871      -0.92284325533492528     
 -0.12897619519497938      -0.91594178409570692     
 -0.14518168133576423      -0.91208235784358582     
 -0.15271380351866348      -0.91724861671335123     
 -0.15804931566151173      -0.93852660169616431     
 -0.16455593639858537      -0.94723956506479867     
 -0.14695412482435549      -0.95377285176735782     
 -0.13898631340621426      -0.94920471439904408     
 -0.12796591110086525      -0.94781710582155099     
          11
  0.51831747875146084      -0.61611888464532949     
  0.48027137373032824      -0.61646841777355232     
  0.47495382660395552      -0.60872366643781350     
  0.47508562190923320      -0.62244821791747063     
  0.48383487835340983      -0.62955359867886362     
  0.47785118558379935      -0.62819155423047379     
  0.47425673621846193      -0.63484994784577009     
  0.48206380184514236      -0.64826925430090010     
  0.48510882075260225      -0.64225439892111702     
  0.48743592410096015      -0.64848745700475485     
  0.51508990286033751      -0.64281483041674792     
           8
  0.33776774066471715      -0.55596378612173758     
  0.33049859333909631      -0.55344223068015330     
  0.31980631060095566      -0.54391606749650323     
  0.30354893120725823      -0.54799477359179827     
  0.30118823417658974      -0.56054014293105514     
  0.29563155316177553      -0.56916098604256393     
  0.30298681251672399      -0.57994590769733600     
  0.32953172657598451      -0.56511183095757944     
           8
  0.37077703675271234       0.32500502804950282     
  0.36458238255981318       0.32863727389762171     
  0.33628184737623934       0.32741676666566566     
  0.33090135213824245       0.32336790567906970     
  0.33860808308669399       0.30660131834133258     
  0.33749484127867713       0.29104399861484914     
  0.35175756474440628       0.29403599777831307     
  0.36819865857949396       0.29276330368221931     
           5
  0.97638128950113778      -0.14156217367973178     
  0.96106333341356165      -0.14035463515942848     
  0.95044533287507293      -0.15597225515889412     
  0.94978053883474234      -0.18512445458356214     
  0.96346967855969590      -0.17934727594431740     
          10
  0.92319475334440737       0.18939019415110414     
  0.92654015619116903       0.19502494904254661     
  0.92533353451226608       0.20203803024952502     
  0.89091922562394921       0.19923165537718066     
  0.88821167829473602       0.17936629089073075     
  0.89680368231101781       0.16750054516149973     
  0.91064145438397026       0.16961805374917752     
  0.91469534293856669       0.16547085964787545     
  0.91876352558562679       0.17413506459612815     
  0.92501267772435369       0.17673214232222928     
           6
 -0.85786558633762633       0.64687654372321846     
 -0.85370278595882165       0.65377507518586986     
 -0.87777836172948653       0.65798468586123326     
 -0.89681563553336918       0.64622205551737810     
 -0.88847805161671900       0.63399065945398625     
 -0.88858160311918666       0.62206409619021419     
           4
 -0.24709415235868187      -0.12582677367318509     
 -0.26320515463173477      -0.12598287336671937     
 -0.28134259045487009      -0.16096746629026287     
 -0.27165886695609615      -0.15511455660642079     
           9
  0.12502738763220797      -0.87150457482132515     
  0.12447317680995201      -0.86151993196956100     
   8.9133369374624905E-002 -0.86300853806395572     
   8.6350733717523095E-002 -0.87127871664216283     
   9.3703728589013852E-002 -0.87463692917351921     
   8.9662674034816939E-002 -0.88221810334566331     
  0.10380301522881004      -0.88924022835873584     
  0.12811993612230338      -0.88540591084390285     
  0.13097546592362372      -0.88012268051968101     
          10
  0.51191582482863807      -0.81103221499671629     
  0.50264965800680461      -0.80383597537116336     
  0.48056576151139446      -0.80308237732162857     
  0.48479267732990294      -0.81025683309966889     
  0.47492460482772075      -0.82142342642926758     
  0.48489455322348224      -0.82649222842172210     
  0.48181442210322806      -0.83132157046519550     
  0.47762449695697951      -0.83924724238176751     
  0.50102682975001622      -0.83266681125214337     
  0.51067279656513531      -0.82458812738917242     
           6
  0.32081686528971093       -6.9519962114913986E-002
  0.30390494003545138       -6.6967358059378021E-002
  0.29695982855623243       -7.6681243852545447E-002
  0.32483367641461147      -0.10551104334647840     
  0.33597082915052906       -9.7791899899819013E-002
  0.33948408298129845       -9.1210377842035104E-002
           8
  0.65067027790733878       0.12972084357119087     
  0.64062468244970305       0.13699418937635555     
  0.64318319096724619       0.10820190639455228     
  0.64417312512617775        9.8192284835749030E-002
  0.65817613383168005       0.10280303823609967     
  0.66388359238647632        9.8332570360121913E-002
  0.68114461388935044        9.5361761679226109E-002
  0.67583532087730258       0.10537576467917778     
          11
  -9.5684385892841520E-002 -0.48588972955241450     
 -0.11557080369360868      -0.48664837988819382     
 -0.11673787857540326      -0.49726051864441995     
 -0.11627273942683365      -0.50323865542207635     
 -0.11274932654600546      -0.50785750941675756     
 -0.11779958771610102      -0.51094006809310133     
 -0.11297700192913911      -0.51358353554553426     
 -0.11489358254017008      -0.52154898604305799     
  -9.2488067778189645E-002 -0.52968440696045893     
  -8.2114040629913704E-002 -0.52079812248369617     
  -8.1845556188284346E-002 -0.51148248918134220     
           8
 -0.63098582497018596       0.78542806576137303     
 -0.62816770134908995       0.79882798142120703     
 -0.64678510334876826       0.79353896171143068     
 -0.65647941527913001       0.79166981272084236     
 -0.66577161577079946       0.77069110679088271     
 -0.65620225219209916       0.76490390889627591     
 -0.63507375188131465       0.76332319279636673     
 -0.62836140490525838       0.77274997732806527     
           9
 -0.41567971517769503       -6.9955089790551553E-002
 -0.44394460415391418       -6.3386263781218713E-002
 -0.44860519832449536       -6.7302655673279796E-002
 -0.45504422991428084       -7.7191885509742167E-002
 -0.45419001859263136       -9.4001103388511212E-002
 -0.44717557862356289      -0.10171623623122676     
 -0.43100503018519248      -0.10145715319476199     
 -0.42036900953840911      -0.10137675127045101     
 -0.42167810708431241       -8.8212028029946446E-002
          11
  0.14863896758589512      -0.40934002447945034     
  0.15564894857012054      -0.40102555038419224     
  0.15000339117057510      -0.40235766595297018     
  0.14178681492017195      -0.40321514016756510     
  0.14144613702346984      -0.39776734274266662     
  0.13165457096046948      -0.39669492547646718     
  0.12454215778449589      -0.39812370757417515     
  0.11781534279866460      -0.42328491940693225     
  0.11792019557794850      -0.43497367928887942     
  0.12897012057459148      -0.43774290670709337     
  0.15395311263887501      -0.42877754073047325     
           6
  0.27914935932304125       0.95481283704524955     
  0.27308407379011390       0.94942178635450469     
  0.26401784962530661       0.95109895039527259     
  0.25637204491236337       0.94567747817569581     
  0.27494155848065593       0.91936563574431041     
  0.28961011075905446       0.92024009980146626     
           3
 -0.71744501560122076        4.2076318495683301E-002
 -0.73991780592556744        1.1172545066715053E-002
 -0.71937072425524118        1.7153497267201390E-002
           5
  -2.8884736704543404E-002 -0.20325750458097763     
  -2.8161095557103031E-002 -0.18575139310952216     
  -6.5314992253139040E-002 -0.20109686354694464     
  -5.7261733592996085E-002 -0.21596517297904291     
  -2.7935397103972175E-002 -0.21325162953757221     
           3
 -0.19765066094723319      -0.56810011316713127     
 -0.22567389144869315      -0.54822085306664636     
 -0.19943011242869510      -0.59111629547506861     
           3
 -0.12590773584596018      -0.34909315983896683     
 -0.13923576460354656      -0.38078657801544963     
 -0.11238591755846691      -0.38084854214185698     
           4
 -0.94589595823317307      -0.69615204975712164     
 -0.94859838960601162      -0.72100530065092860     
 -0.93948930464136204      -0.73009512330431714     
 -0.91517248948349394      -0.72803790444147620     
           4
  0.82654078826844546       0.93642436487558378     
  0.81524683947077481       0.93161500220544158     
  0.80370682688619299       0.93042688930202233     
  0.81058004222824187       0.91441534521563095     
          12
 -0.16526001810539054      -0.65272834917919609     
 -0.16828271465922118      -0.64745846789292605     
 -0.16929725245178434      -0.64158917340220678     
 -0.18051520461611492      -0.64272783225836105     
 -0.18510763218140541      -0.63811515396976060     
 -0.19498899299557040      -0.64518899380687833     
 -0.20990339184957474      -0.63879153768942287     
 -0.20887355784838255      -0.66049274933735136     
 -0.20471216736263734      -0.67729029052518064     
 -0.19876639231593615      -0.67913314754345921     
 -0.19226527860031067      -0.67200492845891990     
 -0.16580777941458924      -0.67080438816703947     
           9
  0.57734640611714183       -4.5531758507808925E-002
  0.56047990348526600       -5.2821144208208173E-002
  0.55891889271872053       -4.3374838723878567E-002
  0.53741130574886176       -4.5080038019186336E-002
  0.54281457606349515       -6.7623407381668763E-002
  0.53969048260355057       -8.3553671039985386E-002
  0.55144969572958746       -8.2618548305898432E-002
  0.55787723513625187       -8.3934909796053503E-002
  0.56895522857808467       -6.9816604884905736E-002
          10
  0.40273815642748606       0.85599905769614093     
  0.38303899809216979       0.86398434395971657     
  0.37853261121854964       0.85913468402793569     
  0.37293872634456304       0.86203093617267779     
  0.36750302872255308       0.83991325903014069     
  0.37875019749133487       0.83175068032409405     
  0.38136954097539411       0.82472226243156754     
  0.39285559772103723       0.82879224224535908     
  0.40396221990944053       0.82372918219298641     
  0.40459374372273532       0.83953926699815939     
           4
  0.45222363224221079       0.49501169509523529     
  0.42357300271824982       0.47743446406733103     
  0.43530434715724614       0.46483938968578564     
  0.44457912492995821       0.46590975368560544     
           9
  0.81285987546102967      -0.16896324984469743     
  0.80242996184551030      -0.16192985473144239     
  0.79239694020069018      -0.17075784992429727     
  0.77491119554568588      -0.16938080349275289     
  0.78225549192516441      -0.18247692348134964     
  0.77450695264030789      -0.18609480714004270     
  0.77718019371551539      -0.19698406255451559     
  0.78994039717241826      -0.20218101006688860     
  0.80709607674165607      -0.20168427606718034     
           6
  0.90718656000075959       0.80063226422887401     
  0.89020201415508571       0.81076941851966089     
  0.88129210287072524       0.80141597356891903     
  0.88080375257078936       0.78117135011584071     
  0.88757715767653222       0.77062682054414267     
  0.91132558981641998       0.77190600170723267     
           6
  0.45521811492241049       -4.7859490101262760E-002
  0.44707792211303710       -3.8545183662390840E-002
  0.42762746741803137       -3.5299013678656760E-002
  0.41869364422961586       -3.7166886703741235E-002
  0.44337384472984287       -6.8286369492243149E-002
  0.45609658657580604       -6.6298255701909239E-002
           7
  0.97350198274842981       0.61543884776365765     
  0.96036290357417775       0.62089517745196543     
  0.95020107350722338       0.63050639613475112     
  0.95021136140139428       0.62147150307508803     
  0.93244856394890252       0.60598220708795136     
  0.95465087104280988       0.59397670368641375     
  0.97495660477323276       0.59186638111803480     
           9
 -0.19365738847049685      -0.32705320333073984     
 -0.19267372645480582      -0.30602108854036392     
 -0.20471464639795628      -0.31107089635202184     
 -0.23668521798174627      -0.31573637967267265     
 -0.23248374005349362      -0.34107251360173180     
 -0.22280874548385002      -0.34546906801834176     
 -0.21652412414750796      -0.33805765974219731     
 -0.20710365947987594      -0.34466531309311377     
 -0.19496538487899134      -0.34086754625732330     
          12
 -0.66779888454714986       0.62793900567802796     
 -0.66279193798013547       0.63080715192954628     
 -0.69950590879319730       0.64058301582859078     
 -0.70537587688254466       0.64290869236025849     
 -0.69516290595468022       0.62859015363785720     
 -0.70490844344882964       0.63000472342299907     
 -0.69486826122310930       0.62272295401303035     
 -0.70161091376194218       0.60429528446816894     
 -0.67755908349728111       0.61036789776374512     
 -0.66480701166489520       0.60496038478597136     
 -0.66325815244645703       0.61871242324960396     
 -0.66941774519745412       0.62030584937743383     
          11
  0.52087884954741459       0.31708060597333476     
  0.52145623305631417       0.33267224675935303     
  0.51518244962155058       0.32546991992199853     
  0.50969139719694601       0.32820761012261479     
  0.48370512460458692       0.33236885248952447     
  0.48875732570145269       0.32256987779476126     
  0.48929146871964124       0.29370683016559079     
  0.49486139153293013       0.29745316725261245     
  0.50269035491862002       0.28818243568912982     
  0.51785174628348507       0.29377279322520294     
  0.52724017850021565       0.29462632874539885     
           6
 -0.52177332501165485       0.41776525029962081     
 -0.52587281135562614       0.42881040253586966     
 -0.55955691120275453       0.41743908156740517     
 -0.55170586754125184       0.41538448480827345     
 -0.55349259222306890       0.40658527192434529     
 -0.52812281263348915       0.41180736409700724     
          11
 -0.19321818087130702       0.12294556681828736     
 -0.20081186300449200       0.12931652324122242     
 -0.20674901136282062       0.13969048394465539     
 -0.20934219127388096       0.13159124725356244     
 -0.22035918364768070       0.14202847562658766     
 -0.23168298045584945       0.13590830908918256     
 -0.22399484967895991       0.12492981649257479     
 -0.22463453063989444       0.10848019909947491     
 -0.21423439909837455       0.10124419485125889     
 -0.20410682508642106       0.10720793353766965     
 -0.19456182852823767       0.10125716519384974     
          11
 -0.73968078171692486      -0.26024594405178703     
 -0.74519046233557373      -0.25219113297153700     
 -0.76954421811496410      -0.23830702139243848     
 -0.77463819969520065      -0.24842439174711631     
 -0.77769754181901940      -0.26774013148224124     
 -0.77004407961857224      -0.27007691457547733     
 -0.77605543447560632      -0.27877274748079461     
 -0.75970875556404793      -0.27487117041644249     
 -0.74472642817935764      -0.27674087623472504     
 -0.73528155082494107      -0.28241744617695425     
 -0.73575150416396951      -0.26637964324536001     
           6
 -0.21378747557291111       0.58575365908552735     
 -0.22904804633992273       0.59623274578215224     
 -0.23631714941840398       0.59949796289921953     
 -0.24408563573318240       0.57903152552755499     
 -0.23698984168965115       0.57405784425240014     
 -0.20959071063222925       0.57217810824935189     
           3
 -0.16179429726279715       0.60062430169569891     
 -0.14074070106861680       0.56824892796420090     
 -0.12978493498057889       0.57495681453628611     
           8
  0.65222864714650386       0.53062764518354555     
  0.64658623356023959       0.53664771683298862     
  0.61118873384908368       0.52072856543393331     
  0.62025667867479739       0.50248466665078007     
  0.63073566433798245       0.50145928989758770     
  0.63781508486411731       0.49421119732659313     
  0.64473040281040783       0.50352988376630448     
  0.65145849160127944       0.50461405431399275     
          10
 -0.90291725664933575      -0.58475867128132697     
 -0.92261418720789268      -0.58481702362111543     
 -0.93395010923616750      -0.61278223409172583     
 -0.92481659565661045      -0.62067326937282574     
 -0.91452688279904337      -0.61879490831416284     
 -0.91707394388894925      -0.62503512202234346     
 -0.90567741382754929      -0.62460599856274812     
 -0.89724975809088181      -0.62403444131554964     
 -0.89071357149560626      -0.61875280772211760     
 -0.89710565221043870      -0.61279868638131574     
          11
  0.14597331802043231      -0.26949708298569897     
  0.14371921253972172      -0.26450769348881792     
  0.13202834963719157      -0.25382767468524836     
  0.12807999137899478      -0.24998221030137618     
  0.10948610676579251      -0.26938745888632992     
  0.10846807247487322      -0.27679792966958477     
  0.11773456561141837      -0.27850979793444264     
  0.11199118481828449      -0.28646791603067534     
  0.12606164836226105      -0.28529075733378600     
  0.13125224165496174      -0.28891210910827558     
  0.14688992505284373      -0.28379688983298917     
          10
 -0.40186037928549462       0.82978880083472439     
 -0.41435885633648484       0.82169084055393649     
 -0.42110316679805881       0.82088434609745409     
 -0.42803116550010784       0.82586961061291220     
 -0.44264391554815824       0.80765969746674571     
 -0.44297172773648191       0.80191204262020777     
 -0.44482600456235455       0.79491100953444216     
 -0.43418760723627881       0.78945037772788584     
 -0.41646620439143284       0.79150874197527521     
 -0.40899288830919894       0.80901028410880127     
