   1.0000000000000000
   50.000000000000000     
          18
          10
   8.0000000000000000     
   5.0000000000000000     
   6.0000000000000000     
   8.0000000000000000     
   5.0000000000000000     
   2.0000000000000000     
   6.0000000000000000     
   9.0000000000000000     
   3.0000000000000000     
   8.0000000000000000     
   4.0000000000000000     
   9.0000000000000000     
   10.000000000000000     
   4.0000000000000000     
   3.0000000000000000     
   4.0000000000000000     
   6.0000000000000000     
   7.0000000000000000     
           1
   0.0000000000000000        0.0000000000000000     
           8
  0.27932106006188362      -0.87231638960222613     
  0.27895801573275270      -0.85027807512900144     
  0.21966981753313891      -0.85459830439462936     
  0.22680919108573666      -0.88814434774877205     
  0.23676286557138360      -0.89688662358962978     
  0.25163294396406521      -0.90508238625724458     
  0.26474499586712258      -0.90325314388028144     
  0.27781733759858723      -0.91563549101573460     
           7
  -7.6613016382205239E-003  0.53289149031812522     
  -1.1152517229697418E-002  0.56213518640724613     
  -4.9837141156718417E-002  0.56588794242605489     
  -4.8501916621293106E-002  0.55335074400458484     
  -1.7870505341635094E-002  0.49273642203444756     
  -1.5805070396197583E-002  0.50539687633444896     
  -4.0974688542998496E-003  0.49938007679623253     
           7
 -0.55688585517857692       0.96722001320210460     
 -0.58080178929676485       0.97338189697994437     
 -0.60874515979594923       0.97798705351826598     
 -0.59637303782294149       0.95456198601607856     
 -0.57764303718156285       0.90860130292636365     
 -0.55127681409606721       0.93301843262055928     
 -0.53461288418870767       0.94536125459501896     
           5
  0.47901977692841491       0.40675552532424641     
  0.48280318322658078       0.38938155321531570     
  0.45954696914940818       0.37910467076411125     
  0.48148802994582995       0.33100803867282597     
  0.53465688110268994       0.36603167054547725     
           3
  0.50147679995534156      -0.66297149054151949     
  0.43239408995701945      -0.67794088042618172     
  0.44633997976354278      -0.70553918007557159     
           7
  0.88703364601284540      -0.63653150486731258     
  0.87446018673062553      -0.64934661300983698     
  0.85921849280158158      -0.68151915775135918     
  0.88273558623348303      -0.69572449538074388     
  0.91895203607486120      -0.70405281650771045     
  0.93669438314506748      -0.69297682693127038     
  0.92297553909858288      -0.68695436692799783     
           6
  0.65529763554302045      -0.53011715046496377     
  0.62097011639123567      -0.53624771300536134     
  0.59784380766211087      -0.56774617832075658     
  0.58319960610923394      -0.60077229767289342     
  0.59476724439539086      -0.59131145283186015     
  0.63801337034377259      -0.59892865013343233     
           6
 -0.17986864796618332       0.90305158251433937     
 -0.22563641279353586       0.90565667185743115     
 -0.23049251792140119       0.85710618545961703     
 -0.23412728641528607       0.84149633439209293     
 -0.16545308902088970       0.84916566677559113     
 -0.17193301818533763       0.86164004619027945     
           5
 -0.21371852994372009       0.67460387205545680     
 -0.26636682784961913       0.65200531712441379     
 -0.27166824527697508       0.63085955431083729     
 -0.28003060797396606       0.60369121982606189     
 -0.20644402588141941       0.62600587971884514     
           3
  0.62494619597156087       0.77503272513681298     
  0.56995881719769348       0.71298754704799250     
  0.60608336566643184       0.71141635902112932     
           3
 -0.91818494669727591      -0.64509023389132958     
 -0.88281113949209844      -0.69032249801048950     
 -0.86150803368070650      -0.68277370014637129     
           4
  0.53653301844974743       0.51191940523531765     
  0.53064679536974824       0.45990400512994628     
  0.54513803197669330       0.45318767793108122     
  0.58600897911670569       0.45262303759727651     
           4
  0.50403350836027072       0.78752568237752130     
  0.44554322201704677       0.80316610232125973     
  0.44783384189458603       0.76297578183819348     
  0.47861427780504273       0.75752868803083806     
           9
  0.39731545624922793      -0.55658369540244901     
  0.37367768758191139      -0.52932558800338736     
  0.35120910719729070      -0.52908760475587757     
  0.34198881274939830      -0.52352540078326104     
  0.33581851635027227      -0.53263125016873047     
  0.34094000891686033      -0.59609493227627863     
  0.39714288025583311      -0.59933038444010489     
  0.39562351648852673      -0.57893425012699773     
  0.38714193575222033      -0.56855871999393381     
           7
 -0.54398869246109793      -0.50262482874856340     
 -0.55517058022622401      -0.47909965302256136     
 -0.61015497172147215      -0.49093763935838741     
 -0.60149953581039073      -0.51871693705168742     
 -0.61433503698003111      -0.52658851206445012     
 -0.57265310584036766      -0.53243796556158363     
 -0.54489371572097156      -0.52651435908632416     
           5
  0.26681619717313820      -0.49040134737856489     
  0.24865666606819503      -0.49121881598830835     
  0.24149352374843769      -0.53055581006240238     
  0.28084280969708886      -0.54933712217296593     
  0.30840274557754443      -0.54800492928676581     
           9
 -0.57593203420003947      -0.19836524855385554     
 -0.58596311816973379      -0.18424964220566920     
 -0.60863065559156770      -0.18024660311838678     
 -0.63882918145916467      -0.19259638565087941     
 -0.65087693506310385      -0.18803922894524819     
 -0.62372458270334352      -0.26004164976051208     
 -0.60777933129688388      -0.24237900016917893     
 -0.58334354001775723      -0.24781499200985010     
 -0.58521789406975988      -0.23331553452194992     
           7
  0.81304372369916700      -0.42344725722971260     
  0.79293589220869165      -0.42783642514782066     
  0.77763207578112015      -0.44265624791684499     
  0.77842291742666803      -0.45987497427100310     
  0.78239527726252667      -0.48584350254966874     
  0.81534767209614312      -0.48457412570460578     
  0.82951048184935450      -0.45898383581705943     
