   1.0000000000000000
   50.000000000000000     
          48
          10
   10.000000000000000     
   2.0000000000000000     
   8.0000000000000000     
   2.0000000000000000     
   1.0000000000000000     
   6.0000000000000000     
   10.000000000000000     
   10.000000000000000     
   2.0000000000000000     
   4.0000000000000000     
   9.0000000000000000     
   5.0000000000000000     
   2.0000000000000000     
   1.0000000000000000     
   9.0000000000000000     
   3.0000000000000000     
   7.0000000000000000     
   9.0000000000000000     
   1.0000000000000000     
   4.0000000000000000     
   7.0000000000000000     
   9.0000000000000000     
   3.0000000000000000     
   8.0000000000000000     
   3.0000000000000000     
   10.000000000000000     
   7.0000000000000000     
   1.0000000000000000     
   3.0000000000000000     
   5.0000000000000000     
   4.0000000000000000     
   8.0000000000000000     
   2.0000000000000000     
   4.0000000000000000     
   5.0000000000000000     
   5.0000000000000000     
   6.0000000000000000     
   3.0000000000000000     
   4.0000000000000000     
   5.0000000000000000     
   4.0000000000000000     
   10.000000000000000     
   2.0000000000000000     
   5.0000000000000000     
   4.0000000000000000     
   8.0000000000000000     
   8.0000000000000000     
   9.0000000000000000     
           1
   0.0000000000000000        0.0000000000000000     
           4
 -0.74045567906921539       0.71140211386019747     
 -0.77261169454939049       0.71524991002903315     
 -0.73138734771024216       0.67284727216848350     
 -0.73803181881910507       0.69922133961534505     
           8
  -4.4080247917416215E-002 -0.25672590001066153     
  -5.2526520779322017E-002 -0.26323389755410559     
  -7.4888991042856984E-002 -0.25927163662539604     
  -8.7896665554161674E-002 -0.27925715966194681     
  -8.9810033395413089E-002 -0.28723046927155249     
  -9.2538495569211759E-002 -0.29449422672598896     
  -6.2509824041639406E-002 -0.30261183617714016     
  -4.8023825816779372E-002 -0.28643965810412741     
           6
 -0.28884247984711769      -0.42555815963571580     
 -0.29399260218442469      -0.43366428732306722     
 -0.30564816614350093      -0.42872775785787198     
 -0.30715869454932160      -0.46617867582323463     
 -0.28282957736594766      -0.46670615327412124     
 -0.26761301090038930      -0.47187355313531060     
           5
  0.46617725521790809      -0.10887025194702815     
  0.45725261538385753      -0.10529195075235816     
  0.44408225413895669      -0.10955340548441227     
  0.43166487620648930      -0.10842432748036820     
  0.47549111196223570      -0.12087994176919176     
           3
  0.25186530508099209       -9.9816393224455222E-002
  0.21776386291241548       -9.2754950744842440E-002
  0.24942762402715182      -0.11992186727918779     
          10
  0.75055162415472787      -0.67885127850587224     
  0.75548834617086547      -0.65736434890246165     
  0.75073413504393849      -0.66139076338139047     
  0.72611049429068775      -0.66092092511214162     
  0.71820550908960423      -0.67000720673585912     
  0.71532134095713640      -0.69422101167909900     
  0.71336026357912663      -0.70404850562922450     
  0.73627353424181241      -0.70070845754101596     
  0.74528463070627771      -0.70121017127999985     
  0.75416234336109900      -0.69349357382312282     
           9
 -0.32166560906849673       0.91610898745661185     
 -0.33791472383912857       0.91723702303129762     
 -0.34608950757897117       0.92364670024513928     
 -0.36356801057034632       0.91244690869732947     
 -0.36751910950486227       0.90632711278285738     
 -0.36141766264746117       0.90334445053599466     
 -0.36306357394683297       0.89051324053491310     
 -0.32195021330789175       0.88276553569331162     
 -0.32077079974010764       0.90516937048603374     
           7
  0.41493364158298146      -0.36028465960770789     
  0.40687750612730278      -0.35975327034589255     
  0.37798747961492618      -0.36442888948902175     
  0.37543100645743338      -0.38107324973737400     
  0.38366829763484384      -0.38692042369228569     
  0.40081535605342478      -0.39630956738942308     
  0.40856194917526845      -0.39931896169083586     
           3
  0.27232073726043982      -0.60536773507487995     
  0.24090624060493204      -0.63881305206089978     
  0.26930208111900011      -0.63992150692769223     
           5
  0.53759065520171956      -0.96385666062960096     
  0.51141810474921634      -0.94591213907210303     
  0.49024992409223900      -0.96952445966795964     
  0.52817926586370656      -0.99107727296282000     
  0.53278210214759947      -0.98120784549198015     
           8
  0.90116530271976292      -0.46475550235501845     
  0.89965160595454219      -0.45545703676398058     
  0.90310893779964385      -0.44808071307402242     
  0.87060978534099132      -0.46133611447755052     
  0.86612020509996834      -0.46771122933274517     
  0.86956482818706071      -0.47393100151492423     
  0.89786486135923049      -0.48527345175092096     
  0.90129263032496620      -0.47476044159117081     
           6
  0.41955459788844124       0.50412797030696155     
  0.40009244957072049       0.50380117710835293     
  0.38116186851384215       0.48752533736122250     
  0.38048900064267477       0.47863502605400338     
  0.38855911378337110       0.46302658889777359     
  0.41908915096811494       0.48136157997112894     
           9
  0.61498778498821094       0.19970372953159393     
  0.59644772352906150       0.19689076915905743     
  0.58481269085554788       0.19689661509414377     
  0.57821396386684731       0.19209211015001118     
  0.58404712223191257       0.17998475697647262     
  0.59353599583865269       0.15948347387744649     
  0.61880501109888186       0.15582297496721426     
  0.62469309120929239       0.16678539585998547     
  0.61681012077421815       0.17770128657305811     
           5
  0.31262507471900169      -0.76036803325988866     
  0.29438848262544015      -0.76277136592644357     
  0.27720442830232378      -0.77517238978792791     
  0.27499559669777296      -0.79900516943158051     
  0.31657405903904495      -0.78978856278751830     
           5
 -0.81421211668535687       -6.3044966021204518E-002
 -0.83032418694326537       -5.8609804983865421E-002
 -0.83473056536329182       -6.6611914277269937E-002
 -0.82276121533608615       -9.7745996410967720E-002
 -0.79138328596718177       -7.8887065399111556E-002
           4
 -0.26418856619745279       -1.7231427868191124E-002
 -0.29225915736634478       -4.9657228336381795E-002
 -0.27271376771626726       -5.0293362144355744E-002
 -0.26191463840453849       -4.9327010338701946E-002
           8
  0.25620457956744774       0.83036990443844838     
  0.21850636444538082       0.83646831441591385     
  0.21458748638485989       0.82188474776473230     
  0.21022808289762773       0.80339033398729243     
  0.20948084174766274       0.79450832586320763     
  0.22664930438045588       0.79485981044890619     
  0.25717855976646414       0.80005511017330555     
  0.25019986022193208       0.80905185903142618     
           5
 -0.63058133314943698        1.9534085087462346E-002
 -0.64021438866900160        1.6769959219505654E-002
 -0.65232482968910366        2.6587723619407103E-002
 -0.65517355927464593       -2.0104231150524345E-003
 -0.64166500988988373       -1.3820901431892085E-002
          10
 -0.30236955216687578      -0.62506264979837611     
 -0.32400068980670899      -0.62959298166519961     
 -0.33024158808689624      -0.62037038230961317     
 -0.33049501732754805      -0.62975563016800407     
 -0.34062827698205161      -0.63945065239924948     
 -0.34269987641238020      -0.65682227976886687     
 -0.33723224246053007      -0.66229844617218625     
 -0.32627844133071948      -0.66176284772814409     
 -0.31326332387565992      -0.66668376899532344     
 -0.31378640501833122      -0.65810853433649208     
           7
 -0.52319133983796440      -0.27684823370483708     
 -0.52954229457903212      -0.26734457246511878     
 -0.53859795976472069      -0.26590935636736507     
 -0.54636848203269273      -0.26507712106610798     
 -0.56622226236639206      -0.29756320716216550     
 -0.55700071009677665      -0.31093420355536150     
 -0.52213111451189009      -0.30764117743173730     
           7
 -0.12788798377231939      -0.91334248768313109     
 -0.13985619984444081      -0.91315002244570975     
 -0.16046320731082370      -0.90512452822452361     
 -0.15732309357395569      -0.92923294989729976     
 -0.16090884832945795      -0.94501312880369182     
 -0.14961312410701427      -0.94777611217167967     
 -0.11885775221452982      -0.94224068790152105     
           4
 -0.29364394807429617      -0.57383465807519018     
 -0.33074383831424947      -0.56168995388381837     
 -0.33530957063690514      -0.59795310480684349     
 -0.29404381093292808      -0.59432972345515800     
           9
 -0.18253399262912415       0.95118660741951877     
 -0.20120090299367327       0.96642409388139949     
 -0.20812656592945020       0.96680712613456976     
 -0.22472137788431809       0.95780258594820189     
 -0.21659230990586539       0.93304810701586760     
 -0.22160537958137652       0.92838606625320208     
 -0.19261777218623896       0.92310358204651266     
 -0.18329425739397795       0.92341670384881547     
 -0.19170090785870536       0.93284233571670350     
           7
   7.7196033115075682E-002  0.78372952061776868     
   6.2204866526555110E-002  0.77719265405356008     
   4.2213546472636254E-002  0.78307649010371327     
   3.5045095238703555E-002  0.75291659503905894     
   5.9561244928955891E-002  0.74584446085986977     
   6.9928744783926758E-002  0.74241453255289480     
   7.9568081096371021E-002  0.75073994435476465     
          10
  0.97041485805393235       0.96252106038856411     
  0.95786599518541926       0.95378281815550947     
  0.94228346432657828       0.95818665979254003     
  0.94157793376198629       0.95033446006907929     
  0.94576318148765881       0.94179298915978682     
  0.94233561722662507       0.93472045092629852     
  0.94060643844801528       0.92241271729790608     
  0.94925533143258645       0.93435711665781707     
  0.94651151784968890       0.91908222646524529     
  0.97696921974554296       0.92167801710490538     
          10
 -0.85728466302317663       0.56666869599794989     
 -0.86230660473365084       0.56289436360156819     
 -0.86864333762020485       0.56142473366783507     
 -0.88314870183653860       0.56976833687714712     
 -0.89534090776331932       0.55536331465889544     
 -0.90227985308196246       0.53250933806821388     
 -0.85886062396450868       0.52949315363360516     
 -0.86344144073264717       0.53970572746599743     
 -0.85748828801961730       0.54434338063899701     
 -0.86298875896191196       0.54792824861242639     
           8
  0.62493896912352453       0.29925550057179290     
  0.59527047614773754       0.31089403019859413     
  0.58353443406710148       0.31323477053752846     
  0.59348768948710506       0.29759862336819565     
  0.58852203819363236       0.28989732956685238     
  0.59335590107959824       0.28263085828499851     
  0.61471591160245309       0.28032773485649265     
  0.63035859335006728       0.28687988088513122     
          10
 -0.37316996657486240      -0.56762766764342720     
 -0.38622122924113433      -0.57019931125404255     
 -0.40293487059912386      -0.57636962981167705     
 -0.40714187748932495      -0.58353443715290276     
 -0.41503759707852517      -0.58689357984518664     
 -0.40513821957752483      -0.60805591174982687     
 -0.39901847460639756      -0.60350217658488392     
 -0.39241725151021456      -0.60674559318056442     
 -0.37789906666074724      -0.59961281530326149     
 -0.36834009596609563      -0.59199234181467519     
          10
 -0.73137113454836478       0.54534188386526516     
 -0.74129194445936819       0.55628970082843621     
 -0.76119481264067079       0.54878416001946850     
 -0.76880140797933960       0.55473629626375687     
 -0.77078706109745854       0.53186433827887392     
 -0.76883010288934872       0.52246094371652441     
 -0.73727457756970793       0.52617501891366092     
 -0.72772258511212939       0.51651226191064814     
 -0.73133084427648476       0.52250048338897515     
 -0.72674866954689965       0.53511116758971511     
           3
  0.93389478021519268        1.9572792343795487E-002
  0.92552968710999162        2.7452965807629431E-002
  0.91760510075848412       -1.1069851006925476E-002
           3
 -0.10483086991882959       0.25757006831235241     
 -0.13367547180125333       0.26634620482698135     
 -0.11457903506930210       0.22015837567478833     
           7
  0.29931660823153061       0.71423569993112279     
  0.28590033661580583       0.72695864254199050     
  0.25950051118467532       0.72509259811115789     
  0.26192535889282886       0.67950803120114367     
  0.29157703812009278       0.68528083013102792     
  0.30003436969251862       0.67765257539576140     
  0.29990747224192976       0.69488712323492652     
           9
 -0.33992336956539448      -0.69207170001555995     
 -0.34464129820416151      -0.68629833595913714     
 -0.35319637929858361      -0.67154629750120343     
 -0.38526104698187857      -0.68241607908551360     
 -0.38013384134992861      -0.70947101835273363     
 -0.37306556545390324      -0.71295802758331184     
 -0.37726062137999128      -0.71926298106605446     
 -0.35440063044781878      -0.71139536376302581     
 -0.34092456019280160      -0.71908257573420442     
           6
 -0.48776491640407060       0.73505045112146827     
 -0.52104366869914109       0.76906059834572083     
 -0.52034149203668933       0.72054376479960702     
 -0.51179706385225832       0.72674826811115034     
 -0.50059376813341083       0.72053942471999211     
 -0.48045888542633070       0.72751310047772400     
          10
  -7.9634046919625612E-002 -0.80942576165824565     
  -9.8116559954522273E-002 -0.79502235556405842     
 -0.10719655247330617      -0.80245662681984198     
 -0.12155062887870052      -0.80141878501695052     
 -0.11975443229057517      -0.81274272680001747     
 -0.11313844049054539      -0.81776853782982806     
 -0.10519914299092627      -0.83199545468717784     
  -7.8365795189904178E-002 -0.84391893910319138     
  -7.9105782175200229E-002 -0.83088020163124909     
  -7.3006424833128414E-002 -0.81898134801979194     
           9
  0.84267103452412295       0.82207888155967912     
  0.83722164329558879       0.83416049875144460     
  0.80324765529895337       0.83334420915950458     
  0.81054730811403830       0.81860907876978772     
  0.80419713607974563       0.79126769278115638     
  0.81373796237546203       0.79393525335033710     
  0.82243396309942673       0.79761942873888314     
  0.82975847258807556       0.80065041095788603     
  0.84055811633911170       0.81026294420243383     
           9
  0.79409425698254599      -0.35782130275881607     
  0.79296417159015564      -0.35116649366669089     
  0.76422593454562349      -0.35471652661350644     
  0.76776567083661595      -0.36236868076242817     
  0.75384904470063929      -0.35910416046704735     
  0.75440760234163107      -0.37142588782248886     
  0.77178565688475387      -0.39846316614032246     
  0.78544728417557685      -0.38749327715808679     
  0.78609985431360041      -0.36974696681890107     
           5
  0.71050420974689166      -0.90574526652527487     
  0.69920288925366092      -0.89703880628045174     
  0.68714072531829440      -0.92582807868450689     
  0.67844745274083174      -0.93366029581109999     
  0.71312963565296483      -0.93021206082223118     
           3
  0.93643220230794066       0.76602590736739362     
  0.91973752614675464       0.77860365150356325     
  0.93009404894491221       0.74068232932750588     
           3
  0.76220024873616543      -0.80041792794272359     
  0.74534227023716126      -0.83246257565983273     
  0.76313816940564649      -0.83678523514200287     
          10
 -0.61079147851788895       0.87762089502754881     
 -0.60981526824368359       0.88478697446227983     
 -0.62736102869715593       0.89319101738677864     
 -0.64403324173036192       0.88330655350341780     
 -0.64397203725964258       0.86197009293870486     
 -0.64728380222211845       0.85113636566852369     
 -0.63664573988776341       0.84505002861186251     
 -0.62250865898807473       0.84696872222125907     
 -0.61384848093503164       0.84858126739926532     
 -0.60288218494872425       0.85911791899631740     
          10
  -5.5855880264601698E-002 -0.56977876958835205     
  -6.1132821844684354E-002 -0.55933591071948718     
  -6.4116009054799514E-002 -0.54776335377200780     
  -8.0222369117887007E-002 -0.54735694837228654     
  -9.5336949009394184E-002 -0.57810119834073115     
  -9.0137427879159182E-002 -0.58974955786776395     
  -8.1771425663426517E-002 -0.58235031062722786     
  -7.3138248002250411E-002 -0.58453335158137043     
  -6.3793885554148014E-002 -0.58383367803460340     
  -5.1983734434212017E-002 -0.59062379479269866     
           9
 -0.37390382557403029        9.8404132655773247E-002
 -0.38211972350355189       0.11380762389747114     
 -0.40150414764385023       0.11979108070622128     
 -0.41434132216066499       0.11539896521203417     
 -0.41248957416000137        8.7727614009952895E-002
 -0.40561150821064962        8.7382030866166180E-002
 -0.39717762291688002        8.5692170733876916E-002
 -0.38692955058367157        7.5043884060896737E-002
 -0.37271423998466674        9.1769134145236089E-002
           7
 -0.17133847976348851       0.21417135013106306     
 -0.19174962268833440       0.21409219413831382     
 -0.19905577215358888       0.21963812512410230     
 -0.19361574276584317       0.20021204979352822     
 -0.19445222897257852       0.19138837245122536     
 -0.17729038157060170       0.18055767270118797     
 -0.16112648358392345       0.19719114914139974     
           6
  0.95954962847168901       0.10060746202983399     
  0.96219831339073170       0.11705489872974922     
  0.93533687617907268       0.10687965854602428     
  0.92930578273283870        9.2292102341762092E-002
  0.92191196154060595        7.4339317927397244E-002
  0.92986723918519432        7.8690697581701427E-002
           3
  0.46135402964228017      -0.87282250576524001     
  0.42046119804002646      -0.90864328111940940     
  0.46446966028235220      -0.90841833530869309     
           5
 -0.53327746989027691       -9.4436031881293792E-002
 -0.55822859998247809       -9.8079513642152560E-002
 -0.57200385093247452      -0.11872224245156085     
 -0.56402925456103314      -0.13968102055937115     
 -0.55404492342127276      -0.13302754574981615     
          10
  0.93713703608026500       0.41216711946860540     
  0.92737922799256778       0.41268658088639054     
  0.90388640472110060       0.41880583649407077     
  0.90483122858633802       0.39846054038030077     
  0.91306558800684856       0.39333932820493306     
  0.90286060983183047       0.37827113162355441     
  0.92387834382513501       0.37332637573948807     
  0.92227256065438290       0.38492862348348905     
  0.93240481881115544       0.37779147334937635     
  0.93837003059156621       0.38510587200433888     
