   1.0000000000000000
   50.000000000000000     
          30
           8
   3.0000000000000000     
   9.0000000000000000     
   1.0000000000000000     
   2.0000000000000000     
   7.0000000000000000     
   2.0000000000000000     
   7.0000000000000000     
   7.0000000000000000     
   9.0000000000000000     
   8.0000000000000000     
   3.0000000000000000     
   10.000000000000000     
   3.0000000000000000     
   1.0000000000000000     
   5.0000000000000000     
   4.0000000000000000     
   10.000000000000000     
   3.0000000000000000     
   7.0000000000000000     
   6.0000000000000000     
   8.0000000000000000     
   4.0000000000000000     
   9.0000000000000000     
   3.0000000000000000     
   3.0000000000000000     
   9.0000000000000000     
   6.0000000000000000     
   4.0000000000000000     
   1.0000000000000000     
   9.0000000000000000     
           1
   0.0000000000000000        0.0000000000000000     
           8
 -0.83218752621904779      -0.48885478028958912     
 -0.83865208774126532      -0.48287989233449002     
 -0.84817625145941133      -0.48100436246392392     
 -0.86668680049758773      -0.48292587271718873     
 -0.88068341544539330      -0.51382096210022232     
 -0.84306515452253639      -0.52950493867057657     
 -0.83128351590606209      -0.53733177033434043     
 -0.82699665004176626      -0.52466228011148930     
           4
 -0.11101581228204768       0.86285019978643807     
 -0.14214226523198936       0.82452595970482434     
 -0.11514624727398592       0.82300114701821092     
  -9.7938033018454163E-002  0.81954337140683176     
           5
 -0.78219309779014334      -0.62299976053257589     
 -0.81633661119384204      -0.64612538318586910     
 -0.81617970071185608      -0.66524414670770537     
 -0.77221983642186887      -0.66635746829297826     
 -0.77195949209343750      -0.65469351091818806     
           6
  0.49783429719756533       0.97544889537869039     
  0.48082601913456824       0.98721993949651976     
  0.44701170212250180       0.99453494289739752     
  0.44094458663479535       0.97635669403344538     
  0.47858085257726135       0.94705531605061921     
  0.49242919140058838       0.95245015599272420     
           3
  0.81738260686079445      -0.17602972918594756     
  0.79313461344730518      -0.15771023041230733     
  0.79198783119022320      -0.20503145340495202     
           8
 -0.33844538064114793       0.51307385224404267     
 -0.33310053613735302       0.53518988826559089     
 -0.35139608941737099       0.54170555317295421     
 -0.36424950773859133       0.49786799502223816     
 -0.37377794070397918       0.49123583969515650     
 -0.35192925693657817       0.49838205858700835     
 -0.34092303867998036       0.48664919699128600     
 -0.33165343322787555       0.50711050713942407     
           4
  0.15620807812739643      -0.57075564874302542     
  0.13198260436653797      -0.55342166738383280     
  0.14537567891145031      -0.61018717115722565     
  0.14672373113821457      -0.59538144033541485     
           6
  -8.0476758416829330E-002 -0.89021635670385724     
  -9.6292229781341138E-002 -0.87978349448492710     
 -0.14076475400116539      -0.89355037892409239     
 -0.13407480602310412      -0.90618829531271872     
 -0.12318533903378247      -0.91954755692234236     
  -9.2166603490716772E-002 -0.92075428469892306     
           5
 -0.57010952742821275       0.53966080252510884     
 -0.62252152869656385       0.53522040845012930     
 -0.61429684684213737       0.51266904789469514     
 -0.61486296455887124       0.48476156224619166     
 -0.57376642270299250       0.48965407325895627     
           6
 -0.46093768552246950       0.23235786481806228     
 -0.46806813687597065       0.24118527419817282     
 -0.49910972849050561       0.23772332797097001     
 -0.51216271460162988       0.19176424432795519     
 -0.48876378611447879       0.19670555103340950     
 -0.48846339598716082       0.18571816513407385     
           7
 -0.42145394624599636      -0.32131536084107204     
 -0.42085505126804129      -0.31173042461918649     
 -0.43997474208424409      -0.30571818030159303     
 -0.47275937845566879      -0.32184222552109160     
 -0.47236118471902422      -0.33342873258210631     
 -0.46830156902911685      -0.34541973150679239     
 -0.43797163057465199      -0.34930289240883911     
           4
  0.40394659428792651        4.5853266353073525E-003
  0.38305061798313561        8.4684730769102393E-003
  0.42166785051174160       -4.0816875980450126E-002
  0.44443830876141260       -3.6567466759323097E-002
           5
  0.47280962133450449       0.57275554633455517     
  0.46503565655265861       0.58104236215381433     
  0.41899414749637215       0.57074301430230878     
  0.41968919665062682       0.55200680847750694     
  0.47300769006821669       0.54968243441216769     
           6
  0.36933330562000538       -3.3985267419070875E-002
  0.36541309588286625       -1.9083888595395972E-002
  0.32111368090500453       -3.2699190416218257E-002
  0.30998990050658976       -3.6221097241834602E-002
  0.31513967444795798       -6.7132790895742783E-002
  0.34307648693675308       -6.8112223732406232E-002
           4
 -0.63366299321149089       0.94011652056552453     
 -0.66033165378701297       0.94117373250699132     
 -0.68076592287576720       0.92576701568581843     
 -0.63535713192277254       0.92722613855206926     
           5
 -0.11744121204172417      -0.52608982112415015     
 -0.15989852221456299      -0.50652517809303266     
 -0.16195815429784408      -0.52744400322434537     
 -0.15263379975004499      -0.53549793969233339     
 -0.10707838490344429      -0.53630761166022900     
           7
 -0.50115144182667004       0.52968158322733405     
 -0.51308549296137795       0.56897890200277157     
 -0.54759950649640343       0.51692178541239009     
 -0.52716218778545665       0.52033794922655474     
 -0.51608772848567375       0.51711234290269847     
 -0.49936131304009274       0.51149277762092638     
 -0.48748430208316806       0.52545004199028644     
           7
 -0.91023508140027154        2.5850740816752898E-002
 -0.92369039484394988        4.8495924177421879E-002
 -0.93108155471701914        3.9538415745217451E-002
 -0.95779703709047370        1.2608308195609513E-002
 -0.95607834964061933       -4.6295329765112386E-003
 -0.92235676121112076        1.0705006321148449E-002
 -0.91220778077055975        1.1362299433309991E-002
           8
  0.67027099759207465      -0.85347555382810913     
  0.64989598165912521      -0.82169777898686902     
  0.65103940888708522      -0.83076453044694831     
  0.64253475935185334      -0.83345904463452036     
  0.64406387106067542      -0.87461870550302034     
  0.65732822279899172      -0.88123405785329179     
  0.67028460940515877      -0.87768402410971036     
  0.67680328974209691      -0.85952173780866892     
           3
 -0.82656555103882312       0.85921722306335135     
 -0.83370218672066487       0.82735017921973575     
 -0.78399166209324866       0.83837986430275968     
           8
 -0.21768407477072144       0.72362933722319223     
 -0.22172131382208188       0.73223118102644214     
 -0.23914348880962671       0.74464746590355346     
 -0.25202061904854284       0.74500257941583781     
 -0.25908863750950328       0.72796520938431974     
 -0.26560345640727590       0.71145657794141393     
 -0.21998098745192313       0.69920535422992891     
 -0.20890689408088645       0.68982958346840118     
           6
  0.70094444138157141       0.62670671577345793     
  0.70609686788667292       0.64037666078415789     
  0.64779232885862570       0.64259044546889510     
  0.66812129749619142       0.59584241547315042     
  0.67185346924711153       0.58286426209986308     
  0.68194269969340093       0.59123225263653345     
           6
 -0.30481242401220005       0.22039497882246212     
 -0.34339186530476112       0.20913654692384043     
 -0.35251057894131332       0.19489185290180369     
 -0.35472112834471797       0.16732775632020264     
 -0.34539583006889119       0.17513505681324032     
 -0.30463442443073574       0.17624739105354609     
           8
 -0.82590858310327309       0.13857719647406389     
 -0.88026261311113130       0.12916522698072416     
 -0.87217288139010984       0.11534688936681800     
 -0.88318029553424637       0.10698046909887129     
 -0.85983130826610388        9.4751899483858162E-002
 -0.85097660840604217        9.8905775797651557E-002
 -0.82564294572228769       0.11271038173288025     
 -0.83674391263538750       0.11314140341592679     
           8
  0.41399265188171880      -0.73876043634417399     
  0.39124454332292452      -0.74685191018053754     
  0.38273275433378512      -0.74304811979783991     
  0.38115066689212790      -0.77005940913310045     
  0.38143592332564052      -0.78241657403185483     
  0.39965637168162654      -0.78630963321077096     
  0.41027590400536346      -0.78278098914363237     
  0.42637395385288773      -0.78733377712123709     
           4
  0.65628596109548332      -0.14373294968444161     
  0.62524076046635302      -0.14460605101965679     
  0.60089065917904949      -0.19802920432906060     
  0.63602684040687751      -0.18796150545415966     
           7
  -7.7940609144336537E-002  0.63198464585397618     
 -0.12857524472011139       0.64782833808516138     
 -0.12733248192985958       0.60066444575200140     
 -0.10994740360584050       0.59722006896403301     
  -9.7284765424531849E-002  0.59689347545228733     
  -8.9035792557283791E-002  0.60312784820821541     
  -7.5052361028233011E-002  0.60218587816998093     
           4
 -0.60757441245799404       -3.7676821016886082E-002
 -0.64324825427991461       -4.0092017684055237E-002
 -0.66060998505408075       -8.6964242894931862E-002
 -0.62165804367129562       -7.6406561070097315E-002
           5
  0.15129020111765246       0.27773998128401434     
  0.13829313560432849       0.28620064011704377     
  0.11844929907099330       0.26464203034922201     
  0.12726419510163145       0.23226847750666946     
  0.17288382400814850       0.23553010620971540     
           4
  0.37641457410127732       0.72633409435928076     
  0.34634474074472421       0.73786046529388782     
  0.33231098489798228       0.71519381945388982     
  0.32317687035864973       0.69508836518953754     
