   1.0000000000000000
   50.000000000000000     
          16
          10
   10.000000000000000     
   2.0000000000000000     
   3.0000000000000000     
   9.0000000000000000     
   7.0000000000000000     
   10.000000000000000     
   2.0000000000000000     
   5.0000000000000000     
   8.0000000000000000     
   4.0000000000000000     
   9.0000000000000000     
   6.0000000000000000     
   7.0000000000000000     
   6.0000000000000000     
   7.0000000000000000     
   5.0000000000000000     
           1
   0.0000000000000000        0.0000000000000000     
           8
  0.44470972022371974       0.33114129918048318     
  0.43428093991351724       0.33817230499396017     
  0.41244329888563236       0.33450557564016931     
  0.40954614209978757       0.31261915569772247     
  0.45468631234057288       0.25860433866515126     
  0.46874800292069385       0.25510528879360994     
  0.48600124628042235       0.28506132577498711     
  0.47853060221650179       0.29963005883375649     
           9
 -0.54231585572017738       0.83381019195632189     
 -0.52700638393823773       0.84395503503572478     
 -0.57487558610625555       0.84387409909283306     
 -0.58934955973834224       0.84633512301120928     
 -0.60537388405301151       0.85941687174897019     
 -0.60513811417098784       0.83828442257109625     
 -0.57658509520179102       0.77759558807562845     
 -0.56196064573748716       0.79270820592489621     
 -0.54590531082324933       0.78120636200308602     
           6
  0.36761640828967934       0.28755482937128385     
  0.31500147191462624       0.28685874313696375     
  0.30336721470467076       0.29843393797282131     
  0.29570832004537384       0.26676636733691400     
  0.34040083255924758       0.22338914502377988     
  0.36917905021457315       0.22370539301115044     
           9
  0.14315327349651763        8.8754546821015787E-002
  0.14723017484089831       0.10662602068283755     
  0.12511963239066529       0.10623972476092083     
  0.12105857679040555        9.4880051273236274E-002
   8.7699747286989010E-002   9.7878848397323345E-002
  0.10226280018403580        3.3727304265406120E-002
  0.12154391221230300        2.4671153338083660E-002
  0.14958119733073155        4.2900064878938736E-002
  0.14423917325494692        6.6335771746480268E-002
           8
  0.41043096447953109       0.68234455237378855     
  0.39211406146636424       0.70218657362739667     
  0.35666313537718353       0.70394943811755284     
  0.35063298748020449       0.68022594944205095     
  0.34411830647595459       0.65359332027553008     
  0.35128502859740562       0.64055838110161611     
  0.38138715011459368       0.63487396406677088     
  0.40785259171310551       0.64890364477342877     
           9
 -0.86303692505868423      -0.84945201200613840     
 -0.87565472740902439      -0.82723478372935555     
 -0.90784843670053439      -0.81423470541834131     
 -0.91404387713829860      -0.84474863569635039     
 -0.91057308479193888      -0.88125386998714073     
 -0.91411377251409975      -0.89364719216553679     
 -0.89716108601306588      -0.89220293864970990     
 -0.86057040761402603      -0.87731014988654421     
 -0.84296752965463317      -0.86001814051492464     
          10
  0.93975434195953633       0.52305583225607466     
  0.91726767993721414       0.52321333417867311     
  0.86362793888296951       0.53253053550048146     
  0.87955329229465118       0.50149308700427220     
  0.86715050348922795       0.50013626977274683     
  0.87637172769698746       0.46270429337025865     
  0.89403055350115301       0.46768378592608939     
  0.89069573951054026       0.45130865566063016     
  0.92909989254349556       0.46117541153017727     
  0.93216162170251549       0.47774841605313206     
           4
 -0.75337279609196184      -0.71481742502178680     
 -0.76615084041352088      -0.70110825600285265     
 -0.80652348684022901      -0.71327306490131293     
 -0.81697471542572164      -0.73712006046687450     
           6
 -0.71404350985605436       0.49971309222187343     
 -0.72639889817949921       0.51559331240116824     
 -0.76333757682761927       0.54083308151601883     
 -0.75441216366353114       0.46804969438824595     
 -0.73656772020290129       0.47501368634323843     
 -0.71101086779819911       0.46043188924722489     
           8
  0.72053977862246166       -9.5219934199250261E-002
  0.70082644875594258       -7.5835600916028423E-002
  0.68652196159850487       -8.2699229299859706E-002
  0.67017764513465605       -7.8368029787658292E-002
  0.64195877869395079      -0.11734531239260783     
  0.65851365134994644      -0.13356274506667906     
  0.68452403412620388      -0.14668313871299737     
  0.71698107848324977      -0.15054032868710385     
           8
 -0.53080465051619374       0.46028067678043677     
 -0.52619648288088638       0.48708304563766802     
 -0.53930525476089830       0.48481672248872953     
 -0.60238259869234456       0.44559375747410956     
 -0.58408530546654081       0.44258020143069104     
 -0.59814885562605669       0.41482530041196319     
 -0.55494289536488728       0.41509852961582855     
 -0.53707666423293310       0.44183775209772791     
           9
 -0.32925325476897405       0.23510465879981324     
 -0.35316114534929166       0.25097492459156773     
 -0.35870614607291190       0.24048118514680825     
 -0.36939765480281345       0.24856519920652981     
 -0.39764026786107581       0.24349121709531474     
 -0.37980536898043499       0.17664199353185842     
 -0.35784382157876632       0.18434217854013440     
 -0.33687265780456410       0.17435248496216313     
 -0.34297664574723696       0.20863745364156600     
           5
 -0.28988021270581832       0.80169484623932563     
 -0.35910027643447806       0.83861089348520301     
 -0.35006608485243645       0.77541302943565937     
 -0.35530766611361975       0.75494031419910590     
 -0.29087049966838607       0.78562961460580161     
           6
 -0.54264407896412026      -0.18817001619121304     
 -0.59655715951780741      -0.18293514315944653     
 -0.60141863499973491      -0.22355801274576281     
 -0.58363783745056574      -0.24706037044407994     
 -0.54206960814145166      -0.23252341940867868     
 -0.52672432848709361      -0.22677344707857666     
           9
 -0.83985186071242568      -0.67776222643940809     
 -0.87738683539939499      -0.62857530103491044     
 -0.89395329655155042      -0.63392064260807846     
 -0.90488892556700196      -0.65844687108248978     
 -0.89820740756126971      -0.68566858973213807     
 -0.91510416795402671      -0.69979068534849209     
 -0.90780329777849456      -0.70986532882180764     
 -0.89413292941273137      -0.70852376839231690     
 -0.85685753264404996      -0.70370720833421641     
           6
 -0.75081531891835018       0.85712667249393559     
 -0.79903576797750120       0.84261198144495830     
 -0.82737994511479707       0.77599878977097114     
 -0.80069856320622956       0.78203056665498349     
 -0.74216247790297729       0.79315782074588226     
 -0.75310619898430764       0.80583332175725619     
