   1.0000000000000000
   50.000000000000000     
          30
          10
   6.0000000000000000     
   5.0000000000000000     
   8.0000000000000000     
   7.0000000000000000     
   4.0000000000000000     
   1.0000000000000000     
   1.0000000000000000     
   6.0000000000000000     
   1.0000000000000000     
   4.0000000000000000     
   4.0000000000000000     
   9.0000000000000000     
   9.0000000000000000     
   10.000000000000000     
   7.0000000000000000     
   7.0000000000000000     
   9.0000000000000000     
   9.0000000000000000     
   4.0000000000000000     
   10.000000000000000     
   4.0000000000000000     
   3.0000000000000000     
   1.0000000000000000     
   8.0000000000000000     
   9.0000000000000000     
   1.0000000000000000     
   3.0000000000000000     
   1.0000000000000000     
   6.0000000000000000     
   1.0000000000000000     
           1
   0.0000000000000000        0.0000000000000000     
          10
 -0.88815793997454517      -0.23288488740144700     
 -0.90393289441243163      -0.23718512455246316     
 -0.91339697268935072      -0.23738243512893481     
 -0.94425357558644718      -0.23077111400287689     
 -0.94324963247422455      -0.24406193038549276     
 -0.93729008967115190      -0.26298230265565309     
 -0.93702782363514558      -0.28226575926444603     
 -0.92490358087997360      -0.28729017273218960     
 -0.90885402470507515      -0.28468392497585598     
 -0.89558558593288939      -0.28585405227945548     
           5
  0.31476513979186538      -0.24194759176699596     
  0.26446584444093052      -0.21889497515290923     
  0.25300113808102664      -0.26025972902614547     
  0.27633565986923286      -0.26262740714348853     
  0.30823899601050569      -0.25905688206749211     
           3
  0.43496661447648205       0.10508958280547741     
  0.41603843492140824       0.10430837988788051     
  0.44700913737612674        5.4756174619662520E-002
          10
  0.43596330772516784      -0.57246565961668439     
  0.41514622230064668      -0.57082010561108731     
  0.40432776516136298      -0.56566380515014292     
  0.39961225463414424      -0.57257108069919249     
  0.38232058173570671      -0.58040054607804592     
  0.37368409948547748      -0.58521313934232400     
  0.38109282950460532      -0.59718195208811709     
  0.41013531097044198      -0.60937552760580571     
  0.43482871008543217      -0.60473667845882073     
  0.43440421100497806      -0.59254521242831981     
           4
  0.21853871278948439       0.91013735818807284     
  0.20694303017928087       0.88104912741212837     
  0.22418779484108409       0.85943849803837258     
  0.22066677937960721       0.87956942907193914     
           4
  0.63726066828161054       0.17154090025945143     
  0.58878264350522391       0.13059476292278444     
  0.62882557710359910       0.13624818513964781     
  0.64351230509929458       0.12869148222359650     
           5
  -5.2815799947727990E-002  0.82272154113247042     
  -8.9800405724643761E-002  0.79974906529933665     
 -0.10056702597203296       0.79069026307801848     
  -9.1574250048817779E-002  0.77540306453446317     
  -5.9215565870469958E-002  0.77929611193297699     
           7
  0.17332270748558198       0.11173150263169571     
  0.16300492059499586       0.11999409779658594     
  0.15146379361682999       0.12238462992382787     
  0.11559746069881972       0.11029479430743619     
  0.11898939387472457        7.1026698351338013E-002
  0.14890970441627552        7.6292503541794260E-002
  0.17496947325280993        8.7371452293988905E-002
           8
 -0.71772382702118775       0.64555238243060042     
 -0.71774926326581823       0.66076429130396475     
 -0.74138477506887812       0.66403704550728893     
 -0.76487389078186141       0.66121231095893040     
 -0.77539312720491171       0.63572693342181719     
 -0.76258893880200951       0.61110389275952015     
 -0.74039823211150890       0.61128403928985131     
 -0.71982148397534229       0.61800508449651170     
           4
 -0.10168196243536938      -0.17579861235549085     
 -0.12150950776202098      -0.17653312417871872     
 -0.14614279145466050      -0.18274092102444761     
 -0.13376846545486623      -0.22206830630218571     
           4
 -0.32954434640253200       0.93697913333527283     
 -0.37555636975980194       0.91628150328102109     
 -0.37165554464518441       0.89181053971945334     
 -0.33547067659961677       0.88164824247653273     
           8
 -0.90106945622848367      -0.52416309958542162     
 -0.92238297746554931      -0.51770122505516303     
 -0.91982498135347646      -0.53243674317730816     
 -0.92788886083441158      -0.52683867880842750     
 -0.93607700721422660      -0.52269112842341026     
 -0.91405152584925820      -0.57989424065618356     
 -0.91052106680498945      -0.56779798209940280     
 -0.89133621699335142      -0.55385739447984239     
           8
  0.82954139503273527      -0.92140334575093330     
  0.82521108758023876      -0.90524897050153497     
  0.81248824185383350      -0.90490173628187309     
  0.80783645181712604      -0.91603313215080107     
  0.76995456590050537      -0.90390570200163167     
  0.78084324969923158      -0.93042804794855893     
  0.81441150844727617      -0.96228333698280588     
  0.83025393402015579      -0.96241569154017381     
          10
  0.63614607851074034       0.66910650862988486     
  0.64427103213261583       0.67805267989743279     
  0.61737655476315423       0.67854022789711443     
  0.58341943904245930       0.68916835685162048     
  0.58314663599617123       0.65784738804894505     
  0.61387830855158165       0.63863506969657513     
  0.61484868284790217       0.63036314321612685     
  0.63481552607158198       0.63219194211566210     
  0.63313400947233678       0.64170473750998758     
  0.63384975856048009       0.65464455456801585     
           3
  0.85285208401341805       0.54961844558757866     
  0.82412821130265301       0.54079734587928918     
  0.85592151922278725       0.52924460098002912     
           9
 -0.73951292835459259      -0.47924682937591467     
 -0.73583546582270498      -0.46303952907886203     
 -0.75177269774660682      -0.47517868623565068     
 -0.77380883740109863      -0.47061833962797395     
 -0.77005212530514233      -0.51386578635703739     
 -0.76521337247953314      -0.52272845724960448     
 -0.74892252174078988      -0.51239987953996924     
 -0.74950884885546099      -0.50049339713831476     
 -0.73983495030452262      -0.51559772013299465     
           8
   2.9107470611885206E-002 -0.62147241229524164     
  -5.3955283648006672E-003 -0.61489895326434851     
  -9.4000312685439767E-003 -0.62531065523017038     
  -2.0249347466143479E-002 -0.63283812230953784     
  -3.0104849812627694E-002 -0.63416223761292245     
  -1.9134094218855625E-002 -0.67270609455110209     
   5.1719336383703020E-003 -0.66432399539233200     
   2.1078649372565102E-002 -0.65910601306894401     
           6
 -0.43357153351876715      -0.26294441865161960     
 -0.47776119107748782      -0.26598781967258900     
 -0.48573265780844060      -0.28834749626619660     
 -0.44661285720832766      -0.30262984266278625     
 -0.43135371816938539      -0.30299822762288142     
 -0.44355626823314859      -0.28592813251732446     
           8
 -0.90269249775718186      -0.46365443265803058     
 -0.91068122525137785      -0.45988799109836981     
 -0.91988883810347766      -0.45036852410881389     
 -0.95507286696666971      -0.44241923899184815     
 -0.95972259431383777      -0.48212856496805062     
 -0.95242320259658841      -0.49762517468170447     
 -0.92512952673997073      -0.49281238789486775     
 -0.91068633193796777      -0.48247051941756186     
          10
 -0.60580728225464897       0.23844024455669505     
 -0.62499075797071257       0.24759408125652593     
 -0.66200840553778295       0.23849821706496666     
 -0.66092548975984766       0.22434437618545278     
 -0.65755063404412639       0.21428317290657201     
 -0.65330323400006141       0.19610615447618834     
 -0.63237719081010690       0.19159272140632694     
 -0.62010977955947844       0.18947018960261330     
 -0.60664872679215609       0.20004026552979798     
 -0.60124082152982927       0.20684406585373921     
           5
 -0.66787979100834693      -0.22331608988717433     
 -0.69851048772770141      -0.21463283125246349     
 -0.69890772580866090      -0.25023017229048444     
 -0.64139693567939726      -0.24816997433557925     
 -0.64366528486092489      -0.23524609068396593     
           3
  0.53878757480192108       0.74105231452773102     
  0.50545679727204817       0.71653903278657627     
  0.55857838659594750       0.69361632229104497     
           4
  0.68881508628244303       0.44362739717133781     
  0.64472313538033810       0.43835539077711466     
  0.66436017363680311       0.39951523380839110     
  0.69844209624056797       0.39941313312062221     
           4
 -0.14557494831181608       0.28179164004258062     
 -0.16158626091267256       0.28948960924307926     
 -0.18515064403088641       0.28655665891792576     
 -0.19544444354852011       0.25525615891764597     
           5
  0.49098755217785001      -0.28145368178787822     
  0.48005668694055642      -0.26817368867931979     
  0.44429131940349503      -0.29096830299730403     
  0.43459289225847186      -0.30864274160522948     
  0.44757826392600897      -0.32390520698801417     
           7
  0.89194534588015484       0.96436490009453746     
  0.86205895691865275       0.96000911201474493     
  0.85370197796577052       0.97263750070850696     
  0.84574995891194271       0.96090716756997974     
  0.86061565162801135       0.92542396652581171     
  0.87000749168289448       0.91317899007946646     
  0.87211557844566978       0.92628342191422708     
           8
 -0.69578148631937176       0.20607432374200108     
 -0.70529038564014901       0.21151636740268090     
 -0.73233929545452325       0.20952549481808980     
 -0.74668231787335770       0.17515093394512760     
 -0.74414317988817702       0.15969464312953660     
 -0.71264587916723687       0.16954760391312818     
 -0.70344148080405966       0.16924777479801834     
 -0.69685146771625672       0.18463409414713147     
           6
 -0.88295994884980000      -0.14843934240354359     
 -0.92877824708438916      -0.13872204859083656     
 -0.93683158107315290      -0.14562255688778913     
 -0.93387818633103659      -0.15567638551703064     
 -0.92895031219984547      -0.18457055021600086     
 -0.87937876407063198      -0.16923340214825344     
           6
  0.56138390409180383      -0.59114519669362064     
  0.52469918921820791      -0.57024996296648822     
  0.51609069234441018      -0.61067676011949212     
  0.50729932610644835      -0.62555685414175555     
  0.54477546292541412      -0.62658962333881940     
  0.56542730983035239      -0.62259463531875281     
           9
  0.95318627249587828       0.34482978532082348     
  0.94453917203894455       0.35129365156369768     
  0.90728927790491232       0.36005403463680552     
  0.89549275907943893       0.37077140644119400     
  0.89884359882528120       0.33654711658603453     
  0.90548858433575485       0.32717164581245117     
  0.89393519702170687       0.31323937235906379     
  0.92184201781375597       0.31415391788581987     
  0.94807158430336447       0.33297212800396242     
