   1.0000000000000000
   50.000000000000000     
          40
           8
   8.0000000000000000     
   10.000000000000000     
   7.0000000000000000     
   4.0000000000000000     
   2.0000000000000000     
   5.0000000000000000     
   7.0000000000000000     
   8.0000000000000000     
   5.0000000000000000     
   10.000000000000000     
   1.0000000000000000     
   8.0000000000000000     
   5.0000000000000000     
   8.0000000000000000     
   5.0000000000000000     
   3.0000000000000000     
   5.0000000000000000     
   8.0000000000000000     
   3.0000000000000000     
   1.0000000000000000     
   1.0000000000000000     
   4.0000000000000000     
   4.0000000000000000     
   5.0000000000000000     
   3.0000000000000000     
   5.0000000000000000     
   6.0000000000000000     
   8.0000000000000000     
   1.0000000000000000     
   10.000000000000000     
   6.0000000000000000     
   10.000000000000000     
   10.000000000000000     
   9.0000000000000000     
   8.0000000000000000     
   7.0000000000000000     
   10.000000000000000     
   2.0000000000000000     
   9.0000000000000000     
   7.0000000000000000     
           1
   0.0000000000000000        0.0000000000000000     
           3
   9.2859599234712209E-002 -0.61284950874478072     
   8.2096483492435646E-002 -0.65054734525353686     
  0.12617288290119991      -0.65326132655007685     
           3
  0.43369611423978538      -0.40140452979713459     
  0.40414028926075563      -0.41656767250980470     
  0.44835926947370669      -0.43290533027125960     
           8
  0.78409239496643357       0.93829512930302150     
  0.76246700782999699       0.94910259866773361     
  0.76098353634243332       0.93777366756982294     
  0.75213241185139723       0.93837092871396743     
  0.74464594787893046       0.92524237160405554     
  0.74399951594823222       0.90556754830566155     
  0.76995649303504099       0.90346450022857350     
  0.78999981052729595       0.92212880933801611     
           8
  0.73183439973958153       0.36967301709010564     
  0.70879192006039160       0.38933736604257763     
  0.69368393270235529       0.39357143676234158     
  0.68340737106780169       0.37232238392531780     
  0.67965536141323812       0.35516247308621363     
  0.69768640800846049       0.34807160556577621     
  0.71890173284101833       0.34665121778680236     
  0.72891267325734110       0.34015717052556305     
           4
 -0.30372625752173549      -0.43400263792110882     
 -0.31161676870013399      -0.44619287372437483     
 -0.33498265350487233      -0.43954515189084642     
 -0.29704204925797234      -0.48518312140061837     
           7
 -0.80771690062041590      -0.49992502845409975     
 -0.83766247893589485      -0.49300180841649799     
 -0.84650400646398705      -0.49542515828493505     
 -0.82421602011066919      -0.54346775989605889     
 -0.81265325821091017      -0.54009186590931246     
 -0.80289899052261304      -0.53347624986543762     
 -0.80673719754561379      -0.52050442712443445     
           8
  0.69608455589653162       0.72541181051667913     
  0.67846307164992237       0.71471284830360315     
  0.68406590860700212       0.72808597385269458     
  0.64961262759188632       0.72407960551669914     
  0.64975495783181803       0.70624469561622949     
  0.66123811964550139       0.68631608061964799     
  0.67057465652415504       0.68297871333563465     
  0.69220668547524022       0.67425571129549988     
           4
 -0.16797006399502340       0.60662829415022279     
 -0.19190611934166873       0.56079221641003485     
 -0.17464992865192860       0.56649501088072607     
 -0.14096552851320446       0.57417284366010402     
           7
  0.62261672192982620      -0.26642642258890398     
  0.60368983198922477      -0.25340433314879479     
  0.59128911565680331      -0.26381065245677482     
  0.58326562466700238      -0.26533009327973328     
  0.60424400347803364      -0.30549985178262973     
  0.62477869905205008      -0.29885473881167890     
  0.62424218905303996      -0.27855609555280675     
           7
  0.36121976853926996      -0.31622789594106071     
  0.35686999248018991      -0.30195271185941464     
  0.33570299800841530      -0.30982778645351783     
  0.31285145094416883      -0.31272206663634011     
  0.31892156149252526      -0.33308651864310823     
  0.32155694598022283      -0.35093432523167850     
  0.33776703804638769      -0.34511700557829250     
           3
  -6.9337450118142172E-002 -0.47938272068714838     
  -6.4480826771702138E-002 -0.46477518536174339     
  -9.3546036507560201E-002 -0.50477855239124458     
           5
  0.89532033607465733       0.38587754414252262     
  0.86024810245764960       0.38586338585931662     
  0.85377639300995500       0.39354259235518269     
  0.84988744407274230       0.37527889899154182     
  0.84736392777662484       0.35626645066726342     
           7
 -0.33068647589517514      -0.21921842132968961     
 -0.35908768869715846      -0.21819323535894225     
 -0.36124272301646276      -0.23339399767767069     
 -0.33828277617797370      -0.27088140686136708     
 -0.32086673801658810      -0.26246268756331304     
 -0.31683173325197345      -0.25419021122518731     
 -0.32788200027256875      -0.24330882183447444     
           4
 -0.16072944220857702       0.91290429042251453     
 -0.20516858573902638       0.89869820537695311     
 -0.18154289564296724       0.87681755580360676     
 -0.17416424824011589       0.88535746671163718     
           4
 -0.78869767457490136      -0.18368496225561454     
 -0.80540313291306365      -0.18974034332914314     
 -0.80012449684748910      -0.20275828333438886     
 -0.75656942042298736      -0.20378674319340470     
           7
  0.65112880035868259       0.76355316520037875     
  0.61289968246684257       0.78010080907037782     
  0.60026670875570987       0.75497488309554595     
  0.63077531015549559       0.73518039848081795     
  0.63420761173152884       0.74668769569743287     
  0.64653613464603321       0.74872886628898860     
  0.63844787070485132       0.75401554634963608     
           3
  0.44934110367048707       0.70987494402947304     
  0.42099050222098722       0.68516903939497420     
  0.41380706281320861       0.67115455744818542     
           5
  0.91993271942593102      -0.30087579104696466     
  0.87671401301630181      -0.28801883214828367     
  0.88053410659524878      -0.33156203041409876     
  0.89994719191125971      -0.33416455017586688     
  0.91587437155561824      -0.31807005469433741     
           8
  0.14419109907386135       0.62633893750605985     
  0.12753113640980915       0.61811777088156061     
  0.13114246020337586       0.62597741264065032     
  0.11907166685530049       0.62858886178913964     
  0.10531525216536590       0.61821863439511815     
  0.10850061310349829       0.58731381069378230     
  0.11144616280356409       0.57904843335315048     
  0.14258627955219910       0.60208705958670539     
           3
 -0.44326104580547276      -0.36282068376595195     
 -0.43247686233802801      -0.40921563625231183     
 -0.39983837136936862      -0.39823913313965886     
           8
 -0.94309734287271585       0.87887522968527654     
 -0.95238770767619629       0.89141508408840364     
 -0.96143784660163700       0.88828434615788421     
 -0.97478321631875742       0.88504275397424137     
 -0.98394498610878378       0.86798877001565844     
 -0.98138163711006732       0.84443012633861125     
 -0.96847609328201290       0.84977252549796112     
 -0.94458489944522284       0.85366053168206291     
           4
 -0.90376576318570712      -0.68897872754247635     
 -0.91756427611371749      -0.69485471769357832     
 -0.92081228046211561      -0.73089708705962508     
 -0.90097863388367105      -0.73074745918677397     
           3
  -7.3563169525331859E-002 -0.70709559162240820     
  -9.0707678033784309E-002 -0.69801266025311259     
 -0.10624135409057969      -0.72793530375204196     
           8
 -0.44237868092146798        5.4675664864638096E-002
 -0.45570442128589250        5.2711069020224433E-002
 -0.46600966436595348        4.2363263173710419E-002
 -0.47169937442939525        4.7764743900004569E-002
 -0.48123656588750535        1.9808194223891771E-002
 -0.47114378805851304        1.9449148271458851E-002
 -0.44656232397805684        1.2990923485986834E-002
 -0.43864646607260549        1.3005554969378599E-002
           8
  0.61301544273942477      -0.42956799119470584     
  0.59699780962852111      -0.43229073826134479     
  0.58418694180011999      -0.43480902762488693     
  0.58338419128822527      -0.45266196970946349     
  0.58192669314239476      -0.46563499219517307     
  0.62517831911438959      -0.47293542378763903     
  0.62542672903720953      -0.46060128697385760     
  0.62580866180518135      -0.44981117691192318     
           8
  0.82013419602122695      -0.46655570045688294     
  0.82816460155405391      -0.45836804646993484     
  0.82037319726136870      -0.44803652620327394     
  0.77943167366407773      -0.44837480057279910     
  0.78268641047302856      -0.46349673390776502     
  0.78810474848090406      -0.48375112635614304     
  0.80943065777131973      -0.48883522598169743     
  0.82346059933370697      -0.48216833519198860     
           8
 -0.31978563215197847       0.21843847352398063     
 -0.31303896597813563       0.23108748148555186     
 -0.35404566265425386       0.23083038600686170     
 -0.36648840453459158       0.22614000745272661     
 -0.36501259086606397       0.21830848548651177     
 -0.35676257055863714       0.19304826604881578     
 -0.34738651275440546       0.19667202610846229     
 -0.33947465199155707       0.18427893760082156     
           5
 -0.72283740274375352      -0.69977738481801821     
 -0.76262845903340937      -0.69881789496367752     
 -0.76332656724018055      -0.71065979842583116     
 -0.76673647693139257      -0.72923247761037857     
 -0.73165710669654516      -0.71881769477033131     
           6
  -4.4320778237549367E-002  0.35110073386613638     
  -5.7514820432857550E-002  0.37169703687536615     
  -8.8448690713849448E-002  0.36439068088186805     
  -8.0700155736047857E-002  0.34559390994854916     
  -8.8486530430811838E-002  0.33091337100325968     
  -7.1739606718057278E-002  0.32183797826664373     
           7
 -0.21811832175584533       0.32485876384223783     
 -0.24357227250715260       0.34639804917866812     
 -0.26710856005783590       0.33724411824443301     
 -0.26275193176522443       0.32858991165056928     
 -0.26227695569509790       0.31476338464923181     
 -0.25217832962395637       0.30315123302525965     
 -0.23075725649364859       0.30909037409146728     
           5
 -0.28161872825159323       -5.8243829566788960E-002
 -0.28990968607552764       -6.3753381227246192E-002
 -0.31839120734832005       -9.7938526454718497E-002
 -0.29754151320193950      -0.11002121425937945     
 -0.28631466905673425      -0.11087268013484955     
           4
 -0.56716308733283027       -6.5640605237504951E-002
 -0.58812445445307837       -6.8188894161447050E-002
 -0.60695227619953562       -8.8067593590651014E-002
 -0.55770439759973300       -9.7300665897797275E-002
           6
  0.53423284973042207       0.91652001939498284     
  0.50056865041657428       0.91972391589020053     
  0.48910994287332227       0.91247740812803424     
  0.50017807473762577       0.87321691251765965     
  0.51367950076474600       0.87022863148648677     
  0.53465059548618254       0.87195194637432438     
           6
 -0.19630055055423157        4.9980244533476478E-002
 -0.21512145801271601        3.6765471589276406E-002
 -0.19766158970006462        1.5025962891820200E-002
 -0.19813469329718744        5.5508879295879249E-003
 -0.18191456317908966        1.5760979208267342E-002
 -0.17302412723766158        1.8604195956824731E-002
           4
  0.18553114055142925       0.17799636309085756     
  0.17103125830654411       0.16024124770351136     
  0.17596734031206526       0.14100407277756305     
  0.20096683027320186       0.14945809023853915     
           6
  0.36373153838833855        6.8359888843348482E-002
  0.35735492906824901        8.5991523620347940E-002
  0.34427016650417736        8.0993893760038904E-002
  0.33443452116209327        7.5970443946985933E-002
  0.33225606844538869        5.0582466682430882E-002
  0.33504499735173177        3.9059684625456934E-002
           6
  0.57456154818793892      -0.11574578178712763     
  0.56331865242317292      -0.11081260718394442     
  0.55012644003046962      -0.11423506753259255     
  0.54556934548967817      -0.13370949413581176     
  0.57999204776960733      -0.15068962644815451     
  0.58388056673815014      -0.13965241651861188     
           3
 -0.25423836581130943       0.73712836831135631     
 -0.24922238512894154       0.69144186172018973     
 -0.22861909458046240       0.70074534000698330     
           7
  0.26736790177225683      -0.69263980270983405     
  0.27460665265272755      -0.68013374675686422     
  0.25430040087660127      -0.68138185018598518     
  0.24159365106598360      -0.68670079825011565     
  0.23185044763613441      -0.72644844550682985     
  0.24161119538434628      -0.72046697395111048     
  0.26572343094182527      -0.72604415827033975     
           6
  0.14225836001583725      -0.66514026478829025     
  0.12769400670052841      -0.67101554604455238     
  0.11736352294453152      -0.66740534644893679     
  0.13412155942685106      -0.70879744405531120     
  0.14479129573237223      -0.70690464045565016     
  0.16566861576112282      -0.69285716916394269     
