   1.0000000000000000
   30.000000000000000     
          15
           6
   2.0000000000000000     
   4.0000000000000000     
   4.0000000000000000     
   1.0000000000000000     
   7.0000000000000000     
   5.0000000000000000     
   3.0000000000000000     
   3.0000000000000000     
   9.0000000000000000     
   1.0000000000000000     
   7.0000000000000000     
   10.000000000000000     
   6.0000000000000000     
   5.0000000000000000     
   8.0000000000000000     
           1
   0.0000000000000000        0.0000000000000000     
           5
 -0.50694552815977478      -0.20481897812488006     
 -0.53476395691943912      -0.14261581624586578     
 -0.63670372140383080      -0.25839633752646912     
 -0.61689946328332002      -0.31403050428844037     
 -0.57874152640352994      -0.29788113540646466     
           5
 -0.31101615735285815       0.54213481158236010     
 -0.34155067459058935       0.57082565098380422     
 -0.45081827508123440       0.54817225833747463     
 -0.43035595910388319       0.46161932615700796     
 -0.29369230320557005       0.47865815594606304     
           3
  0.58188221791730244      -0.10736376570037892     
  0.50321285051912445      -0.16114825610807448     
  0.55150758666127853      -0.25363624215503244     
           3
  0.13570763010140374      -0.47779125651225018     
   7.5511791703642167E-002 -0.59209446628789686     
  0.11293205306397983      -0.63096232045372547     
           3
  -7.4294305439617514E-002 -0.22081898573570369     
 -0.15795079676104887      -0.19592476164959000     
 -0.17114111557006512      -0.24655511624491031     
           4
  0.50871978733357615      -0.63854119958342204     
  0.40411807180605708      -0.59348792691652563     
  0.37349811648317544      -0.74855691758465892     
  0.50429662539407571      -0.74116708428645361     
           5
 -0.69973389405702402      -0.77397784771523637     
 -0.84492540559959073      -0.83145053187704210     
 -0.82438532546844923      -0.86321939835843720     
 -0.83551097089586912      -0.91665922967121272     
 -0.73769719959902624      -0.91778164725726830     
           5
  0.93383531530160491       0.32190231624299781     
  0.83906609297188894       0.33152391327363473     
  0.81128400168165349       0.28890917124087384     
  0.85447958586481887       0.18109908458851248     
  0.89790490901365483       0.17791759279853664     
           6
 -0.80623523445814382      -0.12853793977078806     
 -0.91102884491768055       -8.8724902813194714E-002
 -0.95060335175832866      -0.12140232981414553     
 -0.97193680646940162      -0.18635760509896748     
 -0.95390018984047398      -0.25575958790791792     
 -0.87778624200173516      -0.21840647686228276     
           6
  0.10962306789051146       0.26183536935965657     
   2.6360449401153563E-002  0.28778907053370839     
   7.3426545849851005E-002  0.11737914387536966     
  0.11324588112221733       0.15052294529990279     
  0.17401871687450110       0.12372159424944132     
  0.15878976302171810       0.15575618397383628     
           5
  0.88529565049363534      -0.28162845465382802     
  0.73552108628175961      -0.26684350900173137     
  0.71118245785824363      -0.39405981086005626     
  0.74498485842316953      -0.41726508232193726     
  0.82114964368311893      -0.41991462374407146     
           4
  0.68474807681277194      -0.75828226345566918     
  0.67370733426785190      -0.81584285379902011     
  0.71036803802557746      -0.91972922637677335     
  0.82372228202219455      -0.90486667867273207     
           6
 -0.61742385111441478       0.11841575193475593     
 -0.75106163499375833       0.15374351020866323     
 -0.76950999205988901       0.10067061466617847     
 -0.78005295415648612        1.6904262110943036E-003
 -0.72294852540394261        3.5448792467724720E-002
 -0.61596141291194484        1.1424156068896102E-002
           6
   5.2854574364729442E-002  0.85342712026741341     
 -0.11766683896249229       0.82363793973559118     
 -0.10416194694452506       0.79473707265302518     
  -6.6624371828764128E-002  0.75982168623049873     
  -3.2169974816504132E-002  0.78270897792896987     
   2.2899217533229321E-002  0.77736780891405455     
           3
 -0.60058298495551310      -0.45385165539497613     
 -0.60014280639010475      -0.56895890890085754     
 -0.56173888145897022      -0.53285343853392775     
