   1.0000000000000000
   30.000000000000000     
          11
           3
   3.0000000000000000     
   5.0000000000000000     
   1.0000000000000000     
   6.0000000000000000     
   9.0000000000000000     
   6.0000000000000000     
   5.0000000000000000     
   6.0000000000000000     
   2.0000000000000000     
   10.000000000000000     
   3.0000000000000000     
           1
   0.0000000000000000        0.0000000000000000     
           3
  0.75012201246245025      -0.51525688812786308     
  0.74208966439347490      -0.56993201100011837     
  0.92690901548102000      -0.55279059306667611     
           3
  0.98150615751832060       0.89124874980757962     
  0.86133372448346168       0.73249970249129648     
  0.97951173718049334       0.79393606938009254     
           3
  -4.4658283410734301E-002  0.23672545573183468     
 -0.19083078740935155        9.9331152502496162E-002
  -5.1666386678790727E-002   5.8398171859712522E-002
           3
  0.40553849922289176      -0.32448772093499684     
  0.33633662183382035      -0.49206836340123117     
  0.47889995197479701      -0.43503482393467946     
           3
  0.57522052518778244       0.23211950044818683     
  0.60688136545565774        9.6021128962790317E-002
  0.70746924985917914       0.10403102602296213     
           3
  0.52942223661215615       0.24060694894546070     
  0.35489378039121833       0.21897662785213576     
  0.47507261995411548        6.7613817689302053E-002
           3
  0.17533039790739713      -0.63573417610076244     
   5.4669646214399306E-002 -0.64592742639861578     
  0.21170570917490852      -0.70623637100273873     
           3
 -0.76806481420965644      -0.16762254861829501     
 -0.85757283263501449      -0.28904785189082349     
 -0.69875688072301956      -0.30648894545749250     
           3
  0.30298269198442274      -0.12833833487597451     
  0.16021054332802492      -0.14380048217395078     
  0.12099051591350460      -0.25679590920484319     
           3
 -0.43035845553063157      -0.80393975046019739     
 -0.55754203843864192      -0.77443399926133161     
 -0.53424180470952987      -0.84213154340240770     
           3
 -0.45211301463711462       0.32806543624093176     
 -0.41140264413694155       0.21318146365202867     
 -0.25770831047891724       0.18069546449884183     
