   1.0000000000000000
   30.000000000000000     
          11
           5
   3.0000000000000000     
   2.0000000000000000     
   9.0000000000000000     
   4.0000000000000000     
   9.0000000000000000     
   8.0000000000000000     
   2.0000000000000000     
   4.0000000000000000     
   10.000000000000000     
   4.0000000000000000     
   9.0000000000000000     
           1
   0.0000000000000000        0.0000000000000000     
           5
 -0.51587275677910227       0.63046390935643026     
 -0.68154414951550490       0.73755035125587110     
 -0.69150745165195615       0.60777421820654864     
 -0.70814096471943466       0.54740444490222606     
 -0.66963632463518263       0.54379667732714798     
           4
  -3.8897544596055260E-002 -0.54454536296516010     
  -8.2282121646868586E-002 -0.67190884566673681     
   5.7045605715181386E-002 -0.68342256328780771     
   9.7289528524314758E-002 -0.69995176904017264     
           5
  -6.8046673641724204E-002  0.36177951985074841     
 -0.11669349700821140       0.36255354382355942     
 -0.17892742989786670       0.32503132201793478     
 -0.18688680214474468       0.24350171848312674     
  -4.5432671660125115E-002  0.24971028625436736     
           4
 -0.15214873485424335        4.2288118686912582E-002
 -0.29398453355853171      -0.11182260378878116     
 -0.23294618646251608      -0.11476485322369397     
 -0.15737703126962313       -9.4551148831826248E-002
           4
 -0.69712324713442497      -0.24361804474351828     
 -0.79654000292116511      -0.20442886780470265     
 -0.81567737548688435      -0.35963461913757627     
 -0.76325325176914083      -0.37885052067327479     
           3
  0.27099932500060081       0.79594670848922733     
  0.12024976677497028       0.60469486794962868     
  0.31030541385355931       0.68423123447837764     
           5
 -0.72688870558080754      -0.73131242571518007     
 -0.77605247061593818      -0.64526316805554496     
 -0.84674919426870399      -0.66064932424838640     
 -0.90061202383939820      -0.79904617572287728     
 -0.72249447110239706      -0.82560178364742853     
           4
  0.79654388780111729      -0.33246938061709980     
  0.81333209856506694      -0.38770685513766839     
  0.83417217144344225      -0.44247677003415636     
  0.97302739408999361      -0.45743613089891116     
           5
  0.63594809026802124      -0.75055092277322910     
  0.52003582815002380      -0.75007736166784122     
  0.51580188751084033      -0.88623406737256094     
  0.55491388709454881      -0.91771689592493144     
  0.70349468650763891      -0.82937986078978976     
           5
 -0.33890944711340498      -0.71751072900758206     
 -0.38791593261961133      -0.70367586113421077     
 -0.43279537606972746      -0.67918327673253986     
 -0.51520336682470558      -0.74845336315456201     
 -0.44852666923585788      -0.82514582703433559     
           5
 -0.77348043865833871       0.52168322097766540     
 -0.94177152851891721       0.46708938973922404     
 -0.89840009719944935       0.37351256571726121     
 -0.93240805302436947       0.33355894643702222     
 -0.78732377126910980       0.35490928403575478     
