   1.0000000000000000
   30.000000000000000     
          11
           4
   3.0000000000000000     
   3.0000000000000000     
   7.0000000000000000     
   7.0000000000000000     
   5.0000000000000000     
   5.0000000000000000     
   3.0000000000000000     
   10.000000000000000     
   9.0000000000000000     
   2.0000000000000000     
   4.0000000000000000     
           1
   0.0000000000000000        0.0000000000000000     
           4
 -0.73260996587757943      -0.84589956990895454     
 -0.70420371646188584      -0.74299818435248277     
 -0.86528064895374379      -0.91619082981933919     
 -0.80594467153785798      -0.91249365926756565     
           3
 -0.40649743275052863       0.75231403653657614     
 -0.40760129802703893       0.58225079981729966     
 -0.29821157520636909       0.62638250073812829     
           3
  0.84211201580073070       -1.7821792064196859E-002
  0.84859153736484760      -0.15874653483690054     
  0.93330835508797338      -0.13915439702667087     
           4
  0.49573349238469250       -9.1757546303572718E-002
  0.51438696698241160      -0.13148383300875699     
  0.55280814613718487      -0.28446031967953900     
  0.61454352340594309      -0.27043493393238577     
           3
 -0.57253968598519478      -0.17222824647136795     
 -0.58493551007757894      -0.24233621952594461     
 -0.40262807837349024      -0.24660008333283878     
           3
  0.75174502340641181      -0.59964478888035078     
  0.59558155668455559      -0.70502714597383043     
  0.68996512893389561      -0.73519125686089648     
           3
  -3.3043569455534771E-003  0.92281882979798713     
 -0.15702106612816832       0.78813257426784300     
  -1.5841467543762533E-002  0.77593361154407015     
           4
 -0.74614536232026785       0.71998158117373023     
 -0.88888000291009550       0.70823794739422907     
 -0.92628141816636689       0.66225174614368487     
 -0.72350358701192885       0.65691227587891143     
           3
   5.3739503470818809E-002 -0.46143283387225192     
   7.9657289152262389E-002 -0.61239719516902702     
  0.22916528012294435      -0.60774068476131393     
           3
  0.35808463046905953       0.49649603990872515     
  0.31592791756486355       0.32541974561582088     
  0.45137029174556342       0.39634267415229829     
           4
 -0.50204657140309095      -0.40056282586218622     
 -0.63879254627087079      -0.44731785570948396     
 -0.63560153491535998      -0.50153909064665891     
 -0.54642983182952809      -0.60134283395552668     
