   1.0000000000000000
   30.000000000000000     
           7
           7
   8.0000000000000000     
   8.0000000000000000     
   3.0000000000000000     
   7.0000000000000000     
   1.0000000000000000     
   6.0000000000000000     
   5.0000000000000000     
           1
   0.0000000000000000        0.0000000000000000     
           6
  -4.8084573943852266E-002  0.65523540879765407     
 -0.11475083443119341       0.70061793786939286     
 -0.21815763088326595       0.71715458502835272     
 -0.22936480212912438       0.63662311050752463     
 -0.20492622946676456       0.51507019991645031     
  -4.3073749465641936E-002  0.55276964524948502     
           4
  0.91325805377205893      -0.38453229761599822     
  0.88403370873664300      -0.30598491554155793     
  0.69457854931060226      -0.50525722691175212     
  0.87481663981032831      -0.45713463844048541     
           3
 -0.22992471962133715       0.25268806305149999     
 -0.15320332360235422        4.1459940172007839E-002
  -9.3389454250324841E-002   4.6985619433400946E-002
           4
 -0.59097787645794919      -0.52023987479523237     
 -0.68813632292432336      -0.49413377670040992     
 -0.67328400216246465      -0.68701941991407312     
 -0.56298546128279392      -0.61677642840115920     
           3
 -0.27501204393800405      -0.14065773346745830     
 -0.25987854998140564      -0.32137192076305066     
 -0.17767445347618485      -0.29822831883063367     
           3
 -0.71744505888166898        7.6697545643849285E-003
 -0.82122419457049278      -0.21088538115324534     
 -0.72049535862509761      -0.19573172913632489     
           5
  0.46882416353956502       0.91278266539527142     
  0.49533733841598021       0.83149389235017024     
  0.55079819076982672       0.73521251825597655     
  0.66299178405595283       0.70850218147076827     
  0.65361742743546480       0.79429433308731390     
