   1.0000000000000000
   30.000000000000000     
           3
           5
   2.0000000000000000     
   9.0000000000000000     
   5.0000000000000000     
           1
   0.0000000000000000        0.0000000000000000     
           5
 -0.23432497592694929       0.10013027497354271     
 -0.30210484852139557       0.12381151998249043     
 -0.39568019577496788       0.20295014617340243     
 -0.47485439886077385       -7.7881187192353707E-002
 -0.49318634921248800      -0.18297076470944282     
           4
  -7.5568301780315164E-002  0.72355279826008800     
  -7.8702590792968458E-002  0.84555735980922209     
 -0.38804286450958370       0.56357673024122590     
 -0.10223571099527211       0.52440609883126299     
           5
  0.88326256539197057       0.59393821349984943     
  0.72793201577480149       0.75339065992955001     
  0.57641845466463137       0.66496894689101671     
  0.64166069340685949       0.39127554541154275     
  0.77953144832412469       0.38505356219972142     
