   1.0000000000000000
   30.000000000000000     
           6
           7
   3.0000000000000000     
   10.000000000000000     
   5.0000000000000000     
   3.0000000000000000     
   5.0000000000000000     
   6.0000000000000000     
           1
   0.0000000000000000        0.0000000000000000     
           7
  0.84253114739887658       0.35916282604444505     
  0.87750329719986919       0.38892811203204081     
  0.63427771451708859       0.42228264207911320     
  0.60749314558986234       0.25678815047466308     
  0.65262845052013774       0.26170338957470729     
  0.80391821531836205       0.23279565194799490     
  0.85615691058605647       0.26476764866942154     
           5
  0.30163160628836422       0.73979549978868120     
  0.16873412467108317       0.74072197892519753     
  0.18317936655138228       0.56001228797725466     
  0.31612491427864381       0.51840478200624729     
  0.40782462617631804       0.50552264200934149     
           7
   9.3937922739575852E-002 -0.14814220762803948     
   1.5430554673242447E-002 -0.16022383554049707     
 -0.10930520434722127      -0.16394119785353206     
 -0.11234764638921529      -0.38657636113445293     
  -3.3101518220382951E-002 -0.40323303722492221     
  -1.6294327766966099E-003 -0.36776522007041768     
   6.3327658820377580E-002 -0.40679670881576624     
           7
   9.0334230313652619E-002  0.63993824164160129     
   3.3404366900200336E-002  0.67661998576157711     
  -5.3635295318778552E-002  0.66352573384694447     
  -7.7096957844438180E-002  0.62610478563376226     
  -6.4122226710161961E-003  0.40221394761681889     
   3.1218856558012237E-002  0.43145756744055574     
   7.5485177502019787E-002  0.53917999544068662     
           7
  0.55265377730315823      -0.10773164491219780     
  0.47679664008216099        1.6310694004901330E-002
  0.44320923486756364        6.6845252707078473E-002
  0.36702737606673985      -0.17553917687060316     
  0.40761730617599734      -0.19720619984924057     
  0.47407394286743643      -0.20638469343470983     
  0.57505000990841926      -0.15790048605840767     
           3
 -0.26424680616761453      -0.83445551598289125     
 -0.29306685134907395      -0.98623120905160488     
  -9.4466490308646248E-002 -0.93681253083776195     
