   1.0000000000000000
   30.000000000000000     
          10
           7
   4.0000000000000000     
   7.0000000000000000     
   2.0000000000000000     
   5.0000000000000000     
   8.0000000000000000     
   1.0000000000000000     
   1.0000000000000000     
   8.0000000000000000     
   1.0000000000000000     
   9.0000000000000000     
           1
   0.0000000000000000        0.0000000000000000     
           7
  0.74921726458644455      -0.23528164185127212     
  0.71614758463990813      -0.20854118162889354     
  0.55321893625613416      -0.15663623526137690     
  0.55000835933062864      -0.22090296707804666     
  0.58010557439990407      -0.25356337806358109     
  0.65843284120777867      -0.31312927562372384     
  0.75390575600287346      -0.30785468176768821     
           4
  -7.3388591175296711E-002 -0.32662674720523183     
  -6.4140784724160779E-002 -0.45195004475274630     
   4.1483030800293801E-002 -0.51083580053738797     
   6.2473185523019725E-002 -0.46263238706419640     
           3
 -0.63621658883221510       0.89441205758919307     
 -0.69512423879088459       0.89683408697118516     
 -0.56535404273911949       0.69420625612276943     
           6
   2.7963529383487340E-002  0.66137015313972092     
 -0.13493650039988023       0.75608987055957633     
 -0.13367870752529856       0.64417948377529699     
  -6.7693346719332748E-003  0.55928121487757565     
   4.8071979200740966E-002  0.56972376056546314     
   4.6680306865610810E-002  0.62241228379585833     
           5
 -0.46537394176612401       -5.7220777002612494E-002
 -0.55292067412664292       -5.3273169911537605E-002
 -0.62608890412989371       -4.5028800459090149E-002
 -0.62443978600046823      -0.15260631873606376     
 -0.46420384270807924      -0.10937797740368330     
           3
  0.79378402884251609       0.11317621145876960     
  0.66683983286279125        5.0980241607306284E-002
  0.74953055874763197       -6.6751650509343965E-002
           4
 -0.74925022966023991       0.26768055373322319     
 -0.94463662131521620       0.33396158220726491     
 -0.94676763347559501       0.22955094983603894     
 -0.74038977085841862       0.20487600380844478     
           6
  0.16976466354773351       -1.8170015428585207E-003
   4.3855475764867410E-002   2.3336977124946159E-002
   9.7259362494250712E-002  -2.5265945749892230E-002
   5.8074736886391323E-002  -1.9665433805670984E-002
  0.19668812137424463      -0.13718280547810346     
  0.24241669129505403      -0.14140078986633736     
           3
   9.5514884377990106E-002  0.91809114366483990     
   9.7152244555295822E-002  0.83198674709931075     
  0.24513898726409444       0.72749346616973598     
           3
 -0.74366886138232557      -0.27342234638051427     
 -0.86404713144283862      -0.18387995522154704     
 -0.76013816258148881      -0.36353156632356931     
