   1.0000000000000000
   30.000000000000000     
           8
           6
   7.0000000000000000     
   1.0000000000000000     
   10.000000000000000     
   6.0000000000000000     
   6.0000000000000000     
   1.0000000000000000     
   1.0000000000000000     
   2.0000000000000000     
           1
   0.0000000000000000        0.0000000000000000     
           4
  0.64321579733852230      -0.54896594138427490     
  0.48516308711562817      -0.46924116498755752     
  0.41725448668051246      -0.59181775405557169     
  0.52577230384689455      -0.62292673343804950     
           6
  0.97976317326817630       0.38475745051107579     
  0.94416191069309208       0.44468138780354882     
  0.87882826872838260       0.48841234688872298     
  0.75225328876379849       0.27961627000233480     
  0.81910533826590104       0.28106747226849182     
  0.97548772124307792       0.29728471321289118     
           3
 -0.61182203264839086       0.84212542020933123     
 -0.68765252778739505       0.82850652241350375     
 -0.50300469621113264       0.70110836767257434     
           3
 -0.35149831611528709       -3.1255633404476360E-002
 -0.35587784036649484      -0.15322745533189677     
 -0.16901019242280146      -0.20441600517538616     
           5
  0.35652893697351318       0.55049292119864934     
  0.20687184793742630       0.64481382947439558     
  0.14861604080425833       0.60051332792075940     
  0.18157540095661676       0.47389970697550143     
  0.29866240343321898       0.43509139094453597     
           5
  0.16204115080392956       0.20043999312430821     
   9.3254976773155834E-002  0.27037140968274859     
   8.2301750243261751E-002  0.13617276628287972     
  0.20752066319772791        8.8856233006035873E-002
  0.19620134289552021       0.17039288823506765     
           5
 -0.47291637093862171       -9.9306174502509018E-002
 -0.55142893427861450      -0.11983406853304489     
 -0.55079922378547941       -6.9095702174511123E-002
 -0.67469839203265947      -0.13118652820296162     
 -0.51898228708744720      -0.29040033027089185     
           3
 -0.38787979417130602       0.67393695621300642     
 -0.41436619681782083       0.58925384682593251     
 -0.42488179263800407       0.46184531472415230     
