   1.0000000000000000
   30.000000000000000     
          12
           5
   4.0000000000000000     
   3.0000000000000000     
   7.0000000000000000     
   9.0000000000000000     
   3.0000000000000000     
   7.0000000000000000     
   6.0000000000000000     
   7.0000000000000000     
   6.0000000000000000     
   6.0000000000000000     
   10.000000000000000     
   1.0000000000000000     
           1
   0.0000000000000000        0.0000000000000000     
           4
  0.23875817763541840      -0.79130738257195965     
  0.27215180235353698      -0.74465671552978496     
  0.16299356121158409      -0.76721568517089012     
  0.15763089350723153      -0.89757179697471778     
           4
 -0.53628892041223697      -0.40788495711749578     
 -0.60565921694522684      -0.31445884862549955     
 -0.63838222533435229      -0.49006087367789097     
 -0.58058490484400049      -0.49049534106079939     
           4
  0.48772094692992135      -0.47404362900818825     
  0.30474617414029687      -0.53105006654942744     
  0.30228034293030465      -0.57427521507373669     
  0.40771221353120285      -0.58082593224399759     
           5
   8.4124676492640257E-002  0.68343877349636273     
  -3.5978313416826516E-002  0.71248725853784500     
  -1.0443808288599296E-002  0.67091497130762345     
  -2.8331926250119835E-002  0.62531637616505875     
   5.4152150980504188E-002  0.53520246444325037     
           3
 -0.34781998741521836       0.98947209090178756     
 -0.33319889000094655       0.92625634554210501     
 -0.20023120627314228       0.91411687671073938     
           3
  0.53185423955238098       0.87420551574870831     
  0.36990218582312523       0.94603834446773294     
  0.37673567953551085       0.79656717460272819     
           4
 -0.17482572918215875       0.10397036745158553     
 -0.21825044970347762        6.4692527122798271E-002
 -0.23035541051886860        1.6616092110694834E-002
 -0.19546902025428861       -4.7822700140883884E-002
           4
 -0.77180671607967155       0.24452305133615237     
 -0.83148460008696956       0.23832648773582538     
 -0.75580898699513122       0.11835578940416966     
 -0.71562474861175740        9.4850334418353152E-002
           4
 -0.24412666695649163       0.56310913273409247     
 -0.43515784083827624       0.50216953211086479     
 -0.38404025111992918       0.43549997372216587     
 -0.24702556949685234       0.44125413432618732     
           4
  0.87809472031202440       -6.2034049708561967E-002
  0.75247083751197064       -2.2632381661525272E-002
  0.71980928449186621      -0.16535401952451292     
  0.85106467122269780      -0.15606911799485415     
           4
  0.23959112740078886       0.40807932468525543     
   5.9839108651365325E-002  0.51590004365149311     
  0.14201923506919625       0.31728482105208844     
  0.24306175182673898       0.33886405471111614     
           3
  0.78426484800037566       0.53930192513615638     
  0.81010425519427409       0.42221865591639862     
  0.85343014311200815       0.40041692771095511     
