   1.0000000000000000
   30.000000000000000     
          15
           5
   3.0000000000000000     
   8.0000000000000000     
   7.0000000000000000     
   10.000000000000000     
   9.0000000000000000     
   6.0000000000000000     
   4.0000000000000000     
   7.0000000000000000     
   9.0000000000000000     
   4.0000000000000000     
   1.0000000000000000     
   4.0000000000000000     
   2.0000000000000000     
   10.000000000000000     
   2.0000000000000000     
           1
   0.0000000000000000        0.0000000000000000     
           5
 -0.67363157066062662       0.16258179112490920     
 -0.77397852632494968       0.16320882430451625     
 -0.78959419987019253       0.13552131627580552     
 -0.80200015424631366        3.0181562207331848E-002
 -0.68969682342882399        9.2004685222366836E-002
           3
 -0.17027931600548080      -0.23510470823111301     
 -0.22694931331113374      -0.30167671077153652     
 -0.17418037847131257      -0.32819120836185001     
           3
  0.25020485243186891       0.85051657279929194     
  0.12119738865393992       0.89246868005542412     
  0.14864994996611419       0.76323622532986113     
           5
  0.82562903448254588       -7.4975894217900699E-002
  0.79683056861860546       -2.6796034055983707E-002
  0.67130824920652910       -8.4446283296673239E-002
  0.70722770170799576      -0.12456184927942719     
  0.79880609231590660       -9.6860749519090433E-002
           5
  0.25819181373176436       0.45737188524961769     
  0.10729275618054876       0.35576828242475400     
  0.10209630446297065       0.31509808256147309     
  0.22892552618963416       0.33494664055075413     
  0.26538123133855351       0.36335741277836053     
           5
  0.62692861951874945      -0.69730514002620947     
  0.50463648467545585      -0.66753110135614968     
  0.47983835599619251      -0.82549436108510676     
  0.52461523310438485      -0.83155910309210479     
  0.55919606730713634      -0.83026720860954217     
           4
  0.20791440617905216      -0.32337784870849240     
  0.16995004222695204      -0.30608490861600640     
   8.0278755425982423E-002 -0.30158575406431437     
  0.20944052908204899      -0.43333331172106765     
           5
  0.44012989100996491      -0.10851440083559435     
  0.33507811195315490      -0.11449046263722924     
  0.29825013683364321      -0.13865229534087803     
  0.27222019947813131      -0.24891315131672007     
  0.41104600402977970      -0.20638584948517316     
           4
  0.29367238028835063        9.2407692812959519E-002
  0.30522312980913535       0.13515449528759485     
  0.15632303025101760       -4.2448984718826410E-004
  0.25208280173146869        1.7677415267151469E-003
           4
  0.70415674057311073      -0.26812594896480640     
  0.64497471102503179      -0.33746044642636003     
  0.71098244803641708      -0.39291190583239993     
  0.75046985212424622      -0.39308694025657137     
           4
   2.0368365083755814E-002  0.67234860621326542     
 -0.11736870707851925       0.68183188122256533     
   5.0375579095353493E-002  0.54665891456307458     
   4.5568531913291022E-002  0.61083496969124951     
           4
 -0.38904576649094502       0.28803115982678218     
 -0.45303578792665233       0.26699505104681087     
 -0.31279128701444714       0.18290337258067624     
 -0.34403891925951707       0.21159463972774073     
           5
 -0.53148362584867603      -0.52763172708117068     
 -0.57410070969499616      -0.53566557735086395     
 -0.58593838922865049      -0.57093827605857217     
 -0.43540035206316052      -0.63378483715610046     
 -0.44164541754601877      -0.58884821317724012     
           3
 -0.35747935659737273       0.66589673691837725     
 -0.39150094251479828       0.58296255192887192     
 -0.35796630712634714       0.53156391322048302     
           5
 -0.16108348973249342       -3.1919826273094851E-003
 -0.16487047873051403        3.2099909238801586E-002
 -0.20826585826982094        1.8873319308950337E-003
 -0.30668261436270139      -0.11377118105486352     
 -0.15577836205542350      -0.10374475124146798     
