   1.0000000000000000
   30.000000000000000     
          14
           4
   1.0000000000000000     
   5.0000000000000000     
   7.0000000000000000     
   7.0000000000000000     
   10.000000000000000     
   1.0000000000000000     
   4.0000000000000000     
   7.0000000000000000     
   8.0000000000000000     
   3.0000000000000000     
   8.0000000000000000     
   4.0000000000000000     
   7.0000000000000000     
   7.0000000000000000     
           1
   0.0000000000000000        0.0000000000000000     
           4
 -0.79585921030664575      -0.79785507406230227     
 -0.84015513836479205      -0.73499404914771393     
 -0.94295283340685077      -0.87554923181830613     
 -0.90230119338178816      -0.89866865172502752     
           3
 -0.60443665001375457      -0.67739759350516016     
 -0.66115923994011860      -0.78959219398091762     
 -0.63359225617031012      -0.75167369011595087     
           3
   3.5232447057424190E-002  0.72345228400201689     
  -8.6436968359899224E-002  0.77702281182579880     
 -0.11654496486471527       0.62002784084043039     
           3
  0.21239406635976932      -0.32104756530212597     
  0.17527461663922825      -0.37005607564366927     
  0.21480263963960808      -0.39107680263157141     
           3
 -0.49977502571328464       -2.8379084452465217E-002
 -0.53467020784720243       -9.7254280201731672E-002
 -0.49775589486607125      -0.16302659145855350     
           3
  0.95202875724829095       0.36831449473115069     
  0.82109116995712828       0.37466104979935483     
  0.90698823161663855       0.32271343303364419     
           4
  0.33413405763956094      -0.33461398116035029     
  0.31202953363589847      -0.40632505104146677     
  0.30086403545067236      -0.49370092159784351     
  0.45189700025968998      -0.49620977737045513     
           4
  0.90029346404484056      -0.62396001726275385     
  0.78073998827266111      -0.55928368858834132     
  0.75203706852343233      -0.61698415193730405     
  0.72677956956670753      -0.72383557505282847     
           4
 -0.19014340735964907       -4.5132236524941353E-003
 -0.33033261389923924        4.7645314084383647E-002
 -0.26825893584537969       -7.9299603423040516E-002
 -0.18558518018573761       -5.2293337996021524E-002
           3
 -0.72674888697113493       0.45292595315328149     
 -0.79775812037861704       0.38284813720985278     
 -0.65231346471230833       0.33578559413342618     
           4
 -0.29957992942930317       0.73197275926642724     
 -0.33395431135194265       0.71347778057043654     
 -0.47130745492974496       0.65902939055701859     
 -0.37476854257583320       0.59622319995944917     
           3
 -0.82564910344026632       -2.6135853211959555E-002
 -0.95803384543638692       -8.5631821372431305E-002
 -0.80908180887400249       -6.6301962836731190E-002
           4
  0.54136939842196696      -0.58959511799909803     
  0.45284900546986984      -0.55893980662812848     
  0.38592421095408636      -0.67770454164698801     
  0.51154153526863377      -0.66748934736854515     
           4
 -0.30984902899739730       0.25443124250308125     
 -0.36190320103121226       0.27995575699382358     
 -0.38998723367709154       0.25470572690781712     
 -0.32852691604506373       0.18819731240686066     
