   1.0000000000000000
   30.000000000000000     
          14
           3
   5.0000000000000000     
   1.0000000000000000     
   1.0000000000000000     
   2.0000000000000000     
   6.0000000000000000     
   2.0000000000000000     
   10.000000000000000     
   6.0000000000000000     
   8.0000000000000000     
   9.0000000000000000     
   9.0000000000000000     
   7.0000000000000000     
   1.0000000000000000     
   5.0000000000000000     
           1
   0.0000000000000000        0.0000000000000000     
           3
  -9.4853468107711600E-002  0.44079857257402022     
 -0.25325962367803012       0.39681959634250519     
 -0.11496726697757287       0.31251722997850007     
           3
  0.80404494209806288       0.35943024292506820     
  0.63838585974313800       0.25343587242269067     
  0.79865187733406295       0.26339647091737739     
           3
  0.66242751973685310      -0.13375033377539744     
  0.71349275550042501      -0.30072897379022001     
  0.78594005209803730      -0.31760972432877776     
           3
 -0.51705245988999948      -0.59470747395722734     
 -0.58687841006496477      -0.58989412710426192     
 -0.52500972010082891      -0.64395749106378264     
           3
  0.62572286022616175      -0.47051299619094872     
  0.58714510138343212      -0.58767230028566064     
  0.66290897364020041      -0.59723592832753458     
           3
  0.16183660264651348      -0.70303681626077164     
  0.11968286452647332      -0.74337337628985134     
  0.22681318489028943      -0.73900823971244944     
           3
 -0.81289651069035840       -3.4833800633919290E-002
 -0.92336284248735423       -2.8450739861045626E-003
 -0.93464034812491192      -0.12108999717614116     
           3
  0.18581968880668170       0.37337359738688120     
  0.11430549370851800       0.33394956018787192     
  0.23287825550400232       0.26601119364796338     
           3
  0.27703823707027209       0.94653967980272580     
  0.18994198536846540       0.84141440167584047     
  0.23966988379702719       0.78781759631240222     
           3
  0.36396280104002593       0.74882082925878246     
  0.30946903933129005       0.69341006867443644     
  0.47711546754014283       0.68603860963024554     
           3
 -0.17684356313540572      -0.31719997565949598     
 -0.16180351536288740      -0.47316820567261048     
 -0.11326179142048387      -0.46508545391363915     
           3
  -3.5544595755537353E-002 -0.20657982234188033     
  -5.8909171846046077E-002 -0.16212403077215845     
  -5.1522508284241486E-002 -0.25952688044426020     
           3
 -0.87192274234881284       0.77242509599362119     
 -0.92311116645262770       0.72061750024819426     
 -0.81395010521825273       0.60030077231535084     
           3
 -0.84703129614446593      -0.25068502401293025     
 -0.92572439143196694      -0.21894358801698982     
 -0.87345802059151534      -0.38132315676990464     
