   1.0000000000000000
   30.000000000000000     
          15
           3
   3.0000000000000000     
   6.0000000000000000     
   8.0000000000000000     
   6.0000000000000000     
   3.0000000000000000     
   7.0000000000000000     
   3.0000000000000000     
   10.000000000000000     
   4.0000000000000000     
   4.0000000000000000     
   2.0000000000000000     
   8.0000000000000000     
   5.0000000000000000     
   5.0000000000000000     
   1.0000000000000000     
           1
   0.0000000000000000        0.0000000000000000     
           3
  0.74913281708609947       0.72735605420216298     
  0.66109974936328131       0.71704578005866659     
  0.77258642557668633       0.64864827166537120     
           3
  0.68517436730894032      -0.41731341230993824     
  0.64550462246858309      -0.44068695706628747     
  0.76553144616100177      -0.44094718242443975     
           3
  0.39709737848836174       0.54252172764701123     
  0.33601201445940265       0.50433803898147223     
  0.39390774337139361       0.42107032378017961     
           3
 -0.59653845979007403      -0.28369376508341221     
 -0.72918134459145800      -0.34232838969359902     
 -0.58304693842547062      -0.35842976510046481     
           3
  0.38846190049893786      -0.10331813310759204     
  0.29695028360632347       -8.2066028782918896E-002
  0.34741299099015183      -0.23009073872381838     
           3
  0.74670543096993314      -0.64668665732681530     
  0.77980501557581949      -0.67568083443004767     
  0.90947306719890098      -0.70603019354185759     
           3
   8.1465662528360114E-002  0.37934046037443037     
   1.7917862757736266E-002  0.27753547432837822     
   6.1949030475714727E-002  0.26031368153561996     
           3
 -0.53365896118650302      -0.59481396818397525     
 -0.64016988826145671      -0.61738574430033011     
 -0.49437567489303214      -0.62677344752672703     
           3
  0.50469860897896091       0.88785538826470622     
  0.42863825312660797       0.85679560165421409     
  0.55040573176861329       0.77451125730743597     
           3
  0.23724831441132627       0.57395034110128218     
   9.9584001987332749E-002  0.55410847035458355     
   9.8059167985598730E-002  0.50684105874081675     
           3
  0.69518842585129070       0.31097435853335426     
  0.54072535922052234       0.23569193610218617     
  0.66821903582932696       0.15325109475185489     
           3
 -0.13459052877690753       0.76081030736926103     
  -4.5566437093220460E-002  0.61202910568311253     
  -2.9588258172733958E-002  0.65023955831298541     
           3
 -0.16465358497666596      -0.66922677072714842     
 -0.23981384617414622      -0.77765793569034058     
 -0.17559191314155684      -0.79436325742541458     
           3
 -0.51304217283209930       0.72478844001897980     
 -0.56906890503227592       0.73644677618484966     
 -0.66129644272691879       0.71054231690335934     
           3
 -0.12020804489790131      -0.16249276872500321     
 -0.23964923119076564      -0.15812386733787687     
 -0.14916488867992442      -0.27177444367091014     
