   1.0000000000000000
   30.000000000000000     
           7
           6
   4.0000000000000000     
   3.0000000000000000     
   8.0000000000000000     
   9.0000000000000000     
   7.0000000000000000     
   6.0000000000000000     
   10.000000000000000     
           1
   0.0000000000000000        0.0000000000000000     
           5
 -0.23346272844115723      -0.71172591651234074     
 -0.43585430579406559      -0.72649422879284420     
 -0.43936499589092803      -0.81183233587036396     
 -0.38625472155060137      -0.87319668104052772     
 -0.22040188202047656      -0.89985196589509708     
           6
  0.25823724621411698      -0.56774463919476659     
  0.14647927532671759      -0.55164975734286381     
   3.7003087293616621E-002 -0.67926627254584293     
   8.5675600132119514E-002 -0.69556973440706582     
   9.8307983299933593E-002 -0.75275656438601446     
  0.19140148940316909      -0.75247213871903740     
           6
  0.38098747827567525       0.83300322447834041     
  0.25357876438116889       0.97783595319251848     
  0.19106334108178005       0.86932708378963008     
  0.28810678491959607       0.74340208510205441     
  0.34203320676552273       0.78223251878969136     
  0.43805421639046049       0.75511260718568962     
           3
  0.94472751769107444       0.29230559868024025     
  0.88240827908334873        7.6873755118920417E-002
  0.99374763705191982        9.5411188626685600E-002
           4
 -0.46297147858937038       0.18900265681231174     
 -0.50050772219893203       0.14163326777235036     
 -0.49139963127343100        3.2358540354741568E-002
 -0.47648568486300447        8.9630767941267744E-002
           4
  0.48239708645964502      -0.58956511350049112     
  0.34930973980044699      -0.56793882663132322     
  0.35735464458333877      -0.73960321350327352     
  0.47450519968564975      -0.72660320159256075     
           4
 -0.61014175937343096       0.45602163485105690     
 -0.69175219952061118       0.45972464991237788     
 -0.81681145870134830       0.28889958256639497     
 -0.56271924259628103       0.37995182792368565     
