   1.0000000000000000
   30.000000000000000     
           3
           3
   1.0000000000000000     
   10.000000000000000     
   9.0000000000000000     
           1
   0.0000000000000000        0.0000000000000000     
           3
 -0.61144165864935440       0.70004342492080185     
 -0.82495146628692462       0.64070627086550302     
 -0.83106211640416272       0.33900974504054915     
           3
  0.36095972601635851      -0.14988363573618585     
  0.38973919657627459      -0.45332190967876929     
  0.64763447300571442      -0.40741073129446387     
           3
 -0.19429760094994072      -0.35977845091016503     
 -0.49041265321344896      -0.36546210639057197     
 -0.19976256885122154      -0.60949397257238602     
