   1.0000000000000000
   30.000000000000000     
           4
           6
   6.0000000000000000     
   3.0000000000000000     
   6.0000000000000000     
   6.0000000000000000     
           1
   0.0000000000000000        0.0000000000000000     
           5
  0.59736318092019303       0.14566364067969226     
  0.45665363302851081       0.18246452430532703     
  0.54973537680833817      -0.12736709070200630     
  0.74348239238683511       -7.6794003024605831E-002
  0.69976951667343867       -2.3143657780416722E-002
           4
 -0.49435078514416086      -0.15343758300987934     
 -0.65061726566981404       -4.2331574939913380E-002
 -0.66887325826524691      -0.29780623276212520     
 -0.68948919422642574      -0.37968047058140986     
           6
 -0.43101116931376543       0.26082051161713504     
 -0.56170277392466339       0.31385564498980800     
 -0.66078762890988874       0.18834405477061109     
 -0.51433427967456324        3.9177305938992990E-002
 -0.42495690644759776       0.17022903355323601     
 -0.34974779187278365       0.15913851865561579     
           4
 -0.40243437957679162       0.74593888357976201     
 -0.62361145090163528       0.75034377259579343     
 -0.68373813304471764       0.67963797763282863     
 -0.72241631126922135       0.48095946057542160     
