   1.0000000000000000
   30.000000000000000     
          13
           4
   6.0000000000000000     
   6.0000000000000000     
   4.0000000000000000     
   7.0000000000000000     
   4.0000000000000000     
   2.0000000000000000     
   4.0000000000000000     
   8.0000000000000000     
   5.0000000000000000     
   2.0000000000000000     
   6.0000000000000000     
   9.0000000000000000     
   3.0000000000000000     
           1
   0.0000000000000000        0.0000000000000000     
           3
 -0.79015913427045859      -0.21985153287973391     
 -0.82966892781268253      -0.17747233097006382     
 -0.81092455660952378      -0.27303211564705182     
           3
 -0.55439911784102824       0.78485612445933162     
 -0.70513280173046600       0.75932597263646351     
 -0.61412606724261321       0.76538781151438318     
           3
  0.33095669126060095       -8.9664936131026302E-002
  0.28293977088296568      -0.25630456615622937     
  0.33473025793822725      -0.27023245802907403     
           4
 -0.57337818964681042       0.16240119271182868     
 -0.62005990432014135       0.14672483178702861     
 -0.70628230841517747        3.8468195348895333E-002
 -0.61492249628762730        2.1938604815509681E-002
           4
  -9.0175968855514405E-002  0.88146468997760685     
 -0.18683078468344563       0.87206931627079376     
 -0.21046137356845526       0.70248072327913169     
 -0.12008368252618291       0.70466752032872426     
           3
 -0.11804558795914007       0.64139644326997858     
 -0.13884771700606577       0.54774757502030713     
 -0.11390409145045269       0.49570448770041786     
           3
  0.40547181151046924       0.75799653114536292     
  0.23361611784501946       0.83504184810546178     
  0.23458875429043391       0.65691711833891020     
           3
  0.90853394998708181       0.96814789445298510     
  0.78967420478417205       0.92315403362647830     
  0.79169269405889187       0.83668341559622084     
           3
 -0.80708378605176290      -0.73186685700870857     
 -0.99261561591373393      -0.69371632119170012     
 -0.82158526433668277      -0.80721363315845807     
           3
   4.7061074495990965E-002 -0.27801283209972877     
 -0.12164600372409484      -0.31663224962777081     
   1.3673998014360839E-002 -0.32555649007407456     
           4
  0.74345231869642880      -0.12093105786491389     
  0.69013001438745492      -0.10364862481412637     
  0.63791085657859781      -0.18470006175675072     
  0.77180077033320538      -0.20988998300581507     
           3
 -0.76550960556712000       0.51146385440242570     
 -0.83021915754387166       0.52844410692917199     
 -0.90470136097509257       0.39580333560804154     
           4
   9.4919962903572241E-002  0.50153636349662734     
  -2.3313183826571687E-003  0.45934282668496162     
   5.9996123358619091E-003  0.39718650514911352     
  0.16934444092983950       0.43260139179952772     
