   1.0000000000000000
   30.000000000000000     
          14
           7
   6.0000000000000000     
   10.000000000000000     
   10.000000000000000     
   9.0000000000000000     
   8.0000000000000000     
   10.000000000000000     
   10.000000000000000     
   8.0000000000000000     
   10.000000000000000     
   2.0000000000000000     
   2.0000000000000000     
   1.0000000000000000     
   2.0000000000000000     
   3.0000000000000000     
           1
   0.0000000000000000        0.0000000000000000     
           7
  0.54788752484732495      -0.74294532001864511     
  0.50411465399244415      -0.77693483359056370     
  0.45924354571875975      -0.75259865797369607     
  0.47468668462078750      -0.79971898965031940     
  0.47336135040304350      -0.85492880284693962     
  0.57728144542203519      -0.92209125449749152     
  0.61920491646954889      -0.86340896514456966     
           7
  0.57982625318250502       0.49199017650392640     
  0.53726763237658659       0.49785905011669757     
  0.45761340443204668       0.48511364796953343     
  0.47887987582192598       0.35897592826405395     
  0.52552443038010554       0.32954425704960266     
  0.56492153551523094       0.33015520717368030     
  0.55684978788555339       0.39351936005918425     
           5
  0.39602818527137673       0.84808520385491115     
  0.36719464754297743       0.81705660302980476     
  0.23978907181457332       0.74827111503812260     
  0.33591082038008058       0.71042588779454396     
  0.40123315558586109       0.74543988077687229     
           3
  0.74416912936201873       0.50808787498460062     
  0.75675384999321460       0.37701281182480001     
  0.87159464009976162       0.35642900532399674     
           5
  0.33445299192121708       0.62314400822679128     
  0.28798476227533337       0.65344416247373460     
  0.28081520666742998       0.51133597608853709     
  0.32714012171953005       0.47947970243301458     
  0.35285672195559686       0.52555749290011711     
           4
 -0.11269666950078198      -0.46097562942096515     
 -0.18534308804383068      -0.45778505816861320     
 -0.13455310588676411      -0.62185056596389232     
  -9.8745652868473685E-002 -0.58905226579208880     
           7
  0.25326449189243649        5.3275015476357185E-002
  0.17901442785972527       0.13794274302382253     
  0.11431164273144578       0.14652178986911962     
  0.11739897729407084        4.2642003748879567E-003
  0.17213012729202889       -2.4148499227677644E-002
  0.21708093197386860       -5.1752820710491698E-003
  0.24914114325558406        3.4979073624355345E-003
           3
  0.36204331603990830      -0.12826130377389749     
  0.32215591457481946      -0.22206579730371567     
  0.37861855172418241      -0.22012506286969297     
           3
 -0.11035209849542912      -0.84889111735689016     
 -0.20497419935774094      -0.78877364485839652     
 -0.15293806377326452      -0.93227274351202871     
           6
 -0.68993306873425420       0.11545474080554298     
 -0.75247629243238601       0.12763484957955218     
 -0.80371645188664675       0.13213131824093971     
 -0.79647206306061213        5.0649242796610705E-002
 -0.76566789903281074        5.7634500902551650E-002
 -0.76148416197827995        1.1375625715364643E-002
           7
  0.72003031956778119       0.10187635308256582     
  0.73272700462567431       0.18611123059211226     
  0.62204580462202130       0.12492638548860453     
  0.60175023693311369        8.9444838974736041E-002
  0.64545188699866440        3.7410665497138562E-002
  0.67455993387800606        5.3014069454586803E-002
  0.74600313055780287        1.0151808384191982E-002
           3
  0.51296912788386895      -0.40396911113871370     
  0.37698885288237061      -0.53011782298839050     
  0.51839410387267459      -0.51225946330292327     
           4
 -0.50083734146961023       0.46473957805337862     
 -0.53270745954985188       0.50317448799661413     
 -0.58675610891491270       0.33704207287936738     
 -0.48015034958219110       0.41298291362224693     
           7
 -0.67807466341299183       0.45773045152497055     
 -0.72928429277392814       0.41985413907978458     
 -0.74158785450876430       0.46210225673078359     
 -0.76039533761212053       0.43971565710021410     
 -0.77822991119220208       0.28942164669494463     
 -0.74563966039693153       0.31859598667825290     
 -0.69502863625199685       0.29457150677651922     
