   1.0000000000000000
   30.000000000000000     
           5
           5
   9.0000000000000000     
   3.0000000000000000     
   3.0000000000000000     
   10.000000000000000     
   7.0000000000000000     
           1
   0.0000000000000000        0.0000000000000000     
           3
 -0.36124531641362123       0.71896597052720157     
 -0.50860855264555305       0.52552525596630995     
 -0.42277807637059056       0.46950336732813625     
           4
  0.65450341981539528       -8.6192457949374912E-002
  0.61013836683502265      -0.25780350033998389     
  0.72393843198412056      -0.25420402713550783     
  0.86516831235086045      -0.27763767452370758     
           4
  0.84304050173892164      -0.42809327204441261     
  0.77482935787585561      -0.44971782310645897     
  0.77175682751877484      -0.65651670239727344     
  0.87316643757313006      -0.68771133656370476     
           4
  0.20431354188079104       0.38090027830689455     
  -8.1640821942981251E-002  0.25348162296871313     
  -4.4812504275695109E-002  0.16935866508386035     
  0.18549554108583752       0.14220193444142801     
           3
  0.82688162383533137       0.55219086280761986     
  0.54601402627085327       0.40258045226146144     
  0.65606890607626744       0.35809938989503731     
