   1.0000000000000000
   30.000000000000000     
           8
           5
   5.0000000000000000     
   9.0000000000000000     
   1.0000000000000000     
   10.000000000000000     
   8.0000000000000000     
   2.0000000000000000     
   9.0000000000000000     
   1.0000000000000000     
           1
   0.0000000000000000        0.0000000000000000     
           4
  0.28571481632266515      -0.24806553302559289     
  0.23889912418939832      -0.30329799949031749     
  0.40625316392310307      -0.33302324456554999     
  0.46959457810750510      -0.30211703816849966     
           5
  0.70945674799788405       0.37737048474272511     
  0.74260022791537317       0.40587006562379407     
  0.51762490170315023       0.27792858585349922     
  0.51349687905822761       0.21881169889943164     
  0.72493098409483192       0.31704593699642875     
           5
  0.74021771083688070       0.66326113215568017     
  0.71707803392665947       0.73368237465512642     
  0.52928248881995965       0.62148868215583364     
  0.64429760710013351       0.54327701699740327     
  0.69010461973588566       0.54711239040128135     
           4
 -0.67922111333033974        4.4541231102534579E-002
 -0.75469944421575963        7.0971561849916348E-002
 -0.72751667844134260      -0.14306997523758547     
 -0.55635073666999901       -3.7839946981595152E-002
           4
 -0.24398974302694976       0.86566878080907805     
 -0.41722887125490082       0.94409729082260707     
 -0.42120194592614979       0.79475228090456285     
 -0.25379045321542398       0.75084332371507545     
           3
  0.19912368659068563      -0.44965455201511462     
  -3.7045637383826130E-003 -0.42918351452484099     
  0.20376481560096499      -0.58492205468568659     
           3
 -0.25328202205535982       -6.9845581393203141E-002
 -0.22846593148414954      -0.13391445976285463     
 -0.13809877681899907      -0.26173518464353190     
           4
  0.48432277425974607      -0.49537794254093226     
  0.31572251476461888      -0.59020541839189533     
  0.37314165651811659      -0.64564842201373274     
  0.45701723490422952      -0.63014916340434468     
