   1.0000000000000000
   30.000000000000000     
          13
           6
   2.0000000000000000     
   8.0000000000000000     
   2.0000000000000000     
   9.0000000000000000     
   5.0000000000000000     
   2.0000000000000000     
   7.0000000000000000     
   4.0000000000000000     
   2.0000000000000000     
   3.0000000000000000     
   6.0000000000000000     
   2.0000000000000000     
   8.0000000000000000     
           1
   0.0000000000000000        0.0000000000000000     
           3
 -0.54467605252509843      -0.74522572016399957     
 -0.46067393865384010      -0.86770646435696275     
 -0.42703506784114054      -0.81563874331592223     
           6
   6.5174349208719340E-002  -5.5826855295741690E-002
   2.9525933757940992E-002  -6.3245234792356012E-002
   1.4213644079452858E-002 -0.12298040244348010     
  -2.3266601888424387E-002 -0.17336876124429348     
  -5.8568183610269720E-003 -0.21735082478854739     
   4.1315591379688141E-002 -0.21717520026081580     
           6
 -0.40246402364412309       0.57303912412377633     
 -0.48957192144417294       0.57028497928757249     
 -0.42225133049596436       0.43382006728030720     
 -0.38425982719383955       0.42999013983553092     
 -0.34059541170917629       0.46251814742600822     
 -0.33807831423948664       0.49354272833152957     
           3
  0.94039972746936762       0.78930970211154949     
  0.84805281539998512       0.74087603811694469     
  0.97904702634357466       0.66251645308204232     
           4
 -0.66787119587908617      -0.26197427247329774     
 -0.76403084646879860      -0.21174022136049847     
 -0.82852809038491004      -0.27742029934090745     
 -0.72115502663618447      -0.36668199109054034     
           6
  -9.3515638144301819E-002  0.24046966939889419     
 -0.21872890243796217       0.24938463780643752     
 -0.26678294703050615       0.22741346584959179     
 -0.24835710077700929       0.15871081848170848     
 -0.19827035153742645       0.14097535046565329     
  -8.8910930361070076E-002  0.19381822470238663     
           4
 -0.41625121137594795      -0.25021938104580022     
 -0.57606511342789646      -0.31687128935910824     
 -0.47861478999614737      -0.38814453397575599     
 -0.40489376401193389      -0.36646333685950994     
           3
 -0.68684111179407559      -0.65028350162977400     
 -0.81076755127197619      -0.72708150436176033     
 -0.68577456185368890      -0.78723439747829793     
           4
  0.80448667080335357      -0.60005770224788968     
  0.76233338933050099      -0.59925592863816279     
  0.71054366660125867      -0.57248200936003990     
  0.79048562929763788      -0.71933004874644657     
           4
  0.21418199792196010       0.93855902331920060     
  0.11463543844168249       0.94253556562066609     
  0.13356607621785163       0.90309752137155663     
  0.23335675831481828       0.77470653854585381     
           5
  0.65455366210176658      -0.82871806418213390     
  0.57906370930971429      -0.79691552161677015     
  0.46603976398878999      -0.75805086594259841     
  0.53506180594864150      -0.92914251723590791     
  0.57845151083292368      -0.90198474201345880     
           5
 -0.78032462645674316       0.58822154139748184     
 -0.79424809486657133       0.61979751042188225     
 -0.93636040978733137       0.60966209473470001     
 -0.94356576217344701       0.56618878249814009     
 -0.84909035640156549       0.45545840105117463     
           3
 -0.37435849099152502       0.35190543808407054     
 -0.41568966878469915       0.33473127133967118     
 -0.34091541854691021       0.18765053888282540     
