   1.0000000000000000
   30.000000000000000     
           7
           4
   9.0000000000000000     
   5.0000000000000000     
   4.0000000000000000     
   9.0000000000000000     
   6.0000000000000000     
   3.0000000000000000     
   2.0000000000000000     
           1
   0.0000000000000000        0.0000000000000000     
           4
 -0.58525398632035575      -0.17102570656238392     
 -0.74891170571827492      -0.17345337961797713     
 -0.71796132379552524      -0.30912176937883162     
 -0.57505814713014569      -0.32881812484775458     
           4
  0.38265184011267084      -0.74969575517639897     
  0.23123113761061898      -0.90769448516649132     
  0.31308930790945094      -0.93758033303570631     
  0.40853850808833619      -0.88622728007630269     
           3
 -0.25569133105589437       0.68999320180630219     
 -0.29556582967099654       0.62279216857285191     
 -0.23934135651264740       0.52947371267107202     
           4
 -0.50128255419480372      -0.54377312461459981     
 -0.67963018767174832      -0.50422218656646245     
 -0.67005930017549042      -0.69111899605774896     
 -0.51210374247734713      -0.68362564035397777     
           4
  0.51938987632103117      -0.22685162478337806     
  0.46487159903043979      -0.26226072435738218     
  0.44669652724327297      -0.40022029954748917     
  0.55330252430776805      -0.32939324008614124     
           4
 -0.42643497595937602       -8.0884481723993470E-002
 -0.37020292150321965      -0.30864553360612790     
 -0.28989904248596093      -0.27535812825919692     
 -0.20084258971991037      -0.30370887007982567     
           3
 -0.32229120828568170       0.39038527850340310     
 -0.30971114184044019       0.23949569692582187     
 -0.27138005049810232       0.29093605120054389     
