   1.0000000000000000
   30.000000000000000     
           8
           4
   6.0000000000000000     
   4.0000000000000000     
   5.0000000000000000     
   4.0000000000000000     
   9.0000000000000000     
   2.0000000000000000     
   3.0000000000000000     
   6.0000000000000000     
           1
   0.0000000000000000        0.0000000000000000     
           4
  0.26247501733756728        7.5797368436572574E-002
  0.10803653924283727       0.15257591457505898     
  0.13386526057676884       -3.8635930632970883E-002
  0.30549273592535520       -1.4778244925063168E-002
           3
 -0.25423287759796970       0.21698432910398424     
 -0.26399258558233424        5.6435993799667399E-002
 -0.24671841581335890       0.11887284188949905     
           4
 -0.27743646726575188       0.90653026206767839     
 -0.41706775802091089       0.97954860967312984     
 -0.50316359397112409       0.88042455374633399     
 -0.35747071061791569       0.78581972309509829     
           4
  0.70002012732003416       0.48511148502593610     
  0.64273215819539709       0.54063209386438482     
  0.58751561997981416       0.38298867670432629     
  0.73146724414141084       0.41691751988547515     
           4
  -8.0983604091962452E-002 -0.15583306347517256     
 -0.27451618347422341      -0.18046597986563379     
 -0.13092823574238305      -0.38007151015078550     
  -4.1771815417923033E-002 -0.28099046394138227     
           3
  0.36548838198552874      -0.48859234249671302     
  0.21209421857409883      -0.49634305848203475     
  0.30859499347481761      -0.65992663376165350     
           4
  0.73793548492789529      -0.52472083108511414     
  0.64977154552189464      -0.59970532818894717     
  0.69382486960723200      -0.67623651435792720     
  0.82252764529444145      -0.71307693868835853     
           3
 -0.74719927909627415       0.73860650413979556     
 -0.76608362428327592       0.55833857025783673     
 -0.56030861455653813       0.58435993553205046     
