   1.0000000000000000
   30.000000000000000     
           3
           6
   9.0000000000000000     
   8.0000000000000000     
   9.0000000000000000     
           1
   0.0000000000000000        0.0000000000000000     
           6
  -4.7039673083956041E-002 -0.19578467667426236     
 -0.31332707916906299       -8.8218985307762732E-002
 -0.32757359435958588      -0.32939980505286470     
 -0.32424846561665066      -0.44396101958443879     
  -6.9473131361860702E-002 -0.43491797330741400     
  -8.4439335571705187E-002 -0.37191214144374624     
           6
  0.20090416253766849      -0.60373916404724903     
  -3.3631659654600674E-003 -0.52472949734823926     
 -0.12167475522553373      -0.58761029636224560     
   3.1244565227231534E-002 -0.87259131105944221     
  0.11875763786581450      -0.84037939676012519     
  0.22426184000702912      -0.83125391576922592     
           6
  0.40542826952697597       0.43292718663369301     
  0.23580870530368991       0.43691113538762189     
  0.17254097081703548       0.29609756206589766     
  0.34117645602168001       0.15269754613844455     
  0.48280381602920702        8.3737318292675472E-002
  0.45234850872667476       0.22138745760681985     
