   1.0000000000000000
   30.000000000000000     
          10
           4
   1.0000000000000000     
   2.0000000000000000     
   7.0000000000000000     
   10.000000000000000     
   7.0000000000000000     
   7.0000000000000000     
   5.0000000000000000     
   4.0000000000000000     
   1.0000000000000000     
   7.0000000000000000     
           1
   0.0000000000000000        0.0000000000000000     
           3
  0.16443107430001436       0.70793666527493915     
   2.3822818515946240E-002  0.59918365570737120     
  0.21927843211715264       0.60087076258134564     
           3
 -0.39469303510853188       0.74013092980877015     
 -0.53479437583751455       0.60662735451312688     
 -0.42348268244868459       0.62109084232810396     
           3
  -1.1705591374105609E-002  0.77103167507651404     
  -8.5418399116991034E-002  0.82829694000394494     
  -2.9740646975197113E-002  0.65597098053785885     
           3
 -0.33723865721263813       0.30585066008899853     
 -0.12953847356954046       0.15834485190104741     
 -0.15528048379726975       0.21319935661467027     
           4
 -0.60580667912825625      -0.75076771390675812     
 -0.71897517362477670      -0.64275713132826651     
 -0.69026961262882280      -0.84151111585640892     
 -0.64358911196695001      -0.84012781334680509     
           4
  0.66326434299586134      -0.15853393204248517     
  0.56759733435451376      -0.13960845504209743     
  0.46118466756920551      -0.19360446111991328     
  0.50182288457140878      -0.30666498303076145     
           4
  0.80789437971476552       0.72771434584226591     
  0.78717419532632649       0.83512188096126838     
  0.66130562558034800       0.66658711364593659     
  0.74558051428018979       0.66410787165025953     
           4
 -0.34378680132799766      -0.59188917851929990     
 -0.40071432971650628      -0.61109541368577591     
 -0.51266537136735413      -0.63572301480159332     
 -0.37145929589804882      -0.77659863590867362     
           3
  0.24339579852121715      -0.14227717587295560     
  0.23167852779354650      -0.33250365221809586     
  0.36305381846763896      -0.28716697019947035     
           3
  -3.4925453898405762E-003 -0.23565980104098380     
 -0.13418306588917966      -0.16469335137880897     
 -0.10061447078393539      -0.35063863574777898     
