   1.0000000000000000
   30.000000000000000     
           9
           5
   5.0000000000000000     
   1.0000000000000000     
   8.0000000000000000     
   1.0000000000000000     
   9.0000000000000000     
   4.0000000000000000     
   3.0000000000000000     
   6.0000000000000000     
   8.0000000000000000     
           1
   0.0000000000000000        0.0000000000000000     
           3
 -0.46694709721656430       0.15265271848040862     
 -0.62431412514758389        1.1126835513702360E-002
 -0.59690435975623879       -3.8460949630701194E-002
           3
  -4.2590764230981140E-002  0.56748016966117587     
 -0.11572722593449138       0.65716122159717216     
 -0.17954990487362965       0.47525611504966614     
           5
 -0.37903893248854115       0.74894917132035821     
 -0.49234664771287695       0.71830689482958188     
 -0.54717692269622498       0.63690468466059436     
 -0.43588213871847459       0.55346721345177952     
 -0.35511334729698574       0.56859199814748951     
           5
 -0.39029887952440107      -0.77377274944569763     
 -0.45093894048580135      -0.81258236617443158     
 -0.52287456825607137      -0.86321486951836446     
 -0.35406166988216947      -0.95499421462185663     
 -0.34130586587994455      -0.88061622783482596     
           5
  0.73695533564447124       0.47331216792780945     
  0.61488245530276264       0.46632843029498511     
  0.57772294073782482       0.38841816298360876     
  0.61819750916546845       0.29493265486058595     
  0.79459941019736757       0.27258157216604073     
           3
   3.0067369644217391E-002 -0.56886150303835792     
  -1.5335933668807269E-003 -0.52399928660163220     
  -5.5198070153158016E-002 -0.64174034696617921     
           5
 -0.40795117877101938      -0.16781086237225656     
 -0.53222238995182125      -0.17172379219581474     
 -0.48818729178210352      -0.23687380088101981     
 -0.31056631353870084      -0.32386376871131967     
 -0.32161111264638464      -0.27795583879358760     
           4
  0.14323244574380503       0.10087022860919742     
  -3.5695615535369096E-003  0.16364347770457588     
  -4.9965939594342215E-002   3.3521097376391890E-002
   9.5811584312546633E-002   7.2763577021300083E-002
           5
 -0.63116995034417689      -0.67666426714901329     
 -0.62724963199399741      -0.60580442960999248     
 -0.81150867279437700      -0.77159998028619836     
 -0.77361394923311655      -0.80779792368139891     
 -0.62868837250546694      -0.76894501258480341     
