   1.0000000000000000
   30.000000000000000     
          14
           6
   8.0000000000000000     
   8.0000000000000000     
   4.0000000000000000     
   9.0000000000000000     
   1.0000000000000000     
   4.0000000000000000     
   3.0000000000000000     
   2.0000000000000000     
   9.0000000000000000     
   10.000000000000000     
   8.0000000000000000     
   4.0000000000000000     
   2.0000000000000000     
   2.0000000000000000     
           1
   0.0000000000000000        0.0000000000000000     
           6
  0.43362302289721744      -0.44212419670075853     
  0.36581035268677597      -0.48513012234699981     
  0.36565797554933310      -0.45383639316634578     
  0.29270010754608305      -0.50058434315211309     
  0.27442828729458535      -0.59312236523943662     
  0.41356150077651416      -0.61761031554864421     
           3
 -0.34575837465601095      -0.72483570010138165     
 -0.36863566233088524      -0.82290440112418350     
 -0.22096205161186228      -0.81105138701740132     
           6
  0.48145057849887007       0.49058599121681418     
  0.41267254713413853       0.51718889399584245     
  0.32503290314168565       0.53747038048970708     
  0.32945673418564347       0.45286274845795721     
  0.34547381288883250       0.42341962164683572     
  0.38865777990288192       0.37339533548921272     
           4
 -0.10910998354662724      -0.30526670756898422     
 -0.18418036362986695      -0.30551337085710167     
  -6.6501823853201636E-002 -0.40435559819988243     
  -6.7038688060093610E-002 -0.35439534979248938     
           6
  0.10684608804875045       0.68367185187564306     
  -1.9018382003451705E-003  0.71131552232857975     
  -4.5695421630034747E-002  0.69953780368526974     
  -6.0779457983244328E-002  0.67168201763158220     
   2.9632267611076655E-002  0.58044300643755320     
   9.5910748725287265E-002  0.57613155369412894     
           4
 -0.83356015858626531       0.45681702877763986     
 -0.89098151792246560       0.45090222887861009     
 -0.92545298731808545       0.46713427063454366     
 -0.91573012054168135       0.37952663624815630     
           6
 -0.47044997783156084       -2.8236020224826526E-002
 -0.48308166408968667        5.4143830603877285E-002
 -0.56817183136850846       -3.4572166797166334E-002
 -0.59334953372512023       -9.6430270903254178E-002
 -0.51726583813331017      -0.10047968313484436     
 -0.49126439224723939       -8.1265569677112404E-002
           6
 -0.47739796080409980      -0.29710076747624226     
 -0.52630425758652910      -0.32214658583086297     
 -0.61668954897270178      -0.34211989789992714     
 -0.59531005958854066      -0.42040438641303657     
 -0.53145783942857661      -0.46679932572796123     
 -0.46648588084534182      -0.39531659202547742     
           3
  0.77738107851612981       -3.5909962459625175E-002
  0.76312842166465900      -0.16323597292614592     
  0.90458939973233632      -0.13459272317859464     
           5
 -0.11705656656689079        8.0729707470320933E-002
 -0.17923593894505141        9.7746295282019849E-002
 -0.24860687708662471       -2.6941947196490346E-002
 -0.14969595910323313       -3.3713795225033732E-002
 -0.11925214321204972        2.7312986459415219E-002
           4
  0.58523049349300793       0.93815684885768880     
  0.42934868456187514       0.91831128713945187     
  0.49983176671427049       0.84807389274005240     
  0.57844169845177640       0.89991483093774505     
           3
  0.43144049476851465      -0.15050265872149482     
  0.33516233077783053      -0.14923520424241518     
  0.38853837549209114      -0.17772796291008508     
           5
 -0.13716608226693444       0.78886256423928081     
 -0.23114356393746702       0.75841762062811713     
 -0.27743743508911961       0.75653666949373466     
 -0.24248780836937878       0.62947789995002479     
 -0.13546241088627758       0.72204437905387142     
           6
  0.23345014467546144      -0.37759117889855892     
   8.9406444012449002E-002 -0.30050841894016561     
   8.8092404842816219E-002 -0.35104637840160580     
  0.14653249505428736      -0.44357560575613159     
  0.18172030366633155      -0.45595572863236561     
  0.22162327144374597      -0.47085626358718158     
