   1.0000000000000000
   30.000000000000000     
          12
           4
   7.0000000000000000     
   5.0000000000000000     
   1.0000000000000000     
   8.0000000000000000     
   1.0000000000000000     
   9.0000000000000000     
   7.0000000000000000     
   9.0000000000000000     
   5.0000000000000000     
   7.0000000000000000     
   5.0000000000000000     
   8.0000000000000000     
           1
   0.0000000000000000        0.0000000000000000     
           4
  0.14148197314333666      -0.51247636730211743     
   5.4617382276371348E-002 -0.44565514545351836     
   7.8221933420662415E-003 -0.53239560582926515     
   2.5180249898215830E-002 -0.59553905122046646     
           4
  0.95594924173049389       0.83890749953242982     
  0.94029201665909612       0.88792571065664416     
  0.89817728059506585       0.86555664513916208     
  0.81238376535798573       0.73394597942819684     
           4
 -0.50993904451163918       0.25447932757077713     
 -0.56328479759990613       0.27240712574132492     
 -0.63414701925386574       0.29104772477629720     
 -0.67809962011621716       0.17968499224910670     
           4
 -0.81098207786325738       0.82421751982413038     
 -0.86272438488820813       0.79126330557661928     
 -0.83403699624019190       0.74020433823715237     
 -0.71637524689944709       0.68122561252240676     
           3
 -0.79556182316445545       0.19243825630157774     
 -0.87412052680197605       0.25630615079491370     
 -0.92362350492378742        5.9752813605417537E-002
           4
 -0.73204011850171458      -0.79827142060787337     
 -0.80007607313931828      -0.87856107516788262     
 -0.77092655310262592      -0.96257779261414889     
 -0.63989674704182697      -0.94462721252390369     
           4
  0.79320054742970258      -0.47839775818284758     
  0.71482711318901049      -0.50070711102211096     
  0.66076271760859961      -0.56100367894897496     
  0.69116093232271347      -0.65820895186483497     
           3
  0.57430283967212303       0.10782776595198144     
  0.58307738555764299       -1.8379528322094087E-002
  0.62133318373819302       -5.3179473877188355E-002
           4
   3.9234788213592761E-002  0.41908642773433941     
  -1.0756351669733809E-002  0.41799836431502496     
  -9.9499246292549387E-002  0.31616835993108139     
   2.7542074169528807E-002  0.29964147878453234     
           3
  -8.9325279366482838E-002 -0.28996950461084681     
 -0.19625566121533658      -0.26889733315993591     
 -0.23421919016215173      -0.32192837595883306     
           4
 -0.83176275149492229       0.56343577401070588     
 -0.88727697380820969       0.53590130534106906     
 -0.91762780096706242       0.42954921958386161     
 -0.82777155807581471       0.44342357249921460     
           3
 -0.26151056482699753       0.39193760772894887     
 -0.29143383008043866       0.27161846660425681     
 -0.23482310153616540       0.32813316042422513     
