   1.0000000000000000
   30.000000000000000     
          15
           4
   9.0000000000000000     
   5.0000000000000000     
   3.0000000000000000     
   5.0000000000000000     
   6.0000000000000000     
   2.0000000000000000     
   8.0000000000000000     
   4.0000000000000000     
   5.0000000000000000     
   9.0000000000000000     
   4.0000000000000000     
   5.0000000000000000     
   5.0000000000000000     
   5.0000000000000000     
   8.0000000000000000     
           1
   0.0000000000000000        0.0000000000000000     
           4
  0.97617217517964172       0.43769613764357929     
  0.84346767451711324       0.41679636367958561     
  0.83401371653456602       0.37439362870310372     
  0.82972993919150173       0.28889396034512621     
           3
  0.59674070867843954       0.38625103828726137     
  0.51868008727252080       0.36719046519979459     
  0.43769658308112341       0.23784896982723719     
           3
  0.30365705444611812      -0.50263510102008213     
  0.30353255289827147      -0.62739279602232001     
  0.40072894123992381      -0.62951512876384730     
           4
 -0.76554214214844141       0.80258315216863163     
 -0.82655094637534920       0.79894198952446049     
 -0.88158830537122179       0.80265002242865535     
 -0.83431868655673369       0.65401717275306726     
           4
  0.12878516287195724      -0.67403266147108321     
  0.12225389841723527      -0.60933532754107056     
  -7.9739637663304719E-003 -0.68567927465805312     
   9.4424318866532034E-002 -0.73454351065281887     
           4
  0.13312380061157941       0.30349853087565187     
   8.9166940263018163E-002  0.31740621440930317     
   3.2336427560680836E-002  0.23633351205299691     
   8.1390068733063314E-002  0.19789626036518101     
           3
  0.75222692831621640      -0.74741112767865903     
  0.75259142622802089      -0.70339962109861509     
  0.65568527715926961      -0.83201809692444573     
           3
 -0.33313243550368066       -3.0965643361639875E-002
 -0.36861454039103586        2.5348308818787954E-002
 -0.44264931931129786      -0.12895866689604149     
           3
 -0.11542318312098289       0.42723140191725606     
 -0.26917927353964055       0.42765925849329578     
 -0.14404111109480272       0.28977369462632097     
           4
  0.84139009948586174       0.64222701741784638     
  0.83577409253938062       0.70550961140521595     
  0.71515538103014820       0.59661039785457026     
  0.81692718617786009       0.57277991981599630     
           3
 -0.20084621279843434       0.56704264455821307     
 -0.18106288039351398       0.51748085216788831     
  -6.9659903627170006E-002  0.47343024222443697     
           3
  -6.8724794164121944E-002  0.80118431448665728     
  -7.8919281524924917E-002  0.65579955155449121     
   8.6461694377612322E-003  0.67783421678325173     
           3
 -0.65062323192385252      -0.47348089770993901     
 -0.75389847896087669      -0.49515147411331017     
 -0.69999920361986967      -0.48588961223233718     
           4
 -0.61976711769795056      -0.72886527950652058     
 -0.73127756423944690      -0.70220479904161359     
 -0.70637693388172984      -0.78923564919631195     
 -0.59139526815600074      -0.79176813734219620     
           4
 -0.27553306427847202      -0.63181585614902469     
 -0.31356291779270712      -0.64189335795649671     
 -0.32091604843418081      -0.79500772531971220     
 -0.24719715328213870      -0.76208153571023585     
