   1.0000000000000000
   30.000000000000000     
          10
           3
   10.000000000000000     
   9.0000000000000000     
   8.0000000000000000     
   9.0000000000000000     
   10.000000000000000     
   7.0000000000000000     
   5.0000000000000000     
   8.0000000000000000     
   1.0000000000000000     
   8.0000000000000000     
           1
   0.0000000000000000        0.0000000000000000     
           3
 -0.13578604699120572      -0.75852035852238697     
 -0.14310278298778617      -0.82196035653780297     
   3.6005448716515565E-002 -0.83308596344204067     
           3
  -1.7425878205143477E-002 -0.13643053520341220     
   2.8405289100892905E-003 -0.20235689650364933     
   8.4831721835399346E-002 -0.24633199807680539     
           3
  0.80739476834755242       0.21702471167492071     
  0.79179868490386718       0.12412176782501660     
  0.93081895809431980        5.3423108098406807E-002
           3
 -0.49798005289604891        8.8217961413104895E-002
 -0.62998961515141794       0.11804093931224514     
 -0.48700085948032990       -7.6524679848707283E-002
           3
  0.57834883992297970       0.90731313564845795     
  0.38106332404183080       0.82292162816177949     
  0.38808315761744028       0.71628114266290066     
           3
 -0.66555375976441844       0.87028743602234293     
 -0.73511718773455592       0.77678020821507832     
 -0.71547830033049786       0.68040316464601558     
           3
  0.79545218067108447      -0.26001684529152269     
  0.66684051976971226      -0.30390081074825054     
  0.77673532646896093      -0.44143743197523055     
           3
  0.25308677753639641       0.30906935482066056     
  0.24567870168689854       0.24410360974084275     
  0.40424174140540986       0.21423652743173208     
           3
 -0.13011505310987828      -0.40559800603916718     
 -0.18250561738696272      -0.41502842047518063     
 -0.22990923057388235      -0.51986766708186372     
           3
 -0.45584819452804870      -0.15506166521586362     
 -0.53685129465870252      -0.15497671097666527     
 -0.55268641568765298      -0.32178193658624260     
