   1.0000000000000000
   30.000000000000000     
           6
           4
   9.0000000000000000     
   9.0000000000000000     
   1.0000000000000000     
   7.0000000000000000     
   7.0000000000000000     
   2.0000000000000000     
           1
   0.0000000000000000        0.0000000000000000     
           3
  0.37018943216865863      -0.54170812197817741     
  0.27575688990020358      -0.63898661083194874     
  0.34921188619228866      -0.68930366519054831     
           3
 -0.22608628396257396       0.30332694712588365     
 -0.29395260932587114       0.37865577649823917     
 -0.27765875556629344       0.15486757382827476     
           3
  0.64631693478237628       0.75504510975106798     
  0.43823025063841409       0.79228383817200287     
  0.42308824838529602       0.57625044015453253     
           3
  0.84008238972790716      -0.72231585553116939     
  0.69324978033813245      -0.73531596073753336     
  0.57828987153858846      -0.76793457901881346     
           4
 -0.51130829197479333      -0.75932382762028550     
 -0.57116331947783028      -0.67124297518716491     
 -0.65231317403779265      -0.68928925078585268     
 -0.65714092444625472      -0.93627461223831310     
           3
  0.75715828289523135       0.60207060840722881     
  0.82677838077242483       0.58675432788179638     
  0.91763661134641716       0.57323120201722910     
