   1.0000000000000000
   30.000000000000000     
          10
           5
   8.0000000000000000     
   6.0000000000000000     
   1.0000000000000000     
   10.000000000000000     
   2.0000000000000000     
   8.0000000000000000     
   1.0000000000000000     
   1.0000000000000000     
   3.0000000000000000     
   5.0000000000000000     
           1
   0.0000000000000000        0.0000000000000000     
           3
  0.36761031624293444       0.37653163119998267     
  0.24555917260279908       0.39348271216626957     
  0.40255141551778983       0.25391651169873636     
           3
  -7.6932233343590756E-002 -0.51910564485717725     
 -0.23676912806443895      -0.64728435694511643     
  -6.7711527110202577E-002 -0.66172425611468388     
           4
  0.68590196265665893      -0.78554048490065242     
  0.64895156729730052      -0.69345511742222110     
  0.50046969839798305      -0.80425386997128878     
  0.69322300986834284      -0.86873091762930676     
           5
  0.37924581872174040      -0.54934469613754655     
  0.41437957099636014      -0.50128717043723592     
  0.21222055954018310      -0.55522420974753817     
  0.23845899917821761      -0.59197248902160660     
  0.37536718087019372      -0.66817123951761137     
           5
  0.42624971149810986       -5.1806712024012699E-002
  0.36296091482972015       -6.9405708795077611E-002
  0.25717631275324582       -8.3791256945745268E-002
  0.24872384030093794      -0.17480886637733981     
  0.26366032578953386      -0.21331760429288671     
           4
  0.59858128533404997      -0.26219908548247062     
  0.56509000531886022      -0.31044224348638022     
  0.51470149943085808      -0.41098685283488079     
  0.51791798859135962      -0.46644221042831324     
           5
  0.16966219269927413       0.63783591527873251     
  0.10444825474685690       0.68956276014519846     
   2.4953541740191071E-002  0.62678344059221169     
  -1.7545797174806130E-002  0.57060923853383594     
  0.16895120744336817       0.51911396064264015     
           3
 -0.90059554057680569      -0.53272642721155128     
 -0.91761237619421865      -0.62350764916255974     
 -0.71283757460926467      -0.64287953617371174     
           5
 -0.48000427568549525      -0.44146668383435278     
 -0.44391742748481283      -0.36822460695434306     
 -0.47963668098765677      -0.39779524093918450     
 -0.61709165428096813      -0.52887299155932765     
 -0.54337601044861650      -0.53847210082863217     
           3
  0.31046966778208079      -0.82612639399646892     
  0.15134186092543769      -0.86747261376458029     
  0.17257220668598119      -0.94506986447166808     
