   1.0000000000000000
   30.000000000000000     
           9
           4
   6.0000000000000000     
   3.0000000000000000     
   10.000000000000000     
   10.000000000000000     
   6.0000000000000000     
   8.0000000000000000     
   7.0000000000000000     
   9.0000000000000000     
   6.0000000000000000     
           1
   0.0000000000000000        0.0000000000000000     
           3
 -0.66120118730291555       0.41372843018721983     
 -0.81887846904318695       0.36938925056650601     
 -0.80352035724698045       0.30213388151630899     
           3
 -0.66070439422462945       0.13564194731880694     
 -0.80563082922796458        8.2363996777980647E-002
 -0.65100066974860338       -4.8516876971174933E-002
           4
  -4.6255144241675386E-002  -9.9013056252549261E-002
  -8.4622150533072510E-002 -0.14850729891829431     
 -0.14849616040193725      -0.26937091086738674     
  -1.6120146319914180E-002 -0.30269912062680859     
           3
 -0.42368212586016968      -0.75525825876502584     
 -0.61298855283192988      -0.76651358480058196     
 -0.45839986513474967      -0.90159037878278769     
           4
  0.42409576984608488      -0.56423416385066227     
  0.32543263541573575      -0.64556176705338408     
  0.47667027866755407      -0.75225629304693953     
  0.47733256154574560      -0.70639312541626520     
           4
  0.52271219817976067       0.70277015365734619     
  0.34309434052060872       0.71452338702275242     
  0.35185621126166955       0.63549626548912475     
  0.46707802429243356       0.50476530672489928     
           4
  0.64424239404197725      -0.28321445067851025     
  0.48569051572073746      -0.24673147845562254     
  0.45712758441043955      -0.41037436004324779     
  0.55006932375156514      -0.41744924825298968     
           3
  -1.6615745044429725E-003 -0.45662594200821360     
 -0.22220004112020050      -0.45790692669544752     
  -3.0539028849206715E-002 -0.59483498842382465     
           3
 -0.44518521749306456       0.85743151780954119     
 -0.45658156722481608       0.76833079971607232     
 -0.23111237874070523       0.73275558743368319     
