   1.0000000000000000
   30.000000000000000     
          15
           7
   1.0000000000000000     
   4.0000000000000000     
   10.000000000000000     
   4.0000000000000000     
   5.0000000000000000     
   3.0000000000000000     
   10.000000000000000     
   3.0000000000000000     
   8.0000000000000000     
   9.0000000000000000     
   5.0000000000000000     
   6.0000000000000000     
   3.0000000000000000     
   6.0000000000000000     
   5.0000000000000000     
           1
   0.0000000000000000        0.0000000000000000     
           6
 -0.32054347833215435      -0.50111606120689667     
 -0.39589634317825168      -0.44781342361664056     
 -0.43054311176526344      -0.48395188545765733     
 -0.48629734035043154      -0.54334668375742967     
 -0.45112176947006433      -0.56389998501839289     
 -0.36873313149472803      -0.61023825700841094     
           5
  0.77293603388565124      -0.50146815998560867     
  0.69058615949292679      -0.51917210764169142     
  0.65781520714074904      -0.51230422512661300     
  0.60753337509543626      -0.54424558746396479     
  0.75790515582662576      -0.53919702944021808     
           3
 -0.51957063402250026       0.74589983379731106     
 -0.58352725772990632       0.74952303012582477     
 -0.50951553558973472       0.69520014101217242     
           5
 -0.68340409279613956      -0.29956400996848148     
 -0.73966703520760846      -0.32241105567712358     
 -0.74979160319432947      -0.36597352731656613     
 -0.75892819225253871      -0.44091989546193644     
 -0.68218970815239577      -0.46122668987900906     
           6
 -0.82034728808726098      -0.22487509317706619     
 -0.92123586058734674      -0.20404487298335156     
 -0.97050535452819087      -0.21573633781844709     
 -0.87409442343244126      -0.36040161745648180     
 -0.85541375926091712      -0.33842284087905367     
 -0.81680605531661965      -0.27622682114404989     
           5
  0.47985995911654661       0.96296312910730686     
  0.37300812078132789       0.93502982253480493     
  0.34190609872654659       0.90659542375494784     
  0.39072323380595364       0.82867990674157521     
  0.47959669555663909       0.83154299335492143     
           7
 -0.27781910021405065       0.50095343649307644     
 -0.33128180154826403       0.49488794262006686     
 -0.31420227836495396       0.43930585286695500     
 -0.34418416292192155       0.45405137403405388     
 -0.32436112714352483       0.35624242705806897     
 -0.29976332235905190       0.36729987375669121     
 -0.17185993808351635       0.37316913743126290     
           5
 -0.40973664608528282      -0.17186324214092774     
 -0.44038040930456629      -0.19041523318273096     
 -0.53053917367375869      -0.32910685097610637     
 -0.44612421747942282      -0.30734806484590455     
 -0.40648638179594782      -0.28361540535846613     
           5
  0.32249056332018261       0.71687305810136936     
  0.27101853287623434       0.71643628275841897     
  0.27518255335748759       0.57803675616406602     
  0.30815619865712252       0.57900591670098034     
  0.38546250844600594       0.62121725096448377     
           3
 -0.52693454748997215       0.18295952941511257     
 -0.56814637901641996       0.18012358336550632     
 -0.62560127795681919       0.15923222878478266     
           7
 -0.70056247673557448       0.33791427837548949     
 -0.70551982798094681       0.38032607556152231     
 -0.72874184158134070       0.41596953825869903     
 -0.81335472704469280       0.28755141448306659     
 -0.77611483855712926       0.25820913616134539     
 -0.72862386584063099       0.25216255455905945     
 -0.67786501321223913       0.25154413993307850     
           4
  0.18288041203020067       0.69295680776214164     
   1.3212004854196407E-002  0.68880695869737751     
   7.7248028977753236E-002  0.58858305141199208     
  0.16141715489098896       0.59303738055506594     
           6
  0.11620509513567789      -0.80466363243391348     
   5.5675910952380947E-002 -0.79717543888452025     
  -1.9776309913384665E-002 -0.80378048050401008     
  -1.1636000047923527E-002 -0.83695275687535886     
  -1.5992880658566105E-002 -0.89890097636700794     
   4.3468861371850610E-002 -0.95834561831871101     
           3
 -0.71373669901695924       0.88133829022455679     
 -0.79274172627532413       0.91045255047579199     
 -0.85870877947195712       0.75524969367117600     
           4
  -6.3312466021054337E-002  0.82943457262380538     
 -0.16928919079533244       0.84092895643402343     
 -0.17668949115798419       0.78946027598381818     
  -3.4002729936393583E-002  0.78767228088120544     
