   1.0000000000000000
   30.000000000000000     
          12
           7
   8.0000000000000000     
   4.0000000000000000     
   9.0000000000000000     
   3.0000000000000000     
   3.0000000000000000     
   6.0000000000000000     
   6.0000000000000000     
   6.0000000000000000     
   4.0000000000000000     
   10.000000000000000     
   6.0000000000000000     
   9.0000000000000000     
           1
   0.0000000000000000        0.0000000000000000     
           4
  0.65427351541200429       0.37497499707113785     
  0.54478495957780515       0.40081699455251407     
  0.62253218071470584       0.29836271142176740     
  0.64661935458889630       0.33149403630782115     
           6
  -3.3634292121592718E-002  0.90845316960109534     
  -9.7561684343897073E-002  0.88077203262018944     
 -0.17371922371321422       0.90100778494287348     
 -0.15664815141458313       0.81451992318445687     
 -0.14635731458809276       0.77261447514019999     
  -3.4950789597045090E-002  0.78208009851168592     
           7
 -0.42815530732878304       0.19375023239219294     
 -0.42298063677194908       0.16443828569373345     
 -0.40496621861700699       0.13276423178816271     
 -0.43780963667739936       0.13343686163656304     
 -0.37850602308705211        4.9270527218623017E-002
 -0.29338561714323386        6.7933300485312528E-002
 -0.26886882379266686       0.12167916521175424     
           3
 -0.55843518963478878      -0.62023180018331858     
 -0.71230102812168772      -0.64337938599465583     
 -0.55779645843800241      -0.68507657522371712     
           7
  0.73710498248236145       0.92344212201675979     
  0.76845238700881213       0.97927002588050072     
  0.70980950413085342       0.96833744400423893     
  0.62753313083343498       0.94933136130141427     
  0.66803267443503944       0.82516070940451303     
  0.72412907040151420       0.83728776771064106     
  0.75275052578843649       0.87808848110269744     
           3
  -4.8200645556715549E-002 -0.10824902737947756     
  -4.4636415295736073E-002 -0.20423102793024595     
  0.13013379462157798      -0.24131279258398006     
           7
 -0.53072848617281876       0.44633330967388385     
 -0.60474135244709692       0.51208977221543361     
 -0.69959448032716598       0.51556940774609039     
 -0.70623049099907764       0.38413803904654487     
 -0.67752757115013951       0.39411196561347872     
 -0.61550796919460027       0.35756208738483353     
 -0.58372414988973675       0.34821317242243693     
           4
 -0.18325070341854921      -0.69457163099627617     
 -0.26074324238325497      -0.71167407955245898     
 -0.26949497803687134      -0.80209521764168912     
 -0.26912861715628555      -0.84466789730930480     
           6
  0.93909751964700128        1.2014427360752089E-002
  0.96654108639044067        5.6040708691037569E-002
  0.85825451493617833        8.3634180836752184E-002
  0.77874894224904545        3.3473957663553724E-002
  0.78076590456949069       -6.7440320818288879E-002
  0.82992427191813278       -6.2760248579550440E-002
           5
 -0.73041240692183895       0.15867710375568678     
 -0.89514088933683333       0.16707300880680837     
 -0.86234944894814525        9.2811650582094382E-002
 -0.83372133376662139        4.5543531853252682E-002
 -0.78449314069418319        2.3784543996553276E-002
           3
  0.30289903970212251      -0.77583857057674233     
  0.21448385877386567      -0.76978451022686445     
  0.27653835300907414      -0.81989984402447702     
           7
 -0.50439949508783299       0.75768649836929813     
 -0.53647078880528620       0.73545296068244292     
 -0.67962054885734657       0.81743563870499969     
 -0.66928780763725526       0.67981733395224619     
 -0.68731889041269312       0.63140911117497966     
 -0.54027246394771355       0.64069883853882537     
 -0.51179710867215722       0.62599498007524879     
