   1.0000000000000000
   30.000000000000000     
          11
           6
   4.0000000000000000     
   7.0000000000000000     
   7.0000000000000000     
   3.0000000000000000     
   10.000000000000000     
   3.0000000000000000     
   7.0000000000000000     
   4.0000000000000000     
   7.0000000000000000     
   7.0000000000000000     
   1.0000000000000000     
           1
   0.0000000000000000        0.0000000000000000     
           5
 -0.42800595411998904       0.40425668239335949     
 -0.44675905027247598       0.44078899498766966     
 -0.50802873478959876       0.31572057583635760     
 -0.47362917445454883       0.25278920938087768     
 -0.39626909171674185       0.29250321745043223     
           5
 -0.50987546070624645       -1.5315148722942640E-002
 -0.54809066464914036        4.8302543154402203E-002
 -0.67505341635176785        2.9240995258909858E-002
 -0.56045465911106607      -0.11352439211310296     
 -0.48927139797467906       -6.7737045948220706E-002
           5
 -0.18206873141426599      -0.47703762733019228     
 -0.23254057054883626      -0.44200511251104357     
 -0.37522133398975743      -0.59270144016452586     
 -0.30514561107885196      -0.56981539696992423     
 -0.17843470175308501      -0.60560493479108357     
           4
 -0.12891099366351028       -4.0432673243188597E-002
 -0.28790376676100493       -7.0320624844880081E-002
 -0.27896096225684336      -0.17170004186225524     
 -0.19818844397906699      -0.22480836849473815     
           6
  0.51797320447029804      -0.78201280984326837     
  0.47974447873682197      -0.73676266517363742     
  0.44401131361545387      -0.73615592170706956     
  0.36278520515669033      -0.78638303100366613     
  0.38285604789342598      -0.81822633568015668     
  0.42837767581543285      -0.91197023068130723     
           6
   6.8323950009434448E-002 -0.63231281345352552     
  -1.4500029704252182E-003 -0.59678811617671768     
  -7.2555862925449549E-002 -0.59505292983222458     
 -0.12857388671777481      -0.60838450729852400     
 -0.13177589824369301      -0.73904313639940877     
  -1.7279120174862713E-002 -0.71573378143424493     
           4
  0.68985097387820782       0.25774602363814064     
  0.68967949261714268       0.30016508844221967     
  0.65232471454264462       0.20243725281921568     
  0.69202069890813034       0.16800685747494287     
           3
  0.18746083312937573      -0.17204850533080648     
  0.21509992997021185      -0.22019603175527816     
  0.28617876609058607      -0.25833443284592611     
           5
  0.43479002589782240      -0.41222137230049194     
  0.40354512990785651      -0.38771588369750265     
  0.33714780211527606      -0.42019855745982826     
  0.23152709379437492      -0.41313925478696029     
  0.23117215418437331      -0.52960004103217106     
           4
  0.56063602326403938       0.12835884468740211     
  0.49784433596755834       0.11685172726584912     
  0.47361749432167732        6.9145860333938727E-002
  0.65702603992216435       -2.0190399406416384E-002
           6
 -0.63204779099468777      -0.39458053779957958     
 -0.67722736220512125      -0.40089873043747015     
 -0.81271848615282605      -0.45558624458803398     
 -0.83769082175445120      -0.49921779917490305     
 -0.70924024809997832      -0.54151515969276987     
 -0.63711563443144281      -0.55029802598951250     
