   1.0000000000000000
   30.000000000000000     
           9
           6
   5.0000000000000000     
   3.0000000000000000     
   8.0000000000000000     
   3.0000000000000000     
   7.0000000000000000     
   7.0000000000000000     
   7.0000000000000000     
   1.0000000000000000     
   10.000000000000000     
           1
   0.0000000000000000        0.0000000000000000     
           3
 -0.27604138329637345      -0.26613506432900619     
 -0.44510789304818721      -0.27988021048890449     
 -0.32515638640303396      -0.36204761617850845     
           3
 -0.74480495013759329       0.12773788516729945     
 -0.87825641903401763        9.9225424252705391E-002
 -0.80043703366496888       -3.5134282061230815E-002
           4
  -8.2458324767290619E-002  -5.9474559066852159E-002
 -0.24032631114929121       -7.5825145442002917E-002
 -0.21061573028510217      -0.25354535996990779     
  -7.7024919508475856E-002 -0.19251499477995876     
           3
  -8.3596754799231843E-002 -0.70729364836050723     
 -0.19705807093746858      -0.77916530087846780     
  -1.4599231716688574E-002 -0.84714370691750396     
           6
 -0.29478849489297460      -0.68845751605247396     
 -0.34999812310504758      -0.67932642782277375     
 -0.42430729093658037      -0.66940812119799820     
 -0.39625825114439178      -0.82889610987248052     
 -0.33376802429030622      -0.87126286453585633     
 -0.26019337246818763      -0.75542592948317133     
           6
  0.67127392221788384        5.3536241942612625E-002
  0.58486334381499194       0.13328189583509459     
  0.52083006772444751       0.10691218765032612     
  0.53151351545466641       -7.7855449975482438E-003
  0.61583797721422040       -4.5997264042376529E-002
  0.70150146454078999        1.9603281843825322E-002
           5
  0.32640112767644175      -0.36426749336409447     
  0.28331205094926826      -0.33420252615706214     
  0.18474562303556974      -0.40676445740701389     
  0.37273099220143635      -0.42827734275474472     
  0.39183291544206722      -0.38900304012721942     
           4
 -0.38861176336517511       0.89019220227487050     
 -0.48365205375439957       0.96075609214080082     
 -0.56482628359758080       0.82869087526698171     
 -0.51870034369781126       0.80142146413615456     
           4
  0.32149204538086823       0.48458055773069003     
  0.12699574492393054       0.54248224962911584     
  0.25742659013566438       0.37925601244003349     
  0.34137090792584512       0.41828761371678108     
