   1.0000000000000000
   30.000000000000000     
           7
           5
   5.0000000000000000     
   8.0000000000000000     
   6.0000000000000000     
   6.0000000000000000     
   6.0000000000000000     
   6.0000000000000000     
   7.0000000000000000     
           1
   0.0000000000000000        0.0000000000000000     
           5
 -0.39105198463191410      -0.45339418750165239     
 -0.50268751231026387      -0.47428803696245814     
 -0.56758321363443820      -0.52332503032925237     
 -0.49509630893075984      -0.67732933201300571     
 -0.39773001457531110      -0.61433504537142580     
           4
  0.65549876691018816      -0.67217157189429866     
  0.56273459188131025      -0.63647946358157448     
  0.42146064700383101      -0.72973861262202699     
  0.61160617667716199      -0.71117962522108624     
           3
 -0.17350399778809597      -0.42025996629624895     
 -0.26423017734683485      -0.43583032898752194     
 -0.17982634544971837      -0.62606248358193362     
           3
 -0.70304873722759698      -0.44467680817144528     
 -0.64880595383453632      -0.58784868455116956     
 -0.64814766969594106      -0.52224883268174294     
           4
  0.23861335817537696       0.34663375584399131     
  0.27953988370852428       0.28867136128206849     
  0.33645556202877441       0.29053345949787845     
  0.42169711605425364       0.30123930030908314     
           3
  0.27341525869227667       0.18360626610077163     
   5.4865956280494635E-002  0.15629543987587596     
   8.4963394948667920E-002   8.7590522888440520E-002
           5
  0.14363552049553849      -0.26565813630808194     
  -7.4907680345148761E-002 -0.19041985714259105     
  -8.7438148082520581E-002 -0.25337066530402458     
  -7.4979803334754111E-002 -0.35514507053522465     
   9.6937585954514544E-002 -0.31902369344226167     
