   1.0000000000000000
   30.000000000000000     
           6
           5
   4.0000000000000000     
   6.0000000000000000     
   5.0000000000000000     
   1.0000000000000000     
   10.000000000000000     
   9.0000000000000000     
           1
   0.0000000000000000        0.0000000000000000     
           3
  0.52958654346650336      -0.75776368084188461     
  0.29980881395733450      -0.69766808953248094     
  0.45181066503958978      -0.92077828572842113     
           3
   3.7183365390027451E-002  0.60635003948205357     
  -9.1156081283192816E-002  0.56379475625488218     
  0.10319036237926452       0.39398759403878492     
           5
   7.6334291864411513E-002 -0.24663898152837660     
  -8.5154461445418758E-002 -0.22944742887121444     
 -0.13428233680945528      -0.30377110345320663     
  -4.7671960920982116E-002 -0.43462439772120925     
   9.6876219868247460E-002 -0.34940689206810882     
           5
  0.95477821252851058       0.59560146821098381     
  0.71756263320445379       0.66423411257906695     
  0.68798092743035033       0.43915089807055546     
  0.74725397636587387       0.46925119631788043     
  0.92252220176090338       0.39546550347164611     
           3
  0.25580276681687342       0.44092379651670777     
  0.23750537199702401       0.36663746535959607     
  0.29740071414605346       0.39043944327220026     
           4
 -0.61132986038361881      -0.28894091075072015     
 -0.68322204731778102      -0.27685923331571555     
 -0.71062437696008118      -0.35987770343951903     
 -0.46635168506511937      -0.33071587471198849     
