   1.0000000000000000
   30.000000000000000     
           9
           3
   1.0000000000000000     
   6.0000000000000000     
   9.0000000000000000     
   1.0000000000000000     
   10.000000000000000     
   5.0000000000000000     
   8.0000000000000000     
   5.0000000000000000     
   8.0000000000000000     
           1
   0.0000000000000000        0.0000000000000000     
           3
  0.87987340322702601       0.71229416110073729     
  0.80431215688704050       0.69407877029100851     
  0.78633330292024406       0.59314092751891589     
           3
 -0.56411452627114644      -0.45480929445173485     
 -0.74992072508371610      -0.52745739406406611     
 -0.63582063116374565      -0.57383262245413935     
           3
  0.82354773578731555        9.8007677391552250E-002
  0.70315398068402057       0.13738869118471486     
  0.72268194257589113       -5.2988838893153867E-002
           3
   2.6146348872361683E-002  0.44649951269034149     
 -0.11343146067976437       0.45186765340137086     
 -0.12335725466029984       0.36780592982077398     
           3
  0.40646148240196289      -0.67018625212746541     
  0.29361089592728440      -0.63888918484601154     
  0.22821342295055413      -0.73024530400350784     
           3
 -0.56495971697407776       0.10699447528214853     
 -0.69741937362960393       0.12018259794127646     
 -0.56627300674515635       -2.6156482594432588E-002
           3
  0.45485555707874997      -0.16666758230026435     
  0.35560642747706978      -0.16639140206798431     
  0.43638276400322745      -0.25539615083059664     
           3
  -5.4629704500707574E-002  0.25692097938451575     
 -0.16645165020118141       0.25607546663819014     
 -0.18520286259657268       0.10675554162999136     
           3
  0.27383776104168561       0.77837239075731768     
  0.28660784719868115       0.63091033751857550     
  0.39634212165948740       0.64716168459810786     
