   1.0000000000000000
   30.000000000000000     
          11
           7
   3.0000000000000000     
   8.0000000000000000     
   9.0000000000000000     
   3.0000000000000000     
   6.0000000000000000     
   3.0000000000000000     
   1.0000000000000000     
   5.0000000000000000     
   10.000000000000000     
   5.0000000000000000     
   6.0000000000000000     
           1
   0.0000000000000000        0.0000000000000000     
           6
 -0.22388177590976932       0.12888812553921775     
 -0.26541783105836186       0.15344056133453066     
 -0.32054002620544242       0.15599155265014197     
 -0.35434917363596641       0.11511962424199321     
 -0.30992391889050119       -2.2767783305684144E-002
 -0.21419761789513381       -4.6154067481332092E-002
           7
 -0.22732974398606637      -0.75113051251705443     
 -0.29330118693024376      -0.72813490087441579     
 -0.36455892277563462      -0.77225955861234197     
 -0.39708494704371344      -0.76367876802859491     
 -0.34834507566904549      -0.87174041537882829     
 -0.20161127427198780      -0.90970734357392957     
 -0.22050012440439337      -0.85696711327469588     
           4
  0.76649385964862771       0.79559970249249778     
  0.67663496822797431       0.83495439345133293     
  0.66358682902084443       0.66383201653271051     
  0.77888261458609287       0.74689638882259357     
           6
 -0.66906165105631266      -0.64418416387341060     
 -0.77683297192111245      -0.64394851665392105     
 -0.81076429191233546      -0.64924280164074133     
 -0.81176209408759037      -0.70784899243179955     
 -0.66574031348326157      -0.80583771880988675     
 -0.66101408202377288      -0.75147668059276462     
           6
   2.1854031830773536E-002 -0.69562357990992374     
 -0.10933176588234546      -0.66773580908370700     
 -0.10541090992701876      -0.78015689434376967     
  -5.0488025786356236E-002 -0.79023697678335836     
   1.9587019809374377E-002 -0.77873456973233912     
   5.1767380854688960E-002 -0.74786790626306521     
           7
 -0.54482071225704942        5.2010555365465602E-002
 -0.71200186658746678        6.0609526847209744E-002
 -0.71159678571346530       -2.4671398407644689E-002
 -0.67442642792525320      -0.10199069486565333     
 -0.61164786291721129      -0.10213669213110581     
 -0.58047607718127892      -0.10204709762294693     
 -0.55215922023674613       -3.9312665102087294E-002
           6
 -0.48502414025931978       0.48450709431426392     
 -0.52400052117050688       0.49750789373334336     
 -0.65077295470178742       0.54372604503331168     
 -0.63754088031116884       0.46395605710236909     
 -0.66006585654259087       0.40113557705317754     
 -0.53290600427588819       0.39057531161669923     
           5
  0.33601447324734435      -0.57198917218368706     
  0.27262957195948190      -0.52677086152182062     
  0.13598956087674413      -0.67263124014754683     
  0.21533455838884463      -0.69536455796256436     
  0.32839278770137903      -0.61813444542139573     
           3
  0.78485614024418471      -0.86482321256479999     
  0.76543252453877519      -0.81748092205706024     
  0.82150277436011931      -0.97085241041665449     
           3
 -0.55181434408452112      -0.54146252328440703     
 -0.49145669698830002      -0.70469756538107930     
 -0.43216936564589958      -0.68302220346090481     
           7
   4.3388101624417738E-002  0.25010104260248900     
 -0.13183026970126555       0.33108603415451887     
 -0.11790265420019028       0.24325701156707286     
 -0.15097624445179836       0.24019654976899060     
 -0.12439462599033878       0.17493080542560271     
   2.2423614315570453E-003  0.15009495189582264     
   4.7087147705975385E-002  0.16979877686754957     
