   1.0000000000000000
   30.000000000000000     
           5
           6
   3.0000000000000000     
   2.0000000000000000     
   7.0000000000000000     
   3.0000000000000000     
   2.0000000000000000     
           1
   0.0000000000000000        0.0000000000000000     
           4
 -0.10245936370542336       0.34817109673004309     
 -0.34543147016436920       0.38961764807297672     
 -0.29884181733152504       0.14976095598917660     
 -0.24836397976596017       0.19250485737704212     
           6
 -0.58226278985740987      -0.21634466149548898     
 -0.69720567164080249      -0.21726591214591306     
 -0.77760412511467458      -0.26764376635658960     
 -0.65784275525179137      -0.46012429158211687     
 -0.59726239741260589      -0.41591203113143499     
 -0.54372443654907143      -0.37489469293262334     
           3
   4.4144912296902317E-002 -0.20364753889458062     
 -0.24642074663914934      -0.37343623039995166     
 -0.14926985021040962      -0.40809853998259488     
           3
 -0.30844186122467421      -0.64145006864446863     
 -0.43917851358615378      -0.86637390512195334     
 -0.33898665855496291      -0.91502514780981858     
           5
 -0.43578477621205197       0.95634437696147223     
 -0.55692095233679884       0.97051746615515799     
 -0.71435307922389424       0.72114405460932685     
 -0.45355342069026494       0.69337359172614876     
 -0.44735490731306804       0.76599558729101735     
