   1.0000000000000000
   30.000000000000000     
           4
           4
   3.0000000000000000     
   9.0000000000000000     
   6.0000000000000000     
   10.000000000000000     
           1
   0.0000000000000000        0.0000000000000000     
           4
  0.24506292153229348       0.68715606184183597     
  0.15108736078594337       0.52383270189361497     
  0.20534973751759639       0.41364330209075795     
  0.30898351407301966       0.43623403958669860     
           3
  -5.9741984664305164E-002 -0.15685585259312707     
 -0.20301843542958126      -0.30713154420783179     
  -6.3257469020822382E-002 -0.35187398408656767     
           4
  0.49984585829397321      -0.29172346192383269     
  0.20724781790226265      -0.34833621489819699     
  0.22106884591435810      -0.49953675642040407     
  0.48989801428458768      -0.51543990312006016     
           4
 -0.66823980413869943       0.15361553445971571     
 -0.94821874617533763       0.18317002061594442     
 -0.91452889532410175        2.7879287434315725E-002
 -0.68531486493531890        6.8241597553436728E-004
