   1.0000000000000000
   30.000000000000000     
           4
           3
   8.0000000000000000     
   2.0000000000000000     
   4.0000000000000000     
   5.0000000000000000     
           1
   0.0000000000000000        0.0000000000000000     
           3
  0.20204252966015038      -0.64741687612011578     
   1.7709623961720752E-002 -0.78448899751061163     
   3.3156917872225397E-002 -0.96944133994557635     
           3
  0.54128582506925504       0.76304739570259628     
  0.26257120280430091       0.56459427392766492     
  0.45738286000977746       0.49527079024269749     
           3
 -0.87729477403719169      -0.38080451213669031     
 -0.76786556409676576      -0.64203040510345144     
 -0.66025455500634755      -0.63125361405778713     
           3
 -0.67242839610970462       0.96581557161559073     
 -0.82611965888672045       0.71092593685810823     
 -0.55982279566379523       0.74302003920578819     
