   1.0000000000000000
   30.000000000000000     
          14
           5
   1.0000000000000000     
   7.0000000000000000     
   6.0000000000000000     
   3.0000000000000000     
   3.0000000000000000     
   4.0000000000000000     
   8.0000000000000000     
   6.0000000000000000     
   9.0000000000000000     
   9.0000000000000000     
   1.0000000000000000     
   7.0000000000000000     
   6.0000000000000000     
   1.0000000000000000     
           1
   0.0000000000000000        0.0000000000000000     
           5
  0.27477704874063713      -0.24848205263495099     
  0.11071353047137862      -0.20144969665390700     
  0.11975300273362273      -0.29469969857280287     
  0.22727930930653470      -0.30089906104937730     
  0.26717090133043986      -0.32182786536488128     
           3
  0.69799015665903774       0.91665248851537862     
  0.65933704846301344       0.82924474268948578     
  0.69388164841704680       0.74596985709721697     
           3
  0.38287279211850256      -0.59956061397812921     
  0.28887553064131971      -0.59211672821971773     
  0.38498034857664476      -0.72935103706514015     
           5
 -0.55427684290723600      -0.75160120398508312     
 -0.66687027764764917      -0.73317581239767737     
 -0.70852757039342673      -0.76213586135588274     
 -0.61117426202309622      -0.83952567439965131     
 -0.56421065884996224      -0.87646385031149898     
           5
 -0.60686253394031542       0.27804317414204227     
 -0.64934004280333479       0.35101233296844153     
 -0.73741454455293121       0.28403627008985743     
 -0.75263109184077004       0.25103744416429902     
 -0.60824381157073593       0.20841252344274039     
           4
  0.75221565584609917       0.25056015051711433     
  0.61862978386029821       0.18655061165232564     
  0.67663313784475132       0.16035641161468478     
  0.77380298284134696       0.14728601400288088     
           5
 -0.81293791947613014        1.4436522299582115E-002
 -0.82564692271274731        9.3498054715384235E-002
 -0.96064221894011481        4.2289831232135602E-002
 -0.88688883929380657       -5.7771484430977543E-002
 -0.81955132711552880       -3.8693750938454577E-002
           3
 -0.43150774201677211        3.7524219072349221E-002
 -0.48668052747328544        4.9930561545902613E-002
 -0.47718168301678399       -9.9539806039207923E-002
           3
 -0.22268696194105841       0.38172994827078338     
 -0.26316694451601408       0.32727181420145579     
 -0.21246730023944752       0.31137372767515187     
           3
 -0.92160898502757593      -0.26424329308403488     
 -0.86807866013223889      -0.29204532658344307     
 -0.74928309677222160      -0.31863819542242877     
           3
 -0.51310795852586533      -0.49720925461707127     
 -0.63590347731494312      -0.48332806910646398     
 -0.63152679193303407      -0.61965676371082834     
           3
  -8.5736592557959596E-002 -0.83751863150691042     
  -8.8979879093288583E-002 -0.90921358893468485     
  -7.4694120871061628E-002 -0.96620891964980182     
           4
  0.27847119612420967       0.36802720559276969     
  0.19939999828852673       0.34057578988364068     
  0.12358756405895241       0.27461442045483059     
  0.12882800551680068       0.21264054428275150     
           3
   1.3190706221696297E-002  0.77745846748618175     
 -0.11257576977352973       0.85274725422493147     
  -5.6311058905334860E-002  0.67592931886034080     
