   1.0000000000000000
   30.000000000000000     
          12
           3
   5.0000000000000000     
   4.0000000000000000     
   2.0000000000000000     
   1.0000000000000000     
   1.0000000000000000     
   8.0000000000000000     
   1.0000000000000000     
   1.0000000000000000     
   2.0000000000000000     
   2.0000000000000000     
   4.0000000000000000     
   1.0000000000000000     
           1
   0.0000000000000000        0.0000000000000000     
           3
 -0.18918785605630678      -0.28029601907444984     
 -0.12952341308267570      -0.30000290832452020     
  -1.8797837165194051E-002 -0.33524836497874955     
           3
  0.90743428370506463      -0.35199207683347455     
  0.80710975965590537      -0.30626786005911655     
  0.91379383341262954      -0.46704013614331058     
           3
 -0.68079407527902036       0.89397706858780590     
 -0.79490045701067391       0.90801920345599663     
 -0.73531467130655315       0.76631958548263668     
           3
  0.67517620198674910      -0.11357172262577883     
  0.51314070464187322      -0.24417574169572970     
  0.65139208010593452      -0.25330819456742543     
           3
 -0.15925862335346633       0.34031804408337368     
 -0.19725664625328529       0.30754713311760312     
  -7.7751848093370046E-002  0.22468991283600540     
           3
 -0.68727399936072653      -0.81410697830616430     
 -0.75661517557883806      -0.83125573762244709     
 -0.72072019490989747      -0.94431560288678285     
           3
 -0.19333364315553209        4.1460200549758387E-002
 -0.16616051563093404       -5.9785469419491644E-002
  -3.4403720099412630E-002  -2.3322854253478777E-002
           3
 -0.41249675428452548       0.56705126109971671     
 -0.47574291170349786       0.58888346432185623     
 -0.54633632814407385       0.52533328493704612     
           3
 -0.29582182866318285       0.92252628249330493     
 -0.27668122302678971       0.81868523033919316     
 -0.19452604972097526       0.80068305404697038     
           3
  0.85876858609173001       0.92362809260635537     
  0.72207503613404533       0.91513383253386538     
  0.74385560729828815       0.78119340929169612     
           3
  -5.6263314179807733E-003 -0.76175125985814152     
  -3.9221456436500587E-002 -0.79501747592270988     
   9.6912966469569928E-002 -0.78377157282469889     
           3
 -0.54429934834873062      -0.23914729288098999     
 -0.59077687544616120      -0.18694526063236783     
 -0.57826724482051672      -0.33758332431906402     
