   1.0000000000000000
   30.000000000000000     
           9
           7
   5.0000000000000000     
   9.0000000000000000     
   5.0000000000000000     
   1.0000000000000000     
   1.0000000000000000     
   7.0000000000000000     
   9.0000000000000000     
   2.0000000000000000     
   9.0000000000000000     
           1
   0.0000000000000000        0.0000000000000000     
           3
 -0.14242216881407391      -0.47887009180954310     
 -0.21583614241604790      -0.43452936479767068     
 -0.13352438090744304      -0.58293848788512881     
           4
  0.44648685040678432       -5.5188416098571301E-002
  0.39061861158792743       -3.0200629951168706E-002
  0.33650067101068948      -0.14828407327358833     
  0.51828813507253013      -0.18399950184284503     
           7
  0.46559070903309913      -0.80513299135745775     
  0.50559406475229118      -0.73538672345050415     
  0.34308290230023181      -0.73184114110482323     
  0.34478251947554578      -0.80294862145154988     
  0.30574376271107051      -0.82648779137879791     
  0.48399759974188000      -0.90026507014255608     
  0.47722549551462851      -0.86554775704847242     
           4
  0.91532908746162522      -0.11884832377301588     
  0.77498334958576076       -8.7405492975690793E-002
  0.70569383769528249      -0.23620917682720743     
  0.88113283115950647      -0.27634021549182752     
           4
 -0.21441678987349533       -5.3882377876977361E-002
 -0.30507302806419923      -0.20138762837508037     
 -0.28327005112688214      -0.26070504822111257     
  -8.9138707213939503E-002 -0.21704846909336481     
           7
 -0.10051525598823111       0.51962531057543970     
 -0.18231346032017584       0.52366581193312267     
 -0.21556535882150615       0.53406815937456709     
 -0.24551811021968509       0.56761003880695970     
 -0.29928799339038298       0.52582473650827688     
 -0.15506215965587525       0.35110254325825557     
 -0.12293099283427174       0.44165168012868161     
           7
  0.21501247364055218      -0.28862952382208129     
  0.22765685225195248      -0.23945721960239030     
  0.16793831870001377      -0.26314287657374053     
   7.6342125928410942E-002 -0.27359734192166435     
   3.8092591134289255E-002 -0.42720909852978095     
   7.3582689482703273E-002 -0.46342415936836823     
  0.22104069610375776      -0.35500183333386881     
           3
 -0.55586987683319722       0.52200755622221884     
 -0.64032446011222277       0.45172786615913446     
 -0.49094906238382680       0.45412746538871662     
           7
 -0.38021621517512583      -0.33761527293453486     
 -0.46388229936678960      -0.31917693649299334     
 -0.50932233643933089      -0.31094408952746788     
 -0.54714963250344384      -0.29619273971139504     
 -0.59603474279528790      -0.45427858261604165     
 -0.50746320322722438      -0.47234683103371355     
 -0.39051000015210768      -0.37111876783927294     
