   1.0000000000000000
   30.000000000000000     
          10
           6
   5.0000000000000000     
   3.0000000000000000     
   3.0000000000000000     
   5.0000000000000000     
   2.0000000000000000     
   10.000000000000000     
   3.0000000000000000     
   3.0000000000000000     
   7.0000000000000000     
   10.000000000000000     
           1
   0.0000000000000000        0.0000000000000000     
           6
  0.54577629389401927        7.9028759057600040E-002
  0.58582439891842697       0.12605128380456260     
  0.49230879098148711       0.15387960669259432     
  0.40204725337459812       0.10061221963620451     
  0.54453238183027930       -1.3944112317682653E-002
  0.56838938390374139        1.7777667522417724E-002
           4
 -0.25159702078932528      -0.37949051227780112     
 -0.46077826485142936      -0.36710756863610899     
 -0.39409582907393353      -0.49485106509987214     
 -0.34822322898364627      -0.48833324394690458     
           3
  0.81527567343040308      -0.57719826881771519     
  0.67051612701507757      -0.56729458461733850     
  0.76940803963383597      -0.71933661440586316     
           6
 -0.63819405152150688       0.52019816592881107     
 -0.62528470451644458       0.58946052146032069     
 -0.67638490338194790       0.57738830361246263     
 -0.73255263402671100       0.40185039125991440     
 -0.64333625716199305       0.41622302372101627     
 -0.60395462285798929       0.43541232304952487     
           5
  -7.4273575814211387E-002  0.95240335470347937     
 -0.13805841564035337       0.92318987914999406     
 -0.21490305416624400       0.92514069133368526     
  -8.7771527942814981E-002  0.84946072229350256     
  -7.3441843684556640E-002  0.90962778655090148     
           3
 -0.50208722363550851      -0.75011043028197344     
 -0.65216522560822321      -0.73916791984048524     
 -0.55520347392434011      -0.90624937978870690     
           5
 -0.36818889977024705       0.75934706187419132     
 -0.51623243731560331       0.78564561673324929     
 -0.55294137871576199       0.77315623970088398     
 -0.50383176543668906       0.63098800065445815     
 -0.39265066234245233       0.64151063712527079     
           3
   5.5332851486691717E-002  0.50898685498481289     
   3.6871481413758567E-002  0.45879659082210328     
  0.18218867480030571       0.40043756344061893     
           5
  0.66172487811582303      -0.29660161820652453     
  0.57360423781685932      -0.29840772106510000     
  0.51495118266791262      -0.39879118444062361     
  0.50587594071708641      -0.44042265202513925     
  0.66377647354785085      -0.43150282428793219     
           6
  -7.4269280403471374E-002 -0.36512650991623580     
 -0.15435817481261091      -0.33621760337658863     
 -0.12407378722452488      -0.50940483553901184     
  -7.4590243420277313E-002 -0.50141538165118060     
   4.2863212436117654E-003 -0.53067117869080771     
   4.2796313306711020E-002 -0.48220848202013061     
