   1.0000000000000000
   30.000000000000000     
           6
           3
   2.0000000000000000     
   3.0000000000000000     
   8.0000000000000000     
   4.0000000000000000     
   4.0000000000000000     
   6.0000000000000000     
           1
   0.0000000000000000        0.0000000000000000     
           3
  0.16883722891807401      -0.33800093711414170     
  -2.8211556480069164E-002 -0.33161733855833497     
   9.9703114760817502E-002 -0.35719493593547630     
           3
  0.42337771160806259       0.54936034949310109     
  0.36179827885663585       0.50531885959545120     
  0.40795193752143410       0.37229985689178563     
           3
  0.78756933270771901      -0.65613467714714147     
  0.60836084836193516      -0.62108646216273211     
  0.60142191397378231      -0.71255920472003065     
           3
 -0.40839837916698263       0.44841762920497413     
 -0.46771782967538778       0.48697423281269092     
 -0.62383327981820536       0.30360413742872283     
           3
 -0.86543046515510580       0.14203605378019787     
 -0.94814777049468457        8.4216780700594435E-002
 -0.77950077008990437      -0.11531134021370905     
           3
 -0.14805976906879631       0.15851152263762955     
 -0.22462840199110956       0.20383953138872246     
  -9.2140748031206615E-002  0.10316471289882581     
