   1.0000000000000000
   30.000000000000000     
           7
           3
   7.0000000000000000     
   3.0000000000000000     
   5.0000000000000000     
   9.0000000000000000     
   5.0000000000000000     
   2.0000000000000000     
   10.000000000000000     
           1
   0.0000000000000000        0.0000000000000000     
           3
 -0.75238627968498029       -4.3301204324083145E-002
 -0.87544178343032630       -5.5276602000973035E-002
 -0.93024019780211176       -8.5443197132879428E-002
           3
 -0.16882291926946963       0.91889030554051387     
 -0.16113120751074170       0.83392453074923667     
  -2.7548129966157367E-002  0.76448025132997599     
           3
 -0.50788104693567138      -0.78697359253772836     
 -0.55778736688146724      -0.82021019308062881     
 -0.52509172820779215      -0.95183281137153930     
           3
  0.65515760743409057       0.14485401851226720     
  0.75765377665306244        1.1370621748621038E-002
  0.87441759862487800        7.1083615076099949E-002
           3
 -0.62797837172863813       0.80934509808161570     
 -0.69371700720910001       0.73363302420189047     
 -0.71064445110734742       0.61563791998650730     
           3
  0.74555537220146206       0.63284965005241300     
  0.76540039770932811       0.55668284060677442     
  0.90226503549193382       0.38765168588918347     
           3
  0.51482072640030252       0.86673033413636724     
  0.41511825268068936       0.81878970790889971     
  0.66677074318232810       0.75576277972762551     
