   1.0000000000000000
   30.000000000000000     
           6
           6
   6.0000000000000000     
   6.0000000000000000     
   10.000000000000000     
   8.0000000000000000     
   6.0000000000000000     
   3.0000000000000000     
           1
   0.0000000000000000        0.0000000000000000     
           3
  0.70996120074071800       0.60809087855106958     
  0.46720178749071239       0.55675911734572447     
  0.62786444017897591       0.51458732684446717     
           5
  0.76539199954154502      -0.16155436949330718     
  0.72829893971702031      -0.19927265542515932     
  0.65162907177677021      -0.15834531858834092     
  0.55377070748322699      -0.41634396081239805     
  0.71928220560447398      -0.42267173757955162     
           6
   3.2926327202676797E-002  0.74506106137719175     
  -5.0651346648787149E-002  0.65200654272159053     
  -7.0583528424213698E-002  0.53759895441079864     
   6.1034624460273558E-002  0.53104060751360760     
  0.16286437367904116       0.50238284324061255     
  0.14494695034762070       0.59173764475643975     
           6
 -0.59079917750352984      -0.63621520478228810     
 -0.68601549758193592      -0.61283986150487302     
 -0.79460951068743302      -0.85123755904098508     
 -0.64020360270687349      -0.83302862979764125     
 -0.59585721328738406      -0.79380889649975794     
 -0.57820115639309022      -0.75046600800195407     
           3
  0.70553228840537741      -0.72175607429604183     
  0.50516714346004110      -0.73341303767506094     
  0.69728088851015935      -0.81010502493996051     
           5
 -0.16139871605815426      -0.69230082349202748     
 -0.20274237775246845      -0.61067849143315522     
 -0.30675921782024373      -0.57090401117342482     
 -0.31719143645486469      -0.82556361212862950     
 -0.13501930109793170      -0.83084666954162212     
