   1.0000000000000000
   30.000000000000000     
           8
           3
   3.0000000000000000     
   5.0000000000000000     
   2.0000000000000000     
   6.0000000000000000     
   3.0000000000000000     
   3.0000000000000000     
   5.0000000000000000     
   9.0000000000000000     
           1
   0.0000000000000000        0.0000000000000000     
           3
  -2.0519764712624795E-002  0.42322754394446893     
  -8.3494449906447721E-002  0.43221112653410992     
  0.12713737343424103       0.27374150964019106     
           3
  0.75444716691306146       0.52175468291727178     
  0.57451346505822343       0.51606341606641259     
  0.52902358157705320       0.45334031072626746     
           3
 -0.28480420534437312       0.51665336048490251     
 -0.37433188992848310       0.54640723224329768     
 -0.48627078895595960       0.39745334134752536     
           3
  0.72080146218980756      -0.26675351205685410     
  0.54594020231940754      -0.50710435170656187     
  0.70754265444688169      -0.44891767500424307     
           3
 -0.82829648987429705      -0.44972077221170975     
 -0.95748856053806164      -0.55314486934973961     
 -0.85146585619502513      -0.63334047787428738     
           3
 -0.65676378196829543      -0.15435415828457952     
 -0.66995051747496970      -0.34994511768641645     
 -0.60532600391325075      -0.30949740870660247     
           3
 -0.23795267301743531      -0.52199191073019224     
 -0.35620647563465579      -0.49767561990504339     
 -0.14938977239821122      -0.60023758133862470     
           3
  0.45920094300110431        1.1439116434617418E-002
  0.28299853684899889        1.0697323281120753E-002
  0.46336192661880560      -0.11031584980169523     
