   1.0000000000000000
   30.000000000000000     
          13
           3
   1.0000000000000000     
   7.0000000000000000     
   8.0000000000000000     
   1.0000000000000000     
   4.0000000000000000     
   3.0000000000000000     
   7.0000000000000000     
   7.0000000000000000     
   2.0000000000000000     
   4.0000000000000000     
   2.0000000000000000     
   7.0000000000000000     
   10.000000000000000     
           1
   0.0000000000000000        0.0000000000000000     
           3
  0.83612504789945608        7.8042072338360149E-002
  0.86379740673283734       0.15521847112127923     
  0.79367979299247005       -2.4509048786471727E-002
           3
 -0.21059915515127203      -0.55005051237773683     
 -0.20426041863755084      -0.66025632923623079     
  -8.2361352851927444E-002 -0.64630811436224234     
           3
 -0.81983085746165751       -7.8940070170428658E-002
 -0.78274981113530306      -0.20467141310830494     
 -0.71209529326306908      -0.22457780538992045     
           3
  0.32274937420165650      -0.70411246094099822     
  0.29201904530227513      -0.87153129485715186     
  0.36828076416790223      -0.80656500101027884     
           3
  0.75296271639132806       0.82538021701433395     
  0.66597958268957080       0.80584464257438559     
  0.84004899240866437       0.65689084429223388     
           3
 -0.41495622694756801      -0.35870411110870121     
 -0.48553285085373121      -0.37471032264478321     
 -0.42463910704943025      -0.53676828776825503     
           3
 -0.25995228158655170       0.51218607343652822     
 -0.43601509007106953       0.40069154143782099     
 -0.35948087376822685       0.43383143433006338     
           3
  0.57766773117578862       0.40656215571130794     
  0.41688449873295141       0.38144605106844026     
  0.54217389569633945       0.30701637120500042     
           3
 -0.23913931214671064      -0.79063303930167028     
 -0.31332827799043839      -0.79867429036942084     
 -0.34540607885456348      -0.93890786357019240     
           3
 -0.24240175497275451       0.13567060587660495     
 -0.37837421598500715       0.13147754867912179     
 -0.38194772600898846        2.3475342700464939E-002
           3
 -0.86568810373174787       0.84698204944944089     
 -0.97692014244573089       0.83427687993857713     
 -0.94500310595438020       0.77054283854866623     
           3
   6.4633334963030101E-002  0.89561123319383151     
 -0.12356841399640971       0.83226328864977195     
  -5.7020013876589018E-002  0.78404447059673499     
           3
  0.82518722501655439      -0.67297640229482247     
  0.76038443313957105      -0.68584887688360641     
  0.70891057006156688      -0.73072776552112317     
