   1.0000000000000000
   30.000000000000000     
           5
           4
   8.0000000000000000     
   7.0000000000000000     
   2.0000000000000000     
   8.0000000000000000     
   2.0000000000000000     
           1
   0.0000000000000000        0.0000000000000000     
           3
 -0.60491907392203748      -0.67744324936456390     
 -0.72465554584009229      -0.68618030073685587     
 -0.59719217297522098      -0.94365945495155557     
           4
 -0.11325040036296066      -0.38401332819428036     
 -0.17312898926854861      -0.40746449289040976     
 -0.40143618111891965      -0.52437757549312469     
 -0.36278516211058426      -0.64838719306392245     
           3
  0.26356343760364709       0.22564344091909744     
  0.15293181747410228       0.18184857319538961     
  0.26926435393819903       -9.0426999961314564E-003
           4
  0.34291798738006773      -0.65633609313541297     
  0.15046134408050371      -0.55944962044967206     
  0.21115307891186122      -0.81219492620812528     
  0.32745917623352727      -0.82777153090562561     
           4
  0.83860715249421114       0.27773865165343753     
  0.53562970322149028       0.33425177704461878     
  0.69621176373188476       0.23230875723040473     
  0.77750916983466234       0.20928872993906220     
