   1.0000000000000000
   30.000000000000000     
           5
           7
   8.0000000000000000     
   8.0000000000000000     
   1.0000000000000000     
   10.000000000000000     
   1.0000000000000000     
           1
   0.0000000000000000        0.0000000000000000     
           3
 -0.40115722880752192       0.21858007517690234     
 -0.39795893112802505        6.0441001007290801E-002
 -0.34858013496191487       -8.7922506085819113E-002
           4
  0.71617243744072112       0.58162249293478041     
  0.53221862488620553       0.44012083704411747     
  0.80429530866051702       0.32404898415587413     
  0.81291139939435886       0.44002814891244302     
           6
  0.41865788497148104      -0.68992613809366077     
  0.35459529863814299      -0.70044451133945174     
  0.30364275864872603      -0.66570669115396297     
  0.18991672278101854      -0.66445070268587714     
  0.31422651664732193      -0.94171991534896049     
  0.42478304934688849      -0.92056481261491430     
           7
 -0.65264036837352024      -0.15003506675925421     
 -0.87840154982989838      -0.23388759510711846     
 -0.93306071838688220      -0.21888390962559454     
 -0.81392207791333948      -0.34306258093343900     
 -0.76147400374704377      -0.33928957107198493     
 -0.68734647584294351      -0.33921076237552461     
 -0.65594861929140336      -0.29068673182872284     
           3
   5.0003751250665696E-004  0.32980934326201605     
 -0.17086055218803692       0.22279417980934724     
   3.1457558095962582E-002  0.10389611448149073     
