   1.0000000000000000
   30.000000000000000     
           5
           3
   1.0000000000000000     
   1.0000000000000000     
   6.0000000000000000     
   1.0000000000000000     
   1.0000000000000000     
           1
   0.0000000000000000        0.0000000000000000     
           3
 -0.67088251135923449      -0.45109797758769088     
 -0.84857626030993050      -0.41501898205731436     
 -0.77160626957985134      -0.66666094500046169     
           3
  0.36552852007763620       0.49562387474124242     
  0.10369082787885270       0.42812791654143567     
  0.15006743892699753       0.32574196098010744     
           3
 -0.15912705526400581       0.81341496949723835     
 -0.31591362653162758       0.56954148621896228     
 -0.23322811964237689       0.63843130240501067     
           3
  0.16519780027012565      -0.44307823592455348     
   6.9440997813242089E-003 -0.55789912647836370     
  0.24347707645334324      -0.68810499208807374     
           3
  0.19167934000443310       0.91555068456101485     
   5.1923738792254689E-002  0.93010066957410698     
  0.24087820344251937       0.84144449420731915     
