   1.0000000000000000
   30.000000000000000     
           8
           7
   1.0000000000000000     
   8.0000000000000000     
   9.0000000000000000     
   9.0000000000000000     
   7.0000000000000000     
   5.0000000000000000     
   10.000000000000000     
   8.0000000000000000     
           1
   0.0000000000000000        0.0000000000000000     
           5
  0.76824400642794743      -0.83865622128198336     
  0.70786966003340102      -0.72669585167181860     
  0.59560984917162640      -0.88033750862082616     
  0.69119967454178777      -0.92246446767258417     
  0.78594439202641786      -0.96127915368007255     
           3
 -0.91084523596251554       0.94836960499289735     
 -0.83677512431666168       0.76910004065898607     
 -0.73121230088837041       0.79805307327944797     
           4
 -0.24678038608512023       0.87068505406139163     
 -0.32172213159670604       0.85239371643561213     
 -0.35422826220489162       0.75806911102759078     
 -0.29517831829063762       0.67723290980509154     
           7
  0.87854646793191926      -0.21825451452557088     
  0.88432067861596364      -0.17088934171127135     
  0.84345435110379818      -0.17433210597051801     
  0.74601212889572888      -0.15691907479680814     
  0.75882367819180307      -0.38830737550080069     
  0.86661393056914504      -0.40014905292644909     
  0.91398393977950787      -0.33657049233855774     
           7
 -0.34619312115091971      -0.26747115952318407     
 -0.42268022426728025      -0.29399649252884985     
 -0.44523938935989671      -0.26487210062768879     
 -0.48249059311143583      -0.25627542835434713     
 -0.55409896821103310      -0.34392534968739619     
 -0.50828440139404751      -0.45807582652154200     
 -0.40754654717212896      -0.44426977624676744     
           6
 -0.47345152786837924      -0.59461659770433206     
 -0.43543906857831766      -0.54613809383913781     
 -0.61349188766614160      -0.53825037077541360     
 -0.65597748018303859      -0.56734393035225550     
 -0.56188292918158123      -0.75575183305289739     
 -0.44932194707081247      -0.68425345302797380     
           6
  0.17968643857915106       0.84269591937184907     
  0.17565235078857477       0.89264828405468644     
   1.2467165949652817E-002  0.68796214257479393     
   4.8624326860733161E-002  0.66296051774003129     
  0.22122726443392213       0.66983053913091939     
  0.19480592837261751       0.69892563046320877     
           5
  0.53431116588422833      -0.22964127401259687     
  0.37292446371867061      -0.33595295418955967     
  0.39809121587414770      -0.38522796723747471     
  0.49296933307268676      -0.38653442962093892     
  0.55964376669644256      -0.43088560400360931     
