   1.0000000000000000
   30.000000000000000     
           4
           5
   9.0000000000000000     
   9.0000000000000000     
   6.0000000000000000     
   7.0000000000000000     
           1
   0.0000000000000000        0.0000000000000000     
           4
  0.39645895337743908       0.41289122192769606     
  0.34430970552964435       0.35819114217924086     
  0.37754255716296742       0.14313810569437577     
  0.47241621910286619       0.15880112129985210     
           4
 -0.23187559889575118      -0.55242216719284087     
 -0.43334390800014705      -0.47096499651134383     
 -0.51536203464656483      -0.58358708669043224     
 -0.39199546409773178      -0.77286238227939341     
           5
 -0.29756300932548541       0.44782877173573066     
 -0.38208829937349925       0.45935108926022294     
 -0.49386462193672648       0.41700337597979475     
 -0.36977792233080953       0.20658149164017042     
 -0.23491322266226389       0.31590237688677547     
           5
  0.98219771139166068      -0.71972337807240672     
  0.84666154160643359      -0.68290718614658141     
  0.70610766670683522      -0.80099161626164606     
  0.64099303594589963      -0.87289075774839020     
  0.90621387068293635      -0.91227902172040820     
