   1.0000000000000000
   30.000000000000000     
          13
           7
   5.0000000000000000     
   4.0000000000000000     
   3.0000000000000000     
   1.0000000000000000     
   10.000000000000000     
   6.0000000000000000     
   3.0000000000000000     
   10.000000000000000     
   4.0000000000000000     
   6.0000000000000000     
   1.0000000000000000     
   10.000000000000000     
   2.0000000000000000     
           1
   0.0000000000000000        0.0000000000000000     
           3
 -0.24547303462648162       0.69431386685055729     
 -0.39961631353689187       0.62554798148144386     
 -0.27617644407441899       0.59502268433416161     
           6
 -0.63732670995720442      -0.29538810702745788     
 -0.67741926432913468      -0.24762715998843149     
 -0.77129999009827732      -0.32626055153215577     
 -0.78106691751858881      -0.37967773328883009     
 -0.72295397162420705      -0.39308275001824772     
 -0.67964489338178902      -0.37594045303818019     
           3
 -0.54455031533812159       0.74616032930908405     
 -0.66281943248625019       0.63585539067598773     
 -0.62519557071520593       0.60199535467605703     
           7
  0.62220210651868013       0.27312849112212911     
  0.57904287769409257       0.27650616099152947     
  0.53022256682881341       0.25020130533439078     
  0.51178870096822215       0.18411841626754413     
  0.50749729804384969       0.11617865753500733     
  0.64430578291826868       0.14419849694403125     
  0.62394603426433082       0.18379308226647911     
           4
  0.29613862662717783      -0.49420993513955813     
  0.13244253152941426      -0.47659363111546926     
  0.15899187416001448      -0.63503345501573405     
  0.26096367642762686      -0.61455678667154079     
           4
  0.20041160270126396       0.81753048950799145     
  0.10959030004076088       0.66140703622921693     
  0.21683101280250600       0.65356772041787115     
  0.29153607909803181       0.68878896191271832     
           3
 -0.22484196829955302       0.32567528666353873     
 -0.12181379392196655       0.23029604792558922     
  -6.2807346168734665E-002  0.24598158112053439     
           7
  0.86083367142582112      -0.49018404713803482     
  0.79847818050591446      -0.49217922124793906     
  0.74235349014825336      -0.49692190356786520     
  0.76663429078412026      -0.54414391549024554     
  0.87870655769024697      -0.62910357434983522     
  0.86342269383507519      -0.59539349854221546     
  0.89249920457044041      -0.55355157782714270     
           4
  0.90623268882711594       0.42713665765168785     
  0.83584922546053741       0.39096529824845544     
  0.82801250085935207       0.30447731537886585     
  0.86638096094947126       0.29508523493114169     
           3
 -0.55388979928282644        8.3145345683808894E-002
 -0.62582132151785097       0.16166327764872496     
 -0.66431480922067709       -8.7458835702051152E-003
           3
 -0.78956665870515319       0.54188363765284364     
 -0.91014148492316305       0.49459083251596220     
 -0.78350092822488893       0.45495624472116464     
           4
  0.66200793163712968       -8.0486650722617709E-002
  0.62696246946795509      -0.13821980532658912     
  0.60180766381866491      -0.17671243126122380     
  0.64072466401398176      -0.19017262012435204     
           6
  0.70461796103899577       0.47735019033204373     
  0.73333197069814793       0.57555762745167016     
  0.59897676010228373       0.46665491809433735     
  0.61212240849685950       0.42871529939346326     
  0.70471870058630093       0.44109570130266523     
  0.74891927090921295       0.45355020337567975     
