   1.0000000000000000
   30.000000000000000     
           4
           7
   10.000000000000000     
   8.0000000000000000     
   1.0000000000000000     
   4.0000000000000000     
           1
   0.0000000000000000        0.0000000000000000     
           5
  0.88793416227967903      -0.32304506267157390     
  0.92712281424401122      -0.20508843686068542     
  0.62928251468607010      -0.38016998539702274     
  0.72192819645370898      -0.39787228709838829     
  0.89184634502400106      -0.38892035657789897     
           4
  -7.8141927304541406E-002 -0.32836681431827902     
 -0.32113638854498161      -0.16047324877806196     
 -0.34013325608979783      -0.39706736826426331     
 -0.16710825412076172      -0.47916474577106510     
           5
  0.91387985354882095       0.64747823748246336     
  0.84106483178610336       0.71250791572676053     
  0.59664518199317929       0.48314845906712367     
  0.60453384944025501       0.39289040223376837     
  0.91331250326335700       0.46509634915637921     
           6
 -0.22175268331518413       0.20847340805803186     
 -0.14309870565377014       0.24469982553891600     
 -0.29409313664161629       0.28214108133240234     
 -0.37157298864868415       0.23406533312835870     
 -0.39680547644363334       0.15768059255673200     
 -0.14537511586782378        9.0191118727587713E-002
