   1.0000000000000000
   30.000000000000000     
           3
           7
   7.0000000000000000     
   7.0000000000000000     
   7.0000000000000000     
           1
   0.0000000000000000        0.0000000000000000     
           6
  0.14279170679545589      -0.49978287497371643     
  0.15834115102283600      -0.36027373160831122     
 -0.12475733143462307      -0.39646864527132419     
 -0.15885021875342251      -0.59562584256821460     
 -0.15531058202081330      -0.70495127445943484     
  0.16315858579767412      -0.59364746661843226     
           3
  0.70379090137344769      -0.18631910499117943     
  0.56349798375101279       -8.9385709721877871E-002
  0.57268946813159582      -0.40810771709084559     
           4
  0.11590765015660570       0.85987717194904267     
  -4.2052577412985050E-002  0.82233226970572226     
  -2.0653576185771350E-002  0.47534591448870966     
  0.15761986273638873       0.71703403737507865     
