   1.0000000000000000
   30.000000000000000     
           3
           4
   10.000000000000000     
   8.0000000000000000     
   2.0000000000000000     
           1
   0.0000000000000000        0.0000000000000000     
           4
 -0.45666353959508837       0.45589050729333414     
 -0.62288331727759494       0.40008684994717203     
 -0.64990293257384923       0.28141254183657444     
 -0.66212423280832533        7.8019490165552957E-002
           4
   9.1809643697016385E-002  0.64468258426443303     
  0.14905315517392181       0.73638002739267205     
 -0.22706401185816116       0.53515338551306091     
  0.10797989283799483       0.41805991104679086     
           4
  0.49621213065768188       0.63728129093148256     
  0.43869791574572053       0.39587121458614438     
  0.52158764011650827       0.32346878795579481     
  0.59976583040246123       0.26431299332575797     
