   1.0000000000000000
   30.000000000000000     
          13
           5
   7.0000000000000000     
   1.0000000000000000     
   9.0000000000000000     
   7.0000000000000000     
   10.000000000000000     
   3.0000000000000000     
   1.0000000000000000     
   3.0000000000000000     
   6.0000000000000000     
   6.0000000000000000     
   9.0000000000000000     
   9.0000000000000000     
   4.0000000000000000     
           1
   0.0000000000000000        0.0000000000000000     
           3
 -0.60859710105579956      -0.51774513809782818     
 -0.78159110603435855      -0.54907339408809075     
 -0.71631218163919541      -0.60430063586575256     
           5
 -0.78858572005366101      -0.58104702850792123     
 -0.95493456026736956      -0.56843988188523475     
 -0.96494473574074191      -0.67489761672853710     
 -0.92813004056803228      -0.66550197073840900     
 -0.82009180263947690      -0.72010072365872113     
           5
 -0.21719256687076105       0.48620511666650534     
 -0.27519224433776979       0.48177474715643642     
 -0.31164060096646184       0.48050990615371969     
 -0.38613703390761744       0.49302133038248702     
 -0.33845900344624125       0.34424410411673678     
           4
  0.13839497860215502      -0.84550324422677148     
   9.8120151980967518E-002 -0.78673143829794412     
   9.6237321358368350E-002 -0.91824505270558587     
  0.22325889797741705      -0.89515272086855291     
           5
 -0.56416596633370586      -0.22237137294548104     
 -0.58858858774297240      -0.25288568543400664     
 -0.50733040535450979      -0.37571457860759538     
 -0.45078351300762159      -0.38471309021127559     
 -0.41727371244981448      -0.38823751353968355     
           5
 -0.31535768076416221       -5.0657510426818007E-002
 -0.29846893878515718       -1.2710790348024165E-002
 -0.47608184338640080       -4.3756062816955023E-002
 -0.48819541945809797      -0.14577130389225340     
 -0.36429749993497856      -0.16400061214773404     
           3
  0.44606161354742491      -0.73952360449028887     
  0.38374904120674769      -0.78880135553022224     
  0.50806622039499094      -0.87022349891368322     
           4
 -0.59679960308172986      -0.77318081330871924     
 -0.65516751013303842      -0.81752470182904535     
 -0.59762075479880961      -0.93135902206703103     
 -0.52482585044722474      -0.91054755924112563     
           3
   6.6300392983822315E-002 -0.66009739018858993     
  -9.9981905321616327E-002 -0.68204309833150989     
  -4.7828681145651246E-002 -0.74836930685532310     
           4
 -0.45845192332331625       0.92925506143619041     
 -0.59526149786786664       0.88292113612907741     
 -0.59240652991136500       0.82792145358840197     
 -0.56586160179592337       0.78744065792700346     
           5
  0.72617058132390211       0.12448125881123305     
  0.64908066868757319       0.16728852999949267     
  0.57881328480739613       0.16052725344647401     
  0.59854196690508921        8.3055205359929996E-002
  0.68171359859099556        2.9886641176345596E-002
           5
 -0.89430338136387300      -0.17764006616923245     
 -0.92254089074788692      -0.14561254394482753     
 -0.86243483322483994      -0.28770270692229510     
 -0.82167634115236776      -0.28796822252497206     
 -0.77258177611693746      -0.26396435737434559     
           4
 -0.77740108889783999       0.91617792289928945     
 -0.82060737361217873       0.89730239175851134     
 -0.76093460814288127       0.77471649278725563     
 -0.67538142740179685       0.78025572093094830     
