   1.0000000000000000
   30.000000000000000     
          12
           6
   10.000000000000000     
   4.0000000000000000     
   3.0000000000000000     
   4.0000000000000000     
   3.0000000000000000     
   9.0000000000000000     
   6.0000000000000000     
   2.0000000000000000     
   8.0000000000000000     
   9.0000000000000000     
   8.0000000000000000     
   10.000000000000000     
           1
   0.0000000000000000        0.0000000000000000     
           4
  0.47318804511157653       0.67147549711261290     
  0.45388926038941635       0.71680065464330600     
  0.43368696750661984       0.57686415556730730     
  0.49008153710569047       0.60039545717601883     
           5
 -0.28496160626691480       0.25028410624179986     
 -0.35161045064456198       0.28315659199734505     
 -0.46374232802750970       0.28269331731707575     
 -0.45934709036752214       0.15345267263367060     
 -0.39751518837446770       0.16222952475328309     
           5
 -0.68315712219060976       0.37824762343523022     
 -0.72010283188513957       0.43170475469409303     
 -0.82547429112962334       0.45358913917505173     
 -0.79855624578026618       0.26517734970979634     
 -0.75524011514288591       0.27938501058815157     
           4
  -1.6835428927224561E-002   4.6946892295159227E-002
  -4.6082126327889238E-002   9.7703653375280530E-002
 -0.16983240147304496        2.6829178962127463E-002
 -0.16913487755847939       -4.9886388311900787E-002
           5
  0.21042944773716052       0.28772919221863158     
   9.9349278665489510E-002  0.16332750610609531     
  0.16369081765030613       0.15157328099992029     
  0.25580692091652035       0.14692095798296528     
  0.21883649764614035       0.18501701990640290     
           3
  0.24008915428981198       -2.1582751037781133E-002
  0.17350347705207875      -0.12706014468614532     
  0.24793780274059590      -0.10934823174509543     
           6
 -0.78879753985104062       0.87974791082864212     
 -0.82232963156070060       0.90588251682456744     
 -0.88779065697477666       0.90242832437473386     
 -0.87479360871435430       0.74381844883139703     
 -0.74510602288600014       0.80307358102811877     
 -0.77800663486270716       0.84248805932404236     
           4
  0.19697327961274064      -0.47008848680656212     
  0.10052671151970434      -0.44755851203118441     
   4.7684625409974743E-002 -0.56449980512907050     
   7.6657495254005656E-002 -0.61747631079556276     
           3
  -8.6791073340134098E-002  0.90243118241745202     
 -0.15038667388572058       0.85117275632980061     
 -0.12028520555235639       0.76655106189023037     
           6
  0.48643590785467200      -0.47169536786693184     
  0.42137304230605027      -0.38327670127767355     
  0.34144266601157613      -0.37311115341455275     
  0.35053497897342167      -0.55860719560116567     
  0.41435385963601601      -0.55467984276132598     
  0.44953077681605758      -0.53623276659697416     
           6
  0.47729220497879921      -0.74990961075679330     
  0.43371731297634541      -0.71311953465716849     
  0.34966409653270358      -0.79552837750814209     
  0.33191909006840592      -0.83585203869941593     
  0.49914463578220963      -0.87610507844488561     
  0.46475812788061899      -0.81014341098799580     
           4
 -0.10707674511163162      -0.43885429906773488     
 -0.27108258202379010      -0.48495542721046958     
 -0.25772557563235288      -0.59374899446954910     
 -0.10482250154311494      -0.55178264100225172     
