   97.000000000000000     
   100.00000000000000     
          38
           8
   18.000000000000000     
   16.000000000000000     
   22.000000000000000     
   24.000000000000000     
   3.0000000000000000     
   19.000000000000000     
   6.0000000000000000     
   6.0000000000000000     
   6.0000000000000000     
   12.000000000000000     
   18.000000000000000     
   16.000000000000000     
   72.000000000000000     
   7.0000000000000000     
   16.000000000000000     
   23.000000000000000     
   4.0000000000000000     
   22.000000000000000     
   23.000000000000000     
   7.0000000000000000     
   11.000000000000000     
   11.000000000000000     
   1.0000000000000000     
   22.000000000000000     
   16.000000000000000     
   15.000000000000000     
   7.0000000000000000     
   5.0000000000000000     
   22.000000000000000     
   9.0000000000000000     
   10.000000000000000     
   11.000000000000000     
   9.0000000000000000     
   3.0000000000000000     
   7.0000000000000000     
   15.000000000000000     
   10.000000000000000     
   2.0000000000000000     
           1
  0.40206185567010311       0.19587628865979381     
           8
  0.82477433639589670       0.19456329586399088     
  0.81355668549083793       0.20462084900118074     
  0.80619021233384514       0.20371875596108652     
  0.80166240615471029       0.20921389523500722     
  0.80269102343631993       0.18681881476996670     
  0.80059613938356444       0.18095249872394115     
  0.81263659543976507       0.18212635030067059     
  0.81990094222884780       0.18230824339563814     
           6
  0.42419424328882216       0.82800240862212482     
  0.41370875676156810       0.82714484632738461     
  0.41067501012962299       0.82029012153320013     
  0.41600615372271260       0.80521028262823036     
  0.42368797686118043       0.80585744048069752     
  0.43336774566559422       0.80693166642483749     
           4
  0.24900282204876770       0.33348510567107420     
  0.24492608070830849       0.32184875554831288     
  0.25617082791795875       0.30763156184387352     
  0.26628695726646717       0.32017955847107266     
           8
  0.66334629351663721       0.96337137091928826     
  0.65950045927254475       0.97222584201214157     
  0.65165643726245426       0.97226782435664727     
  0.63691786045264931       0.96774534140829982     
  0.63762116132035673       0.96192625906120410     
  0.64608431944518163       0.95084770211548753     
  0.65967572411991637       0.94603403258367946     
  0.66110905574455303       0.95471569966011738     
           3
  0.35217576928140237        5.6443610914411725E-002
  0.32564815682319015        4.8351537283740892E-002
  0.34425990158197300        4.3849895313439823E-002
           5
  0.71226522639364975       0.18869994674790477     
  0.70318336820592853       0.18750598608225649     
  0.70016195085267829       0.17340474012236373     
  0.70381469008916808       0.16681091455618530     
  0.72131695642963523       0.17373510848300339     
           3
  0.60127725764513995       0.75577174265400127     
  0.58762886597938147       0.75257731958762886     
  0.59884467768049454       0.74224609477906933     
           8
  0.55570904142761335       0.77899480261524279     
  0.56023925720546552       0.78335997352851250     
  0.54880594937662874       0.78413383250283442     
  0.53753679240909158       0.78638782632722082     
  0.53762561126357367       0.77791335627812208     
  0.53791509531313497       0.77185911979476052     
  0.53215608643989720       0.76505601188790306     
  0.54241154967327332       0.76027682139609176     
           4
   1.5067719920286538E-002   2.0738415670149203E-002
   9.2020468589142264E-004   2.3535622983620073E-002
   1.5612100044288084E-003   1.2400971230331074E-002
   1.3878000887403406E-002   9.8630712853815805E-004
           8
  0.82477652013619740       0.75732863456892252     
  0.82370874625838941       0.76501292729818915     
  0.81578060349427461       0.76057690771974806     
  0.80851475579034027       0.76580695416936329     
  0.80532545472723704       0.74876321863574824     
  0.80514823837526095       0.74215609017859951     
  0.82204133036816274       0.74371738678205257     
  0.82880586072724327       0.73824597569605210     
           8
  0.61963734826547645        5.6954746216641046E-002
  0.61349244218975174        5.9594232721402990E-002
  0.60406245668698122        5.9247240062770899E-002
  0.59438264284213904        5.7416019638897073E-002
  0.59567211647988672        3.8026106619650162E-002
  0.61499329389631474        3.8848929418878748E-002
  0.61594706581317582        4.5316052764655494E-002
  0.62227250075965446        4.3681566906040893E-002
           4
   1.3503842615848841E-002  0.39503224160649364     
  -8.3111416070988202E-004  0.37255662625894920     
   1.1351399506460025E-002  0.37154313985057380     
   2.5391792195303124E-002  0.37596842133149744     
           3
  0.42684479718414159       0.33363269382434957     
  0.41806368970155755       0.33191628420590996     
  0.42268041237113402       0.31958762886597936     
           4
  0.24012006540689640       0.76381048680532027     
  0.22935368904886183       0.76026111876173175     
  0.23509495300626490       0.74456576533772678     
  0.24692385090327090       0.74406822819308349     
           6
  0.38277124284571656       0.29277361205654800     
  0.37530614929800421       0.28880064680203960     
  0.37346631191399948       0.28020952864899323     
  0.37020470477048234       0.27343011782833476     
  0.37578416628907346       0.26508675085038852     
  0.38621299545280607       0.26347628356704889     
           8
  0.88617127813914021       0.96833184465552824     
  0.88106536905940647       0.96983903302391739     
  0.86300375835068266       0.96782338671215562     
  0.86636839399749399       0.95984737142261067     
  0.87879988787135821       0.94606350149306029     
  0.88442728468949583       0.94678551214330198     
  0.89138349565547303       0.94591943832041248     
  0.88577314854409994       0.95601151015942698     
           5
  0.96410457102720992       0.14291154967578115     
  0.94561868546098182       0.14871937446954769     
  0.94423741567802144       0.12654443222977263     
  0.94684921476001993       0.11906205534144877     
  0.97249461632435985       0.12853831622493114     
           7
  0.88560396969009492       0.46709398745290076     
  0.87149677780871571       0.47357384887953730     
  0.86733896562320179       0.47808150142866446     
  0.86119799090490601       0.45488186587448315     
  0.87440142394941633       0.45528369922798062     
  0.88887319875266690       0.44878591454995204     
  0.88452618672199435       0.45974457691416676     
           4
  0.52004238473984155       0.93744522063446578     
  0.52036569646234276       0.94845200505122262     
  0.49516855299180812       0.93594692464764240     
  0.49193225250563000       0.92556708734316617     
           8
  0.57954675701531200       0.44711920883165363     
  0.57970952296547340       0.45596095763704408     
  0.57080440520205955       0.45337520909992840     
  0.55691876541877861       0.44566769766602876     
  0.55253263030472566       0.44247882222570023     
  0.55945710613012611       0.42908310347461343     
  0.56379786714284053       0.43561484411304857     
  0.58083824722874222       0.43098406785334820     
           6
  0.87087865622050520       0.29782715635548934     
  0.85602996545024157       0.31152608277635468     
  0.84276358237933235       0.29480888123195992     
  0.84507995695448468       0.28545292160638458     
  0.85231709300461544       0.28787115697213500     
  0.86807460363219846       0.29107547557265906     
           8
  0.96644632195323710       0.50226052344167582     
  0.97372028368249686       0.51085163881268747     
  0.96820834057661131       0.52037779627310921     
  0.94858889012087910       0.50044392116917524     
  0.95384050952326926       0.49686488923124095     
  0.95796737311361557       0.49304706044641156     
  0.96974166868619571       0.49398272034725982     
  0.97357196696426862       0.49975560746477654     
           8
  0.90795652075153588       0.24697058076858405     
  0.90478861055347004       0.25242714390714543     
  0.90042795789281527       0.24859244634767466     
  0.88568547694672084       0.23972877569382470     
  0.88880418250980997       0.23451092980743241     
  0.89357249879840639       0.22707756010095603     
  0.89567401933072699       0.22193192637633966     
  0.90820908995418947       0.23324482142334527     
           6
  0.33052518409621984       0.23771143602174458     
  0.32037924611622715       0.24501263278639254     
  0.30577943461473234       0.24424471197239364     
  0.30715532126042494       0.23722089706397742     
  0.32154093683436219       0.22262227173647570     
  0.32830406014016167       0.22414033161164612     
           5
  0.20906550054847337        1.0064894045395758     
  0.20484942550861546        1.0121833587129667     
  0.18394011706634217        1.0051796464591225     
  0.19426437101535779       0.99232902640369758     
  0.20816063103775306       0.99470400389770164     
           4
  0.43745379971739462       0.10024819424363214     
  0.41860143847555681       0.10490024566426036     
  0.41252836143976329        8.9257788064599053E-002
  0.42268041237113402        9.2783505154639179E-002
           8
  0.86520592220935622       0.63096523637105950     
  0.87044165245572214       0.63607749823415372     
  0.85981239421318845       0.63923613823607517     
  0.84969701949515786       0.63937121605013103     
  0.84311893617930489       0.62276309072445302     
  0.84839785892673536       0.61850414704090295     
  0.85646953138337800       0.61485628793554115     
  0.87005832074576328       0.62736269465632888     
           6
  0.10469669741095927        7.9063210927220115E-002
   9.5954109880900501E-002   8.1357518831173536E-002
   8.6551647632312670E-002   8.4026627385626135E-002
   7.9211563030284787E-002   6.7069745805321823E-002
   9.1681951076007948E-002   6.3586097738810257E-002
   9.5032109770406895E-002   5.7398466900521021E-002
           3
  0.14433661266529754       0.13553595144498726     
  0.12055471886362827       0.13418726202754477     
  0.14323831786952221       0.12046022318888244     
           8
  0.45231883659950989       0.38244596977448819     
  0.45511227623905981       0.39465271353717102     
  0.44366036833972350       0.38919334218425433     
  0.43009790328870201       0.39019022017363530     
  0.42870423818582315       0.37415184425424447     
  0.43509689813308161       0.36876877463983915     
  0.44204981104686136       0.37374796844500840     
  0.44729944481835493       0.36743425348309255     
           6
  0.14651721925352013       0.63700895549352310     
  0.13843643108212639       0.64063807405703355     
  0.12860363179403123       0.64115700715997781     
  0.12368487292749453       0.63240283679253328     
  0.12075464098437363       0.61896400609098656     
  0.14917270355632795       0.62843651380992893     
           6
  0.74457896785838340       0.52796177036087233     
  0.73107546803273193       0.53957709656183905     
  0.71941585506372052       0.53592958113049660     
  0.72343029165289496       0.51145788644854839     
  0.73331799816215182       0.51463015573831083     
  0.74705584016940985       0.51996349746694726     
           7
  0.47564655138446110       0.96479170666118330     
  0.47074703787780475       0.97311614524573553     
  0.45262712155700380       0.97156817133563300     
  0.47104063027926890       0.94419753282809915     
  0.47222077530355216       0.95622835611056700     
  0.47791877884971051       0.94876284183360771     
  0.47904594876879469       0.95893772025052371     
           5
  0.97075642631322479       0.57624443455149066     
  0.95981335054806116       0.57477623009341283     
  0.94440857882183971       0.55631842826862410     
  0.96350019760125138       0.55931398615284111     
  0.97148237258668202       0.55273508571773100     
           3
   5.8842216956693276E-002   1.0083967654010160     
   3.9960093807287295E-002   1.0030454836146447     
   5.1546391752577317E-002   1.0000000000000000     
           8
  0.84662912610923158       0.11701842787806518     
  0.83673857957055608       0.12738941505936929     
  0.82770202045483754       0.12159157115034351     
  0.82042943303645055       0.10546068316121152     
  0.82578688393482513       0.10359830780079671     
  0.83352868055083718       0.10117179270032098     
  0.84875008603051905       0.10157463450572840     
  0.84325606400746522       0.10592227656025806     
           6
   8.0705716664252636E-002  0.55291767244935386     
   8.6590450436236921E-002  0.55876988714618459     
   6.9035496538823404E-002  0.55482257183782979     
   6.2199197916569596E-002  0.54895958654360955     
   6.1068456378542864E-002  0.54003213947065454     
   8.6950316939021929E-002  0.54075873922266149     
           7
   8.5879006438841179E-002  0.42656731043806845     
   8.2525188955079223E-002  0.43253729936369106     
   6.1378490733458718E-002  0.41863957486396519     
   6.2477263011988832E-002  0.41110254032439214     
   6.8389013636507026E-002  0.41145976372301435     
   7.8196476906097045E-002  0.41404778398406122     
   8.5311584325844986E-002  0.41826446403799777     
