   97.000000000000000     
   100.00000000000000     
          37
           8
   12.000000000000000     
   5.0000000000000000     
   8.0000000000000000     
   12.000000000000000     
   18.000000000000000     
   12.000000000000000     
   11.000000000000000     
   19.000000000000000     
   23.000000000000000     
   8.0000000000000000     
   25.000000000000000     
   1.0000000000000000     
   5.0000000000000000     
   17.000000000000000     
   13.000000000000000     
   9.0000000000000000     
   13.000000000000000     
   19.000000000000000     
   5.0000000000000000     
   26.000000000000000     
   9.0000000000000000     
   20.000000000000000     
   21.000000000000000     
   8.0000000000000000     
   12.000000000000000     
   13.000000000000000     
   12.000000000000000     
   4.0000000000000000     
   19.000000000000000     
   25.000000000000000     
   7.0000000000000000     
   3.0000000000000000     
   2.0000000000000000     
   24.000000000000000     
   13.000000000000000     
   14.000000000000000     
   14.000000000000000     
           1
  0.71134020618556704       0.64948453608247425     
           8
   4.4164616384003680E-002  0.37083902098290050     
   3.4224411561506747E-002  0.37340811150717362     
   1.9153017039422605E-002  0.36546181103949971     
   1.9316361251977922E-002  0.35595004581354867     
   1.6712722264954592E-002  0.34815567386886548     
   2.4208739405275667E-002  0.35171808651018521     
   3.0888550445946551E-002  0.35225048375853563     
   4.0176716787152247E-002  0.35097859395696618     
           7
  0.73126871019289719       0.82850743025521512     
  0.72655382737210616       0.82409019020394880     
  0.72069310097192252       0.81572361740829058     
  0.72048097888317975       0.80521727919029884     
  0.72750805505225968       0.80671775098938558     
  0.74029822078931951       0.80480779340385578     
  0.74667876165670444       0.81123166521885992     
           6
   1.4108237398931297E-002  0.49841745824100531     
   1.0461374349884017E-002  0.49332900511512900     
  -2.7009214976593358E-003  0.49107192193905169     
   1.9253415665847675E-003  0.48715258340700013     
   7.6138711003938334E-003  0.47473202226375583     
   1.6986735571792106E-002  0.47512976369627813     
           6
  0.12667045695556903       0.16279160227174994     
  0.12309292052601893       0.16762102066878315     
  0.10426383823606676       0.15813576167762128     
  0.10027153889291651       0.15319453878969252     
  0.11065386035354335       0.14617952341760210     
  0.12130780077250906       0.14248967816903318     
           3
  0.90040829797604183       0.25066986915956635     
  0.88763462854953756       0.23361418431166098     
  0.90015987104896023       0.22242638086228439     
           4
  0.39299265425197150       0.33782196743194770     
  0.37350216426370414       0.34989695900560286     
  0.37581861775146141       0.32971461461557555     
  0.38938442812777768       0.33042221564983254     
           7
  0.90623154429417918       0.31302455438118604     
  0.89263752068921165       0.31208783370931381     
  0.88401378229064298       0.31293880586856737     
  0.88643278076798460       0.29815912457072347     
  0.88364046074255609       0.28874727330907818     
  0.90293602541449358       0.28859487691492025     
  0.90803111414778581       0.28479959526633475     
           8
  0.37470321938265394       0.84767036037196974     
  0.36935744308753732       0.84447149238659436     
  0.36187578569806489       0.84527810510652901     
  0.35625706395212248       0.84608162116460983     
  0.35272999971613966       0.84016170842036775     
  0.34811494511752827       0.82510833508344594     
  0.35956738374906905       0.82305118109610687     
  0.37339104109956400       0.83259352162489786     
           8
  0.57951150797302531       0.73137353369396130     
  0.57690698117704731       0.73827967004242712     
  0.56833647374150564       0.74512603597687876     
  0.55707724733558261       0.73609059257984033     
  0.55532821287863565       0.72500656153182519     
  0.56405418409979124       0.72431166173968564     
  0.56568584543476830       0.71775191584235121     
  0.57981049213231750       0.72067502193565391     
           6
  0.43490644470632167       0.52148545224970666     
  0.43211162626899935       0.52932661907700451     
  0.41419393519094710       0.52306423378366529     
  0.41313961993799381       0.51709198701683212     
  0.41898723220689338       0.51240274907834238     
  0.42806239960266163       0.51550910398564964     
           4
  0.96713111524624351        9.2757615590619152E-002
  0.96507835227374150       0.10149944077366109     
  0.95876288659793818        9.2783505154639179E-002
  0.95499942971254270        8.3148741668648926E-002
           7
  0.12511556413522981       0.50675104826744166     
  0.11187094012172388       0.51303440927670507     
  0.10493912112359167       0.51293788631968884     
  0.10027779627493058       0.49039016864153162     
  0.10971431630215368       0.49425795463750333     
  0.12248707048387814       0.49593112047211702     
  0.12725838470014433       0.50088959566621016     
           4
  0.78210931933655226       0.92774705874231000     
  0.76600559636139065       0.92789769629179297     
  0.77319587628865982       0.91752577319587625     
  0.78486629646036143       0.90596711697359200     
           4
  0.76981244298960361       0.72005047858957649     
  0.75938214326432529       0.72048646160347152     
  0.76498407280937319       0.70405364565796691     
  0.78620209661642904       0.69716442033000214     
           4
   1.0105929141565186       0.98679018703059218     
  0.99822240142058993       0.99179274685055874     
  0.98823200210087103       0.98015649759821577     
  0.99269572721269694       0.96967782502346311     
           7
  0.16750931798976548       0.14329792590376308     
  0.15259200340627821       0.14786668815469187     
  0.14373828245890954       0.13424970385392332     
  0.14859166438701588       0.12629028242704501     
  0.15402703758993633       0.12462679677639396     
  0.16093412889546968       0.12383177774093954     
  0.16703731765504720       0.11943917649516450     
           4
  0.66021657837018755       0.98498552989359978     
  0.64330779670974558       0.99172926499978442     
  0.63968335221962958       0.97834465770979617     
  0.64191422767207451       0.97132603013338692     
           5
  0.49890629323386776       0.43535276141201529     
  0.48653718880132524       0.43440276284912266     
  0.47122533970083963       0.41371658477377821     
  0.48714912275492384       0.41075085986425025     
  0.49641647253281973       0.41507795124278579     
           6
  0.46810049191319480       0.43299185648043759     
  0.45180476439908956       0.43491076795232586     
  0.45047473662199616       0.41605661742897543     
  0.45810793865360838       0.41477625326795742     
  0.47299706396823737       0.41038106361967874     
  0.47580148664097888       0.41584871451217936     
           3
  0.91752577319587625       0.44329896907216493     
  0.90993510402377786       0.44850319476505784     
  0.92886118016275088       0.42933692418454888     
           6
  0.45754664192234101       0.61601947385637390     
  0.44936004653924982       0.61769858543016787     
  0.45284943226968510       0.61241603671131584     
  0.45809555225448140       0.59951844720803904     
  0.46998837946719046       0.59359382841285657     
  0.47336381527762389       0.59857934483343145     
           8
  0.98794046423380322       0.24456682563468088     
  0.98205732448873650       0.24458403951137889     
  0.98225680074496946       0.24990526449494019     
  0.97629793460521774       0.25093123884403001     
  0.96814579750115404       0.23931237815279383     
  0.96682883508054451       0.23269428029705225     
  0.98252346155727510       0.22914270102715109     
  0.99007771233297293       0.23391468144152930     
           4
  0.19587628865979381       0.85567010309278346     
  0.18774429087822656       0.85669180140429368     
  0.19430328786995413       0.84099258885490658     
  0.20346500813493679       0.84731926034182214     
           6
  0.74138657419039988       0.71695005775191301     
  0.72496935933923723       0.72094331948697732     
  0.71742927829129788       0.71734664635561751     
  0.71743372773657998       0.70326273303032127     
  0.73528378030531460       0.69835740119496892     
  0.74337932764753412       0.70677336317948258     
           5
  0.28912291026387033       0.19838104040092894     
  0.28297410896918140       0.20633351227399660     
  0.27444563416946122       0.20869646700241551     
  0.26768886072880432       0.18839928913191542     
  0.28312438701141990       0.18457201629052561     
           4
  0.18734487559516005       0.58916991990805689     
  0.17317163962375454       0.59902046314372337     
  0.16056038201935943       0.58640424023432414     
  0.18020265675806604       0.57789099740743777     
           8
  0.97046261607950479       0.16173147563101731     
  0.96629242401888782       0.15876060307652951     
  0.96976851672652786       0.16703752738944672     
  0.96401748696238554       0.16578368611230826     
  0.94770645058892611       0.14738190557012756     
  0.94772904826006898       0.14209609034662918     
  0.97156673506573366       0.14571957913481359     
  0.96887061671263652       0.15358591146923450     
           6
  0.61680070126532771       0.29877656083491033     
  0.60467034294139033       0.31147410140565923     
  0.59553305890647035       0.30114036106676573     
  0.59519237102400102       0.29222840544948703     
  0.60149807181592774       0.28493549158423565     
  0.61951758878631247       0.28451467245708462     
           8
  0.37310718223202399       0.39791590059453608     
  0.37024922291233392       0.41093713965100481     
  0.35049810306890355       0.39702742442103084     
  0.35176677017486668       0.39173783065404078     
  0.34732340554886382       0.38895222772967047     
  0.35537607971758567       0.38772468419436168     
  0.36867400676661044       0.38864803932954595     
  0.36445318622891776       0.39379984098932902     
           4
  0.35106195957745312       0.53740240880427659     
  0.34020618556701032       0.52577319587628868     
  0.33282779845010196       0.51455040247281392     
  0.34700330570504734       0.51325140829684568     
           4
  0.63644969134262042       0.21284845556863330     
  0.62514420187320618       0.22606136571324828     
  0.61866932103836969       0.20402707082405250     
  0.62839470223305038       0.20479070166172234     
           5
  0.91661707848064200       0.55886699808495355     
  0.90909847477316963       0.56077702545320796     
  0.90642924283897985       0.54657278606146431     
  0.92507403031892288       0.53929416620591408     
  0.93157950033314041       0.54224635786020337     
           5
  0.34602473459937166       0.88670614619484767     
  0.33177006886457999       0.89057467232358323     
  0.32737207305141924       0.88013295859158136     
  0.33276812191654315       0.86922742226290062     
  0.34466809080280741       0.86484525733463502     
           3
  0.39554165252423490       0.38678627502295265     
  0.36720043903180505       0.37637848347478348     
  0.37632251913664255       0.36815507807001596     
           7
  0.22477825129353166       0.93435490218222850     
  0.21573595778203059       0.95056547906124311     
  0.20744838538951907       0.94357305676696734     
  0.20350326249247971       0.93173470202630393     
  0.20275201070185300       0.92438096281266546     
  0.22161411004169765       0.92596742486033612     
  0.22710081673549806       0.92803043200301527     
           5
  0.70150133857240760       0.98599363851340893     
  0.67855416700552973       0.99019350403963868     
  0.68046757738068220       0.97948373333046990     
  0.69679077690096647       0.96533621540356596     
  0.70544521677406558       0.97691239797912377     
           3
  0.64311953887512174       0.16179998127241588     
  0.62886597938144329       0.15463917525773196     
  0.62647722982467391       0.14461803666085135     
