   97.000000000000000     
   100.00000000000000     
          38
           8
   5.0000000000000000     
   24.000000000000000     
   3.0000000000000000     
   20.000000000000000     
   26.000000000000000     
   23.000000000000000     
   15.000000000000000     
   3.0000000000000000     
   20.000000000000000     
   16.000000000000000     
   9.0000000000000000     
   21.000000000000000     
   3.0000000000000000     
   24.000000000000000     
   14.000000000000000     
   6.0000000000000000     
   6.0000000000000000     
   13.000000000000000     
   5.0000000000000000     
   3.0000000000000000     
   3.0000000000000000     
   20.000000000000000     
   16.000000000000000     
   22.000000000000000     
   10.000000000000000     
   12.000000000000000     
   20.000000000000000     
   24.000000000000000     
   6.0000000000000000     
   1.0000000000000000     
   2.0000000000000000     
   13.000000000000000     
   7.0000000000000000     
   6.0000000000000000     
   24.000000000000000     
   19.000000000000000     
   4.0000000000000000     
   7.0000000000000000     
           1
   9.2783505154639179E-002  0.36082474226804123     
           8
  0.45164329523166419       0.19814599629861757     
  0.45693793878163330       0.20850702837375307     
  0.44844452046440769       0.20418692721655274     
  0.44215998352559144       0.20656860070364622     
  0.43062708037247988       0.19395320794073942     
  0.43951435278727841       0.18286418511408464     
  0.44291485713085454       0.18724123526693573     
  0.45470768578115739       0.18687685618768524     
           4
  0.82388541401914273       0.36532306164711975     
  0.80469388505418504       0.35779287560374495     
  0.80898924749773260       0.34830431834442843     
  0.82490513150999412       0.35308574096872042     
           5
  0.95304517555090773        8.6971746542180525E-002
  0.94968486787339967        6.9651153933232415E-002
  0.94471451698660469        6.4039176498452921E-002
  0.95272867271639883        5.6662499308261512E-002
  0.96801179365334555        6.7496237018343633E-002
           6
  0.14459019764272688       0.36328191641333041     
  0.14082722655082164       0.36979610288996495     
  0.13390976858699974       0.37557543100974344     
  0.12001194845902736       0.36269655592314282     
  0.13113184279904241       0.35045868620998610     
  0.14738978913531314       0.34567616719215399     
           7
  0.70495608074034499       0.13960761759075066     
  0.70490060829303081       0.14618525339672137     
  0.68120859851639015       0.14336375668085249     
  0.67669039247906360       0.13183549596325042     
  0.67647579580327466       0.12423755426812456     
  0.70243401828025220       0.12712852685623738     
  0.70110864715160370       0.13491520646685470     
           3
  0.33408842790564353       0.80080686636121867     
  0.31729424008107132       0.80644804651943014     
  0.30428021877656591       0.78161091537329297     
           3
  0.82069140631568260        8.1970099435447502E-002
  0.82144069694297517        6.2699929027482434E-002
  0.83505154639175261        7.2164948453608241E-002
           3
  0.28865774684658785       0.51117833475414554     
  0.26726033963138407       0.51612318051131734     
  0.28269217266516361       0.49132287359111659     
           6
  0.28713641551713098       0.36729272482315722     
  0.28022647083156527       0.37416064621962514     
  0.26850599061594904       0.36991119191637251     
  0.26607903096465435       0.35968981036518372     
  0.28865103934784853       0.34800581231634248     
  0.28762375165389387       0.35819780381384231     
           3
  0.71143205288791622       0.24723928122917732     
  0.70985364215739866       0.22725313239288772     
  0.72095238601657308       0.23510035431818702     
           4
  0.32834899173057458       0.52670264104468034     
  0.32368505958591476       0.53840041328882537     
  0.31236381911803129       0.51536815145709824     
  0.33504465457585320       0.51752821823435879     
           7
  0.28646055291459649       0.28632273678145803     
  0.29155010819110727       0.29240970216446394     
  0.27768662926688398       0.29336160379963622     
  0.26913185328054284       0.29059652141432252     
  0.26593209216570629       0.28005990855424040     
  0.26271910914025703       0.26638002418300410     
  0.28942226478302152       0.27065527661998906     
           6
  0.16759105885720868       0.86895220329953937     
  0.15197345298418694       0.86984849186582835     
  0.14209476876198301       0.86816015954714942     
  0.13971443193034169       0.85910929306461936     
  0.15722322429199923       0.84586742766974854     
  0.16362682918161220       0.84166761321761618     
           8
   8.5963286034560382E-002  0.36042919894010877     
   6.3864143043141600E-002  0.37018261372599071     
   5.8231050658186435E-002  0.36752389611690950     
   5.9070299667892893E-002  0.35793936643650032     
   6.1643044654011520E-002  0.34593015146083955     
   7.4020747499495221E-002  0.34836103232469684     
   8.1629247733588553E-002  0.34582799234652051     
   8.6577253038376420E-002  0.35143899611283336     
           8
  0.56111087751149635       0.27240577573061658     
  0.55294319049960450       0.26571721939723320     
  0.55014473340875114       0.27109208994977407     
  0.53366050318345259       0.25963028593061621     
  0.53603996174602531       0.25392008417676271     
  0.54380454585921689       0.24576023832208471     
  0.56016927737905819       0.25180048972698399     
  0.56062216813931054       0.25842072898621937     
           5
  0.78832012754772429       0.13495702445633131     
  0.77265448898136058       0.14228381946402602     
  0.75920191199507703       0.13267873281644646     
  0.75775452016872724       0.12395350476110115     
  0.76554534576198296       0.11867945402958859     
           8
  0.49366463494030161       0.51197630342707823     
  0.49919725992528607       0.51610493379519717     
  0.48457025346369598       0.51612463837617872     
  0.47197498723392028       0.51882788319522177     
  0.47355541430781023       0.51010917790247623     
  0.47452132206404563       0.50109793675350589     
  0.47857655540565286       0.49304271178688913     
  0.48671422406277903       0.49596107707484127     
           5
  0.26284421532800412       0.35227249931863142     
  0.25227105228571911       0.35217332339566282     
  0.24710052549492736       0.33095916702745709     
  0.25678553095518103       0.33235248100695042     
  0.26742984945874521       0.33908428808419788     
           8
   2.0996112492727766E-002  0.23857988412159584     
   1.6925920376856869E-002  0.24559713878943717     
   1.1591236172209123E-002  0.25080173259450739     
  -2.3655293142524469E-003  0.24872481238242297     
  -3.3664011101785345E-003  0.23343727313880003     
  -2.8473044064534873E-003  0.22609713496736220     
   5.4316866541707530E-003  0.22566672271577606     
   2.0131675214643343E-002  0.23168317889336990     
           3
  0.46135596668629220       0.12563208725558231     
  0.44860588271076723       0.12394527255390837     
  0.47500931431443294        9.8241574869336726E-002
           4
   1.8174886381200898E-002  0.48425972775270004     
   1.3825722526884937E-003  0.49009534899362439     
   1.3349338810036719E-002  0.47120912580697222     
   2.4047431167783385E-002  0.47411181090825588     
           3
  0.96364034933001663       0.16391837994359465     
  0.95876288659793818       0.15463917525773196     
  0.96047521348936393       0.14069014700993637     
           5
  0.40971893754537414       0.10608230413265383     
  0.41268478666679514        9.7356117886104418E-002
  0.41175290925742519        8.3676795520212843E-002
  0.41996092447754335        7.9632638448036766E-002
  0.43270745719371667        8.4226974414612271E-002
           5
  0.78460314179296875       0.56491724828447354     
  0.78012757473957184       0.58149348140650792     
  0.75951037869092597       0.55480459409470106     
  0.76665920504313179       0.55683446390953684     
  0.78205893112240066       0.55575440721757052     
           8
   4.3531077892904738E-002   1.6481883907847321E-002
   4.4771682663206532E-002   2.3678374880190613E-002
   3.7917178508566102E-002   2.3432241722551633E-002
   2.6923153079183873E-002   2.2968628061215954E-002
   1.6234178650796391E-002   1.6827138730593796E-002
   1.6780602997392743E-002  -6.6883461020945077E-004
   4.1185535827503415E-002  -2.4119496615812152E-003
   4.4640196001770230E-002   4.5558576882054995E-003
           7
  0.53596341758005095       0.70186009306786290     
  0.52616701686889067       0.70605291273003490     
  0.51040408799689951       0.70565350793522252     
  0.51673083653150798       0.69289644727026456     
  0.51232478644817081       0.68856718962171182     
  0.52297387690365915       0.68161088690593108     
  0.53425869841087659       0.68718828010604771     
           6
  0.59701262763308549       0.94660951327785614     
  0.58789042557299753       0.95262883054839576     
  0.57272944636827705       0.92904445917221501     
  0.58175150342764315       0.92991361883709178     
  0.59046794748066977       0.92701503034277266     
  0.60236520662830118       0.92919497861108091     
           5
  0.21122370892270032        1.0091617874536143     
  0.20088502607299535        1.0065783654006786     
  0.20678179166788260       0.99665158201451631     
  0.20720399487850835       0.98825447220233054     
  0.22942545368492295       0.99997300145216383     
           6
  0.57966045325318816       0.14604135965445289     
  0.56124043590702388       0.14844475282713626     
  0.56100170745362410       0.14212201654695400     
  0.55247493100114842       0.14049357093077858     
  0.55696207981253754       0.13079133282115002     
  0.57896467991020295       0.12587346960178616     
           6
   4.3963369655454373E-002  0.74280870784743691     
   1.9682209514189811E-002  0.72791590854877619     
   2.1431961250723913E-002  0.71703086627827972     
   2.9213767913720774E-002  0.71665949765559844     
   3.7900694130913321E-002  0.71840293979894843     
   4.3204303009096348E-002  0.72296040019646501     
           5
  0.39217892204815885       0.20362244932814444     
  0.37397671547473471       0.20504957446615213     
  0.37274853861107315       0.18765153023968614     
  0.37660831549158985       0.18072026607672936     
  0.39081652324481170       0.18372360356187609     
           6
  0.76703701815904513       0.22124061795355740     
  0.75144402887212403       0.22900987739508485     
  0.73729748686132590       0.22962930922793787     
  0.74316419929946720       0.21534741791481515     
  0.74713901415474293       0.20145974270981337     
  0.76740265576417654       0.20104843441357612     
           3
  0.20092499605120062       0.20396177204551738     
  0.19587628865979381       0.19587628865979381     
  0.20873256317493194       0.19839170667340641     
           6
  0.76438124874393565       0.76403471247682864     
  0.76471030388613304       0.75493644628018908     
  0.75817939431474524       0.74770673852284952     
  0.76586575997181128       0.73939358150714118     
  0.77904783438419789       0.74069335477375431     
  0.78568657588012247       0.74504163977832250     
           5
  0.96950207441704306       0.51021984814127574     
  0.95952692662569983       0.51470027617729075     
  0.94850700068238802       0.51708148521534414     
  0.95028468682295109       0.50623844255169337     
  0.94967535435570261       0.49923099568814322     
           5
  0.43530785952337603       0.90302368335388838     
  0.42283020877180222       0.91079384890023918     
  0.40735402564215861       0.91002777229270571     
  0.41172314846354580       0.88835914163042673     
  0.42079882489594267       0.88280281460233334     
           4
   1.0117040805758786       0.76286896004750371     
   1.0000000000000000       0.75257731958762886     
  0.99444106376256758       0.74439024352168182     
   1.0131148593928327       0.75087794247058404     
           4
  0.46632799245481948       0.31366404367957951     
  0.46067603808154955       0.30695957440306781     
  0.45294369765326159       0.29369719774412956     
  0.47950281215542095       0.28692418175578044     
