   98.000000000000000     
   100.00000000000000     
          31
           8
   19.000000000000000     
   21.000000000000000     
   6.0000000000000000     
   19.000000000000000     
   7.0000000000000000     
   12.000000000000000     
   16.000000000000000     
   6.0000000000000000     
   16.000000000000000     
   8.0000000000000000     
   14.000000000000000     
   21.000000000000000     
   16.000000000000000     
   3.0000000000000000     
   22.000000000000000     
   18.000000000000000     
   19.000000000000000     
   1.0000000000000000     
   24.000000000000000     
   8.0000000000000000     
   12.000000000000000     
   4.0000000000000000     
   8.0000000000000000     
   24.000000000000000     
   24.000000000000000     
   2.0000000000000000     
   20.000000000000000     
   15.000000000000000     
   2.0000000000000000     
   14.000000000000000     
   9.0000000000000000     
           1
  0.83673469387755106       0.77551020408163263     
           8
  0.98823419924046185       0.45595357278482412     
  0.98966846948723164       0.46261323167642143     
  0.97610015555653518       0.46330833396447030     
  0.96619885966139374       0.45386662235523439     
  0.96753257312840857       0.44315807316281441     
  0.96810519862745703       0.43382183086959553     
  0.99267864088101376       0.44021590535122557     
  0.99263842551968395       0.44578245643842274     
           5
  0.51579471375467612        6.3375900087393230E-002
  0.50646523264643484        6.1948040243486713E-002
  0.49555370982182306        4.8324082683140854E-002
  0.51833329568762643        4.4762187970322921E-002
  0.52188703703497719        5.1279529759221905E-002
           5
  0.50095356045736106        9.3669243179705777E-002
  0.48542968777716944        9.2541298307648595E-002
  0.48620070510462421        7.2197337523591892E-002
  0.49645703424306026        7.0366274244279589E-002
  0.50823426123235971        7.5285554540904243E-002
           6
  0.14699260788561083        8.4985532943472830E-002
  0.12701231921445599        8.4196746949164208E-002
  0.11939262246862099        7.3634317338138383E-002
  0.11755611480395262        5.9280199126013663E-002
  0.12988805474405399        6.3564370093196529E-002
  0.13640669325408838        6.1153711844413469E-002
           4
  0.29590241339505302       0.91880680791085168     
  0.28873137516633907       0.92174492389260321     
  0.28683149593390228       0.89547979276701251     
  0.31009473609395383       0.90505354026995322     
           6
  0.60117384261856777       0.31183129408273808     
  0.59814243798053990       0.31809454884706712     
  0.58855677998312028       0.31672861826634524     
  0.57757514661903031       0.30183468280143422     
  0.58359016782887529       0.29150320596217177     
  0.59659121821157768       0.29733545793474941     
           4
  0.85891265043785414       0.40617129739810487     
  0.84664280641814160       0.39235833383614527     
  0.85676051960257182       0.38398891666109486     
  0.87229352254158443       0.38369045586494571     
           4
  0.14126375880749301       0.25890141172004438     
  0.12826468168416805       0.25525799696899998     
  0.13170779423693973       0.23000544319623253     
  0.14526358015874080       0.23558222734444434     
           8
   1.5716608476382121E-002  0.41121442016696447     
   5.0284171090995127E-003  0.40305855667367024     
   8.9943375521039180E-003  0.39850573700509601     
   6.5372807346984075E-003  0.39340407503502772     
   1.1883778148571379E-002  0.39138428708369399     
   1.6216514848271642E-002  0.38774139995545315     
   2.3695220522517723E-002  0.38282260758623421     
   3.4709598969299107E-002  0.39049995142537036     
           6
   3.8521332206612247E-002  0.84789422440892137     
   1.7073921279403333E-002  0.84586525590158212     
   2.2047326856712443E-002  0.83038906397155499     
   2.9059610323332544E-002  0.82317271103743794     
   4.1540778606060029E-002  0.82650325263482782     
   4.4786800955788734E-002  0.83413483483473083     
           6
   6.2494937153157376E-002   9.9535068364585255E-002
   6.1570491127254080E-002  0.11218874448001293     
   4.7580334420751262E-002  0.11641520156984971     
   4.5193981006283149E-002   9.1572040526793019E-002
   5.4862259435281509E-002   8.7631573603676710E-002
   6.3911488280199574E-002   8.7171080203731988E-002
           4
  0.99529719031090103       0.54056077295704685     
  0.98852310549740685       0.52433658150580664     
  0.99790364329649706       0.51655371668316996     
   1.0100368232881896       0.52565861326057528     
           7
  0.86783327520910170       0.26970631436873832     
  0.84387926017959947       0.26617926141144238     
  0.84618087597844605       0.26074530775204724     
  0.84300275448175976       0.24822123666320919     
  0.84996161939578752       0.24149553120714715     
  0.85583540198592711       0.24249802432784906     
  0.87121235100770822       0.25233869304674367     
           7
  0.63708492422987317       0.61006554121870993     
  0.62565818898129699       0.61047165172176221     
  0.62254015208015900       0.61656591771098568     
  0.60720708373868781       0.60081024773655811     
  0.62430241975889267       0.59122218456152309     
  0.63207243544667446       0.58818495445078112     
  0.63649612421210566       0.59536251247548944     
           6
   2.0411213034229041E-002  0.67091268780384739     
   2.5640312491962816E-002  0.67823237162309247     
   1.2114053426369044E-002  0.67330172960066925     
  -1.4691561590703967E-003  0.67145142769872845     
   1.4284486544073778E-004  0.66058615405130205     
   2.1431239981388302E-002  0.65394943224812463     
           8
  0.90350716893238259       0.52843968899458826     
  0.89188354396271619       0.53412370251409758     
  0.88934717445679967       0.52797020952012352     
  0.88807269149961610       0.51196674401088638     
  0.89635861922832394       0.50665790811050071     
  0.90571373938051081       0.50534091566628592     
  0.91224190422346785       0.50816066917450786     
  0.90736572640715119       0.51602998398164224     
           4
  0.93892744040393217        2.1254563659649558E-002
  0.92116301008180579        2.9565822230426447E-002
  0.91381069433771667        2.1394584473016533E-002
  0.92181258182072623        1.2484241819487072E-002
           3
  0.20268169471616965       0.32669653758600192     
  0.19387755102040816       0.32653061224489793     
  0.20531671247827227       0.31814168304290691     
           3
  0.95983921198315125        3.9228431534338623E-002
  0.93696104520775059        2.7654834766804554E-002
  0.95436220003919614        1.5991831803877719E-002
           7
  0.51755837489765311       0.95941130414867259     
  0.49534963941675320       0.95477834626578606     
  0.50131867737395974       0.94599967069359736     
  0.49536010981355089       0.94489990643833421     
  0.50305602071342248       0.93541283129777908     
  0.51974453032869194       0.93393040307619524     
  0.52021334359264171       0.94543871414137837     
           8
   1.0015837071120224       0.15206782590184012     
  0.99376186847662717       0.15143730323713908     
  0.98465933223200020       0.15425659062734531     
  0.98474877342050171       0.13968372218470890     
  0.99576789038999902       0.13407421790767135     
   1.0056092512252712       0.12741083859665073     
   1.0147177796719375       0.13237529147703808     
   1.0145006485578505       0.13818916687486241     
           4
   5.7171169479832508E-002  0.43839542033984791     
   3.7441198948512999E-002  0.43200390427853175     
   5.4674420481247189E-002  0.41667766510329168     
   6.0616820129220518E-002  0.42482492326324317     
           3
  0.41336533972682626       0.10387562919366625     
  0.42904639660454363        8.2885332321606553E-002
  0.43980824695099402        8.9998333311263917E-002
           6
  0.63347965639548687       0.63547530448580503     
  0.62938878865866588       0.64638881011861438     
  0.60937824652666439       0.63274183782438131     
  0.61197625997066973       0.62177007170917542     
  0.63076967706243170       0.62318036140648958     
  0.63102256347430929       0.62976684641918168     
           7
  0.10507508352179258       0.98803357842976691     
  0.10474758137357627       0.99738547128264810     
   8.2539130611955627E-002  0.99753779032740808     
   7.8095351748959110E-002  0.99343902699999409     
   8.0423883537308838E-002  0.97574611190361682     
   9.1297945157295501E-002  0.97927426601874767     
   9.6625966123255941E-002  0.97647814934572497     
           4
  0.82593490318234897       0.57264545961169444     
  0.80532455779141843       0.57619411631323159     
  0.80303591784402173       0.55190734021651766     
  0.81632653061224492       0.56122448979591832     
           3
  0.58967557575462504       0.70338395582483781     
  0.58163265306122447       0.70408163265306123     
  0.57395209623798338       0.69284308925296145     
           7
  0.24628478498018749       0.15505671795536050     
  0.24421734498284683       0.16236525945530977     
  0.22563600071237119       0.16305356666151158     
  0.22556371656138063       0.15622743320495014     
  0.22014835647440015       0.14697440021126579     
  0.22623358247144479       0.13949692272878200     
  0.24985188335289149       0.13825971977942594     
           5
  0.21601592396675670       0.72604779202038494     
  0.19818269609678485       0.72418078992418855     
  0.19135538755836465       0.71172171453916488     
  0.19077806210691045       0.70401732301758169     
  0.21397626119903926       0.70459650164695020     
           5
  0.87974915708704882       0.62061981230413166     
  0.86649421874815757       0.62234385321383734     
  0.85347034092980201       0.60455968783139891     
  0.87082750531277742       0.59696681265425533     
  0.87739491681665571       0.60891480044602686     
           6
   1.0080911399805241        5.5341614524666308E-002
   1.0105613414125170        6.4534681922450557E-002
  0.98934800976006898        6.2757976254408460E-002
  0.98886258854462117        5.0901422570700038E-002
  0.99916435098423084        3.8274523756094685E-002
   1.0132971838838853        4.6875393616824176E-002
