   99.000000000000000     
   100.00000000000000     
          33
           8
   23.000000000000000     
   3.0000000000000000     
   24.000000000000000     
   15.000000000000000     
   15.000000000000000     
   24.000000000000000     
   7.0000000000000000     
   25.000000000000000     
   13.000000000000000     
   5.0000000000000000     
   7.0000000000000000     
   5.0000000000000000     
   14.000000000000000     
   13.000000000000000     
   5.0000000000000000     
   24.000000000000000     
   15.000000000000000     
   9.0000000000000000     
   16.000000000000000     
   13.000000000000000     
   16.000000000000000     
   13.000000000000000     
   24.000000000000000     
   20.000000000000000     
   23.000000000000000     
   20.000000000000000     
   3.0000000000000000     
   15.000000000000000     
   12.000000000000000     
   19.000000000000000     
   4.0000000000000000     
   15.000000000000000     
   1.0000000000000000     
           1
  0.73737373737373735       0.39393939393939392     
           8
  0.68932756378738658       0.92052142020358996     
  0.66338882629218043       0.93220483062331394     
  0.66728556397948491       0.92350147990240938     
  0.66593273914809692       0.91085889328552527     
  0.67174292178162154       0.91121531684002155     
  0.67356080054055589       0.90509427491841643     
  0.68219323755446515       0.90926596108444036     
  0.69164724987283832       0.91297373246906799     
           5
  0.40639404282104180       0.21582663837394958     
  0.40363154232595583       0.22567222624047303     
  0.38188383248002383       0.22167017808969822     
  0.38318167202452641       0.21074113869142264     
  0.40809340404123157       0.19902672224052043     
           7
   4.3645835730840334E-002  0.10248335310980120     
   2.8651444913795170E-002  0.10016792961049779     
   2.2046775315463615E-002  0.10526610012026735     
   1.7234846350368684E-002  0.10201092575084972     
   2.1547242660782298E-002   8.4885416103207323E-002
   3.6882296229912320E-002   7.9115603306816412E-002
   4.4048041897882834E-002   7.8097852894543018E-002
           7
  0.99419274850571959       0.16232201271434563     
  0.98733228591232769       0.16100568076228494     
  0.96700507554756909       0.16633700999281828     
  0.96612596771516479       0.16045555772853562     
  0.96674355866880690       0.15377780322115872     
  0.96653368024451758       0.13855887979530124     
  0.98598430302520090       0.13968504227643014     
           4
  0.91476285465121976       0.66407476289458955     
  0.90460724199260145       0.66598586075969346     
  0.92541383061580329       0.64248897486262557     
  0.93067783189442110       0.64894949131121149     
           4
  0.55621696483750571       0.76689978772197853     
  0.54484505904308755       0.76942241036241987     
  0.54759665616834041       0.75643710384300644     
  0.56603046018418324       0.74862713865270836     
           8
  0.56109497125463537       0.72961647954466591     
  0.54319277854652337       0.72659452646433986     
  0.54515487117835260       0.71274760148380678     
  0.54323094058556542       0.70756878348880503     
  0.55325453737152364       0.70826327080545970     
  0.55618342164386170       0.70307494614294985     
  0.56240792987080956       0.70262385052996990     
  0.57006334311399509       0.70627874199043594     
           8
  0.58981300965469685       0.86977779861323257     
  0.58471736835355526       0.87116967284681002     
  0.57651576521452264       0.87347532669872352     
  0.56093117450460650       0.85789730106425643     
  0.56192378906969809       0.85027874951245364     
  0.56746063785359990       0.84960022486354136     
  0.57914502310073102       0.84561756840723956     
  0.58898691436167439       0.85431200507048577     
           8
  0.22066425662796751       0.15421046770887475     
  0.22698195721997430       0.15906222781681212     
  0.22040056563960125       0.16514874019897868     
  0.20684564936526920       0.16087298680047996     
  0.20267652954908108       0.15451809009245374     
  0.20109683647625889       0.14129742018539698     
  0.21382613274481438       0.13809553278373712     
  0.22631164424472439       0.15018818614069190     
           8
  0.48360859236576970       0.58094887296701869     
  0.48840999156775544       0.58734353689363294     
  0.47614491473076070       0.58777529141476414     
  0.47002745328031487       0.58622937836145939     
  0.46002550144541138       0.58909514715465772     
  0.46407387691383262       0.57736406010250285     
  0.48953927129635155       0.56520342231544274     
  0.48796602290107699       0.57024183888399915     
           5
  0.51515151515151514       0.97979797979797978     
  0.50227959898495000       0.98749682978095421     
  0.50712267470404615       0.97389584424838138     
  0.51646169002846654       0.96605679835891090     
  0.52839483302413981       0.97032273489022280     
           6
  0.12356809038339631       0.12396454311592264     
  0.11460365561788990       0.12341640799648564     
   9.9823813595745770E-002  0.12475821772688674     
  0.10204689766378296       0.11463938650836207     
  0.12036951028259610        9.9205532153918002E-002
  0.12295654774337547       0.11222082590034672     
           3
  0.44566366589031681       0.59549512928030424     
  0.42924290011020272       0.60517258293813203     
  0.42765187582375636       0.58162142378342641     
           7
  0.64766467609641187       0.70415597717484468     
  0.65001199607931714       0.71076815860695253     
  0.62313672142795862       0.71195930257394036     
  0.62690254210235430       0.69431120318583428     
  0.62999749415113604       0.68846911614282724     
  0.62831818380148374       0.68203757713330704     
  0.65134004003673951       0.69716390243945470     
           8
  0.56500945939201319       0.77966230692288907     
  0.57017018833269595       0.79151908165404294     
  0.55834084364869974       0.79069692752265386     
  0.54318016661123003       0.78536387841795230     
  0.54353500121536469       0.77531400201173728     
  0.54333456577196571       0.76870890996536412     
  0.55365260362883528       0.76496097741652447     
  0.56441774375484244       0.77094346002893266     
           8
  0.36685603274201117       0.11103641067055545     
  0.36344321020186660       0.11778795400862245     
  0.34742042341050511       0.12209033099941596     
  0.33945757539087351       0.11462473830669079     
  0.33993371758353269       0.10210836338554001     
  0.34249286663802397        9.6686257981388413E-002
  0.35529205172870970        9.7369886254431409E-002
  0.36065423857935425       0.10299747886541208     
           7
  0.28555324844704649       0.91986261852859663     
  0.27260985949216171       0.92707308946587985     
  0.26138079101151285       0.92875286951132774     
  0.25807603454128519       0.92061979891828538     
  0.26156218675620774       0.91554644232795213     
  0.25828414324362775       0.90609500558530764     
  0.28127172865584577       0.91559013218649477     
           5
  0.50833971885248008       0.25055234539190946     
  0.48489098026214267       0.26534300357124224     
  0.48395894683740731       0.24048834197707522     
  0.49225356625275329       0.24052602029976022     
  0.50109123017750590       0.24177638278466823     
           4
  0.30290828925330404       0.94096021830434740     
  0.29432659044242765       0.94901715922005048     
  0.28016383369714781       0.93518230483855924     
  0.29248206046943448       0.92747542210054734     
           5
  0.71688143068031174       0.28695798428814751     
  0.70273180681176217       0.28371530128837819     
  0.70231152319265977       0.27444289193384447     
  0.70275547589574783       0.26125742019184167     
  0.72929912117422724       0.26988116838568538     
           3
  0.32478920907102315       0.43543804670954139     
  0.32660620765182374       0.44454272058169358     
  0.29833302473942175       0.42584581793571913     
           8
  0.28477281213960620        9.3032825159536967E-002
  0.26873762053424555        9.8979581089039315E-002
  0.26277941813735173       0.10242117876958119     
  0.25818361615397784        9.9328953824828689E-002
  0.26334254628319409        8.0953104239801219E-002
  0.27389277314959726        7.7152795360762541E-002
  0.28280536741357776        7.6964842312734288E-002
  0.28547442974345383        8.7704105277091576E-002
           6
  0.68962476804115969        1.0133090258136728     
  0.67233532276284380        1.0122608220151805     
  0.66637493340998910        1.0089651205490924     
  0.67154986899552049       0.98942314805178611     
  0.69096648825244300       0.98941061077633163     
  0.68884178993034983        1.0020608411852168     
           3
  0.88816923305471229       0.83149938789914579     
  0.87071424284248256       0.80987349119270857     
  0.88851797904484831       0.80917478508493923     
           7
  0.24526893497049396       0.81983871864826763     
  0.24549255759874286       0.82590552051147059     
  0.22091208976332544       0.82166726972433424     
  0.22233831392498235       0.80713987323579961     
  0.22700695487746439       0.80366299473459113     
  0.23171187696105450       0.80958569298829719     
  0.23974393582550052       0.80954203660856272     
           4
  0.90941260147598013       0.34758939529931288     
  0.89067639072539384       0.34603834708609826     
  0.88763681490371715       0.32198485303756985     
  0.90497958487810104       0.31869513298340113     
           7
  0.72694763644157367       0.92979329346385675     
  0.70245864544439951       0.93204390889612931     
  0.70906146329420983       0.92584227067901859     
  0.70477640759570792       0.92217952970311989     
  0.70837260265389512       0.90542631914894345     
  0.72937732227418761       0.90984143557169139     
  0.72535553676548825       0.91818693033436505     
           5
  0.19943230495553327       0.79130268123642833     
  0.18203924370273142       0.78987523620957667     
  0.17858184237529090       0.76784397399898829     
  0.20209035018547905       0.76697189411625966     
  0.20168901815780416       0.77603018499389997     
           6
  0.66790234514835123       0.78373688479363990     
  0.66478249024811764       0.79130092313071942     
  0.64216086012157958       0.77854799672262887     
  0.64416447071097016       0.77205938162922716     
  0.65682048294495998       0.76794638252776004     
  0.66832800319949626       0.76326189473442663     
           7
  0.88907066686282743       0.80216618777894055     
  0.86615554443662723       0.80980167962161809     
  0.86608319717965010       0.79461611916298591     
  0.86869766689620997       0.78838342078945900     
  0.87397212334799124       0.79045081446316490     
  0.88386329270259700       0.78683382002098001     
  0.89377970110857674       0.78714538637589604     
           6
  0.19980340260011528       0.84502195903491162     
  0.19547071778253050       0.85136609523465734     
  0.17867435406515927       0.85233165208726036     
  0.17754632810744231       0.83550615445408949     
  0.18391193495876132       0.83500893322105063     
  0.20545435965889600       0.84095355018321338     
           8
   1.3770340383512972E-002  0.60763532623511096     
   3.8109687698805080E-003  0.60569400139558571     
   9.1564932249009467E-005  0.59296039467806805     
  -4.0439466058146845E-003  0.58110130431770546     
   7.7372435025657472E-003  0.58309898767632895     
   1.3413381419702409E-002  0.58198108956828054     
   2.3874609103319351E-002  0.58331500004729941     
   1.9977679391636194E-002  0.58879099703669802     
           8
  0.56277045213187205        8.5259168579324668E-002
  0.55820142954655283        8.1965241406193629E-002
  0.54208692106734369        7.5663564876052511E-002
  0.54078195904969983        5.6941807255418544E-002
  0.54956784044228646        5.8430372606169539E-002
  0.55486728960012432        6.0286001328244673E-002
  0.56925602300214617        5.9714075077442585E-002
  0.56888673062715556        6.6923154218898287E-002
