   98.000000000000000     
   100.00000000000000     
          36
           8
   16.000000000000000     
   18.000000000000000     
   1.0000000000000000     
   13.000000000000000     
   8.0000000000000000     
   23.000000000000000     
   7.0000000000000000     
   27.000000000000000     
   1.0000000000000000     
   3.0000000000000000     
   6.0000000000000000     
   24.000000000000000     
   19.000000000000000     
   2.0000000000000000     
   5.0000000000000000     
   16.000000000000000     
   7.0000000000000000     
   4.0000000000000000     
   22.000000000000000     
   7.0000000000000000     
   23.000000000000000     
   16.000000000000000     
   2.0000000000000000     
   2.0000000000000000     
   9.0000000000000000     
   2.0000000000000000     
   12.000000000000000     
   1.0000000000000000     
   9.0000000000000000     
   23.000000000000000     
   6.0000000000000000     
   19.000000000000000     
   7.0000000000000000     
   7.0000000000000000     
   20.000000000000000     
   20.000000000000000     
           1
  0.38775510204081631       0.46938775510204084     
           8
  0.60658355543964981       0.48308612848123228     
  0.59975837061416060       0.48413934561770350     
  0.58803776877352021       0.47997122205851372     
  0.59045669514586907       0.47371530716923871     
  0.59023542455688471       0.46477959246593054     
  0.60809210593550533       0.46117424372020366     
  0.61269212670779760       0.45817625402636902     
  0.61659687696933119       0.46355779238591199     
           5
  0.98749765976415727       0.42584489073881199     
  0.98008498357634988       0.43626175548322554     
  0.96885503617843083       0.42757386937061387     
  0.97208587010143133       0.41439876464775166     
  0.98767379976962655       0.41826270317600284     
           7
  0.48880863646141159       0.63099072712788329     
  0.48016634689635757       0.63234768650852169     
  0.46950560946674574       0.63351716219189247     
  0.47034898445440715       0.62123707947443829     
  0.47498733543022431       0.60950202333659842     
  0.49283897114315822       0.61013318917762260     
  0.49259410443358398       0.62013289204955013     
           4
  0.27893770654768718       0.16170242490889813     
  0.25213831952630744       0.16311605617285463     
  0.25112894009070880       0.14556893373187998     
  0.27532357281456626       0.14356690142880624     
           7
  0.68341504484385174        6.1967139326579615E-002
  0.68784773464604254        6.6206431647785197E-002
  0.67769248433877938        7.4711610515896448E-002
  0.66466974980255888        5.9517974755657038E-002
  0.66077389798233688        5.5294176543921617E-002
  0.66263484588194077        4.9870610204094147E-002
  0.66866172958323522        4.6982411603398229E-002
           4
  0.98444868007362363        8.1294946120998413E-002
  0.96702206541504354        7.1191545442570781E-002
  0.96919365811505176        6.3152762803355897E-002
  0.99205373478554326        6.9099623292530152E-002
           4
  0.39092828441443978       0.26325830140668394     
  0.38529185616369521       0.26932361393583693     
  0.36941506005146479       0.24826798346941767     
  0.37788214618288135       0.24055450183404112     
           8
  0.70189888104230957       0.94819627561171294     
  0.69369082825414652       0.94657128586363803     
  0.69061491184777668       0.95163390425242556     
  0.68187721934103485       0.95225594280940895     
  0.68762847666630988       0.94694416724848018     
  0.68633108556775591       0.92657165847762513     
  0.69995890070710287       0.93122729094929058     
  0.70721017152520294       0.93860025626200572     
           3
  0.79591836734693877       0.85714285714285710     
  0.79624025809163734       0.86546020419085645     
  0.79431229444597629       0.84269801255845789     
           5
  0.85034333097129056       0.29452091736884795     
  0.84326224635026881       0.29821879724447636     
  0.83662757617890093       0.29584716595294636     
  0.83252590558790052       0.27526930827278584     
  0.84777328382892092       0.28366222108282124     
           5
  0.96181282073094809       0.92426463829946681     
  0.95036809008575607       0.92663477184449539     
  0.93936290630028740       0.92623050063955170     
  0.93464903730673776       0.91528048173104781     
  0.95230606278831498       0.90986147459680422     
           7
  0.76611642913571298       0.43527795152376431     
  0.75795095965635861       0.43703849064717770     
  0.75232138448383634       0.43956479847805696     
  0.74096114559272330       0.43736355827510554     
  0.74696504085466742       0.43394440324634548     
  0.74293473457440706       0.42559961238044619     
  0.75214895604815979       0.42048832176354450     
           7
  0.62672197918248906       0.20642983324978217     
  0.61476030956255101       0.21675068853220517     
  0.60837484506007156       0.21794489837197056     
  0.60448778904883171       0.21315389875056073     
  0.60506744974133364       0.19089887392237209     
  0.61444470877881707       0.19543003820060476     
  0.61909587637100238       0.19134614519856558     
           4
  0.78220670294133776       0.60255078200946321     
  0.78810052830567534       0.58932655878890550     
  0.80033798054435867       0.58405525195975794     
  0.81030680602533511       0.58835331274679070     
           3
  0.37509466412348663       0.50109218132061528     
  0.36734693877551022       0.48979591836734693     
  0.37991682987738029       0.49204615044910066     
           8
  0.46894266026285009       0.37676723046570049     
  0.47201736676590744       0.38104943969915717     
  0.44530021188742047       0.36959408460389137     
  0.44783751076176609       0.36428674691684443     
  0.44497283008428334       0.35802754932712877     
  0.46141172493021881       0.35846103941443563     
  0.46797015187159835       0.35563862587018980     
  0.47253704685032044       0.35980920294462976     
           6
  0.74489795918367352       0.58163265306122447     
  0.74245443407602629       0.58997305328461380     
  0.73561303288643543       0.58559489231812412     
  0.73049829471608696       0.57452229798520904     
  0.73152207666281743       0.56701537166581983     
  0.73714355564272405       0.57681471751788393     
           8
  0.11051216109762782       0.93307357202369134     
  0.10363271557134453       0.94223704135455433     
   9.9948784404999033E-002  0.93820296146349302     
   9.2576116886358487E-002  0.93841305921185802     
   8.9008663863610588E-002  0.93316874750471734     
   9.9986263282612758E-002  0.91515766043050661     
  0.11299237685448398       0.91811980172698737     
  0.11553054394360505       0.92740454977129216     
           8
   1.0121746192153416       0.52757045971022809     
  0.99826649728707539       0.53086656845801561     
  0.98942107383840583       0.53131469432179945     
  0.99093222327064923       0.52340346083607148     
  0.98661889236581868       0.50701141999794730     
  0.99689826653822866       0.50707896101256145     
   1.0038647483429830       0.50643026679697956     
   1.0096734757922763       0.51726934257619661     
           3
  0.93210809682918361       0.64388020066826623     
  0.93877551020408168       0.63265306122448983     
  0.95128842568566896       0.62706356624925208     
           4
  0.45008618350480428       0.42875463690443266     
  0.43421317428504297       0.44166563557129451     
  0.43127202630297534       0.42644637140173419     
  0.43834027922927293       0.41484390646205127     
           3
  0.54081632653061229       0.25510204081632654     
  0.52815453385664135       0.25160508769635576     
  0.55550824805293508       0.24735109042619705     
           6
  0.79572833081135996       0.67472590605926952     
  0.78549128715380045       0.67379518585959874     
  0.78644886827672822       0.65179889989755080     
  0.80113966002188264       0.65473944406816798     
  0.80539343491738780       0.64960283180563771     
  0.80380124981186840       0.66081244390527993     
           4
  0.74678004935555686       0.81073274176706311     
  0.72259194152418371       0.80367995167404915     
  0.73215016105257280       0.79260780933247466     
  0.74441112583822688       0.79667613570796436     
           5
  0.38994477693608903       0.90788289096038222     
  0.37217996969396366       0.91227387684946537     
  0.36553942160352870       0.90015107758227741     
  0.36549968108308967       0.88518494764980937     
  0.38741870172098325       0.89406856132621204     
           7
  0.16582304710737147       0.75668478858342836     
  0.15504405275806429       0.75884827880241401     
  0.14875368312061604       0.75559956510038451     
  0.15269247027604840       0.73944572731977765     
  0.15687365206463888       0.73110334353166206     
  0.16566987252982934       0.73473150699086009     
  0.17476236697509906       0.73165145770525442     
           4
  0.76530612244897955       0.97959183673469385     
  0.75755368061457629       0.97806463051798420     
  0.76792587515596478       0.96514146542838863     
  0.77363732888324210       0.97348308800139116     
           5
  0.12454302606111639       0.67886845949841401     
  0.10093156327869890       0.68791574127918242     
  0.10270709179436843       0.67147287370798781     
  0.10886245176764023       0.66126927880552144     
  0.12628354328386907       0.66758424377068837     
           7
  0.10650099167600081       0.50216588399358675     
  0.10657042677260062       0.51165432134677591     
   8.8053192472983183E-002  0.51354427737727681     
   8.4215452249568140E-002  0.50657289107120551     
   8.0176497046454673E-002  0.50126401678774102     
   8.5521321502720488E-002  0.49135970860655859     
   9.4675583541657643E-002  0.48761906526962867     
           5
  0.26777451096873295       0.73956920149516403     
  0.24409945065241304       0.74820094439290064     
  0.24247729660270168       0.73059727297586674     
  0.24909554879396753       0.72414896604585965     
  0.26788658457391562       0.72369123772942323     
           7
   9.0139425293390724E-002  0.70021558076263801     
   8.5094661156846246E-002  0.70768934137434891     
   7.8191599304146958E-002  0.70576895636468284     
   6.7196621616933364E-002  0.69882054296352381     
   6.7321513773378652E-002  0.69062626210439537     
   6.6999435833770327E-002  0.67916274337162208     
   7.4004963808274163E-002  0.68181022704866245     
           5
  0.13636645522056115       0.62796216463694410     
  0.12261220472206885       0.63524387784026359     
  0.10834699837087228       0.63231595455762168     
  0.12244897959183673       0.62244897959183676     
  0.13707590430606192       0.62044456151476590     
           5
  0.52274957877403272        2.8184517712179859E-002
  0.50334612885080554        3.4644130354771492E-002
  0.49811517564104096        2.9203759816091562E-002
  0.51704271132704060        7.8854901095037136E-003
  0.52377600867908369        5.8224816951528754E-003
           3
  0.26935063479943078       0.56068925313122220     
  0.26530612244897961       0.55102040816326525     
  0.26786794839685929       0.54242419220011939     
           5
  0.18272208940031656       0.91566335822023626     
  0.17488154579023113       0.91739322469217144     
  0.17332538413472956       0.91077583674914753     
  0.17595223054557471       0.89683064267189916     
  0.19692595767676946       0.89679112751137935     
           6
  0.23387754841969821       0.54363311528757252     
  0.22943522270500180       0.55552107705262765     
  0.22459813519723329       0.55121457130825680     
  0.21556764976517412       0.52801189220866618     
  0.23786761203295095       0.52857219884314322     
  0.23863819960883415       0.53950033535323993     
