   100.00000000000000     
   100.00000000000000     
          36
           8
   1.0000000000000000     
   23.000000000000000     
   23.000000000000000     
   5.0000000000000000     
   7.0000000000000000     
   18.000000000000000     
   12.000000000000000     
   20.000000000000000     
   19.000000000000000     
   19.000000000000000     
   16.000000000000000     
   2.0000000000000000     
   26.000000000000000     
   13.000000000000000     
   19.000000000000000     
   17.000000000000000     
   14.000000000000000     
   8.0000000000000000     
   10.000000000000000     
   5.0000000000000000     
   19.000000000000000     
   12.000000000000000     
   9.0000000000000000     
   18.000000000000000     
   4.0000000000000000     
   20.000000000000000     
   8.0000000000000000     
   3.0000000000000000     
   18.000000000000000     
   26.000000000000000     
   21.000000000000000     
   21.000000000000000     
   8.0000000000000000     
   19.000000000000000     
   66.000000000000000     
   21.000000000000000     
           1
  0.85999999999999999       0.22000000000000000     
           8
  0.29877535633301544       0.17037717404701297     
  0.30181425045737464       0.18141896354154735     
  0.28768976914043148       0.18291911343396233     
  0.27716503903024547       0.17561405060520649     
  0.28030167103557302       0.16946592874700986     
  0.29147694652799749       0.15534208406348873     
  0.30434652716037264       0.15817091543843076     
  0.30087944296106511       0.16343024450775209     
           5
   5.2544640935954824E-002  0.50405020881405804     
   4.1473242822665950E-002  0.51363229819901812     
   3.4665888145034456E-002  0.51276727669304900     
   2.6990539778133128E-002  0.50021305214031919     
   5.3227856851256639E-002  0.48848461263977805     
           6
  0.26162354429552981       0.13524360213185216     
  0.25518845764216086       0.14393837904363674     
  0.24400854944388903       0.14055926297896074     
  0.23595957366659864       0.12577750059389706     
  0.25818272625249011       0.12926627137955954     
  0.26454997506916073       0.12724057522178100     
           8
  0.67935392774986914       0.37663982209944019     
  0.67326136286293314       0.37782045351770449     
  0.66106700950030772       0.37605817624669141     
  0.66183507216191084       0.36807707408607543     
  0.66042691423203292       0.36186590664536539     
  0.66643154388336479       0.36155146793001430     
  0.67154180230184968       0.35891239948029929     
  0.68303239452437781       0.36291077514667791     
           5
  0.12607360211370988        8.1516788202308177E-002
  0.12122464604041747        6.9662743011709161E-002
  0.11590348103565022        5.8592011887203005E-002
  0.13994893479566556        5.7341453649399771E-002
  0.14302715972838445        6.5467948529470438E-002
           6
  0.63274028084169331       0.15260861420148930     
  0.62345198830200421       0.16263910726793168     
  0.61223429999053824       0.15805835625046413     
  0.61136260911671803       0.14458949889407277     
  0.60619800995103490       0.13930752561108919     
  0.63345973240068332       0.14246621720831878     
           8
  0.85492060360882782       0.38942501925962436     
  0.83757675804408471       0.39484779963513106     
  0.83489914664815235       0.38981272073621992     
  0.82927711629943113       0.39224797378053561     
  0.82624758975504053       0.38774978474850619     
  0.82538298497476992       0.37265904882159717     
  0.83429629798355520       0.36785539164541797     
  0.85081160749939266       0.38013924232207325     
           4
  0.34651365590326971        4.4101701339539411E-002
  0.33466744597933112        3.8770334502362336E-002
  0.32644260280852883        2.5772684364598553E-002
  0.34803679073421656        2.1064536114606430E-002
           4
  0.20350912640458588       0.45778573401185235     
  0.19372147899167202       0.46504964636891311     
  0.17609412471604446       0.44371724755630021     
  0.18169248059578519       0.43571821614246459     
           7
  0.42658706562099841       0.77054083542001095     
  0.41169583853107372       0.77197557132316674     
  0.41216954579471698       0.76619526279790051     
  0.40728118614451991       0.75603349128500941     
  0.41064405977244878       0.74971595548459602     
  0.42463376833338640       0.74654983647870421     
  0.42799384783469008       0.75363034091771230     
           6
  0.41149098979966220       0.87068046794277210     
  0.40363133998499334       0.86905652183491411     
  0.39105245323357635       0.86284670700658805     
  0.39198693311684568       0.84514977045881801     
  0.40040355861729404       0.85223047102718386     
  0.41339508460321178       0.85239136081874822     
           3
  0.24518093224261228       0.94760748217665636     
  0.23573382751093908       0.94427422742646960     
  0.25000000000000000       0.93999999999999995     
           3
  0.64361699229541336       0.57991996829116210     
  0.61925883859196773       0.57684917658521628     
  0.63963818174107057       0.55556200114670362     
           8
  0.75791525715957286       0.24065324565238383     
  0.75474635743400686       0.24770813131940303     
  0.75267089249604924       0.25282839480853653     
  0.74377508299249739       0.25001883229979605     
  0.74012751956314093       0.23991006336862231     
  0.73510974021235731       0.22751273552840737     
  0.74467692754648962       0.22705025445006097     
  0.75888048897657989       0.22675318479099188     
           5
  0.62188951290610717       0.85881748438785677     
  0.60870760081065145       0.85786035230858959     
  0.59875992048460080       0.86142331964822438     
  0.59998837165809082       0.83506989069271953     
  0.60699143518747900       0.83565209331337453     
           8
  0.87185740382426036       0.39182112413366688     
  0.86228414398455522       0.38076139369347767     
  0.85562278095450772       0.38904147277138840     
  0.85757251547841395       0.38333256532434218     
  0.85864757166914518       0.37430349757242531     
  0.86072479645913502       0.36858160397562267     
  0.86734169384671855       0.36745405236255108     
  0.87883751212402050       0.36874834096852760     
           6
  0.55112412574631486       0.39140681905390345     
  0.55388815553734494       0.40026163007336457     
  0.53158438664625762       0.39993046250471914     
  0.53669005659902247       0.38053197712853498     
  0.54287232624233939       0.37804602548842681     
  0.55230836444948050       0.37646098171458109     
           7
  0.67392602221953046       0.35291823006486134     
  0.66480566147941522       0.34850893642535674     
  0.65373743447541299       0.35102893316233508     
  0.64650618532959014       0.34812290334121621     
  0.64669382879013537       0.33300290722168968     
  0.66694144521719068       0.33106499218984647     
  0.66922983448754758       0.34338732404799222     
           3
  0.45265282376628385       0.40037252627238701     
  0.45016684795431450       0.38695414310697401     
  0.47446954754339044       0.39357099424479280     
           4
  0.46969720709687640       0.18128897380663783     
  0.45542976385030109       0.16420556630251371     
  0.46549755318516395       0.15729067471027550     
  0.47208065230993007       0.16152552099690234     
           6
  0.21879189576042743       0.54674016163156192     
  0.20488834897936303       0.54941308067898453     
  0.19780974966246262       0.54683835234143308     
  0.19819164852918023       0.53718694061615924     
  0.22035123957574804       0.52867813249059170     
  0.21858656959964726       0.53628218383070358     
           6
  0.20426880254055821       0.83974961164635709     
  0.19777038801387539       0.84037403427329993     
  0.18927505579932244       0.83836597117912037     
  0.17628521644718290       0.83637287208318967     
  0.19825385857334130       0.81760865935334981     
  0.20113980236476128       0.82326857635414896     
           3
   1.0000000000000000E-002  0.81999999999999995     
  -5.3084572538334394E-004  0.83062765879215827     
   8.6649755040856483E-003  0.80558447878532435     
           3
  0.93541300864334176       0.29496479459149189     
  0.92739048622776310       0.27209273428101433     
  0.95294107021113361       0.27717566638226149     
           6
  0.82987693952531472       0.73467493664938366     
  0.81920351820630000       0.73321217382445625     
  0.80810829974965870       0.73477877427142879     
  0.80723489095917478       0.72261635476223529     
  0.83232135369098659       0.71351492120782023     
  0.83350188330636554       0.72676883508035450     
           8
  0.42076688177051236       0.59292049738897112     
  0.41739693794343807       0.60112704900970337     
  0.41174419096313924       0.60035874977303505     
  0.40754799492049748       0.60429739293371143     
  0.39668166432907348       0.58981105265646538     
  0.40017918039575845       0.58296924395590655     
  0.40452260338052071       0.57875783344113052     
  0.42299244335644215       0.57539968636770555     
           7
   1.0076783185749016       0.77211559737297586     
   1.0075782991372473       0.78113884871456840     
  0.98699288943763308       0.77952431614132223     
  0.99161572234449757       0.76335920496749854     
  0.99181286864906060       0.75705619218345399     
   1.0017787225468238       0.75714181247147516     
   1.0085361921382741       0.76461316053229211     
           6
   1.9525999472549540E-002  0.57142079661535927     
   2.4624101693376314E-002  0.57572875662684198     
   2.1767579160679403E-002  0.58168052355596978     
  -4.5913356971074917E-003  0.57173903157773154     
   7.1512094898073860E-003  0.55500656647329172     
   2.4183348869738684E-002  0.56196453725500417     
           8
  0.97454187379959933        8.1979853775934100E-002
  0.95868989062195109        8.1999842963600550E-002
  0.95292396192288265        8.0292578867237271E-002
  0.94802385963870917        8.4028600614085708E-002
  0.94594910608424920        7.0925623333594909E-002
  0.94654444092578016        5.7136517793911587E-002
  0.96109465599280730        5.8410723771113893E-002
  0.97210441068828235        6.9068923689664261E-002
           8
  0.58381082552316510       0.82829299996987193     
  0.55927151490624460       0.82864374813740838     
  0.56153904512515873       0.82236209775571001     
  0.55713046364208918       0.81791530293504733     
  0.56371465783648989       0.81037552135573987     
  0.57967771836158588       0.80610579143351235     
  0.58378286678852764       0.81108249513294350     
  0.57872298875452477       0.81543971557068851     
           6
  0.47997024583280656       0.39354195952152288     
  0.47257015120510837       0.38971945796618507     
  0.45636450358107872       0.39105535004140041     
  0.45882228862259616       0.38336340243578393     
  0.46731488470893751       0.36956482189188344     
  0.48492366937377035       0.38059240422038704     
           3
  0.68976194212032405       0.90339919668651758     
  0.68000000000000005       0.89000000000000001     
  0.68915375257055889       0.88221600021922475     
           7
  0.16882080241146746       0.36970283423238032     
  0.15234162637104429       0.36112504055641448     
  0.14571574687441174       0.36218760145481327     
  0.14936570733730545       0.35222438661837480     
  0.15622288564556619       0.34545019810938932     
  0.16843146940450532       0.34494704051052244     
  0.17359981208882402       0.35278740507271644     
           7
  0.52228432616588150       0.38496203426683773     
  0.51187513991339118       0.38811694201215169     
  0.50001143390441838       0.39052350614892617     
  0.49673395932171333       0.38352856073913522     
  0.49809773424316456       0.36810162269459368     
  0.50898839645496641       0.36901702166193601     
  0.52027068294132128       0.37283862232357340     
           8
  0.84443531047697107       0.74155842000674244     
  0.83612043329249897       0.75451172604996541     
  0.81913884666209502       0.75216884657441929     
  0.82093599039544451       0.74712089545672800     
  0.82558218627750801       0.73128428666494016     
  0.82659099668588520       0.72550249381875298     
  0.83939961750035719       0.72988141498058112     
  0.83782700007282562       0.73611008619353935     
           3
  0.85375516443020683        2.8360370263749692E-002
  0.83999999999999997        2.0000000000000000E-002
  0.84568955932585543        5.7046768927414282E-003
