   95.000000000000000     
   100.00000000000000     
          32
           8
   26.000000000000000     
   17.000000000000000     
   6.0000000000000000     
   15.000000000000000     
   7.0000000000000000     
   5.0000000000000000     
   15.000000000000000     
   16.000000000000000     
   17.000000000000000     
   1.0000000000000000     
   21.000000000000000     
   66.000000000000000     
   25.000000000000000     
   16.000000000000000     
   11.000000000000000     
   7.0000000000000000     
   17.000000000000000     
   17.000000000000000     
   22.000000000000000     
   10.000000000000000     
   25.000000000000000     
   16.000000000000000     
   7.0000000000000000     
   21.000000000000000     
   11.000000000000000     
   21.000000000000000     
   11.000000000000000     
   21.000000000000000     
   22.000000000000000     
   25.000000000000000     
   2.0000000000000000     
   22.000000000000000     
           1
  0.35789473684210527       0.32631578947368423     
           8
  0.48161785176795768       0.59174560198808379     
  0.47327520166867088       0.59150772892995995     
  0.46603958601944384       0.58760893286541904     
  0.46143959107393479       0.59098997737007763     
  0.46013676006010856       0.57894084096828602     
  0.46567087286360725       0.57343798009227664     
  0.47313892752334097       0.56613103097155659     
  0.48773566975900540       0.57144746480028652     
           8
  0.75060307925434044       0.84968014899175459     
  0.73669151978405401       0.85166888073245128     
  0.72894471506766589       0.85702873547488456     
  0.72235037128380752       0.85701364504259792     
  0.72368936316728094       0.83405311064944776     
  0.72409325560957494       0.82732480047907930     
  0.74978987500262573       0.83326921907521434     
  0.74876507763752786       0.84173438556249836     
           3
  0.85263157894736841       0.73684210526315785     
  0.83922643466891444       0.74116130669109503     
  0.83847328228823104       0.72398224798481026     
           3
  0.89811587768378875       0.65594529736168861     
  0.88433015434495177       0.63031053385813174     
  0.90793774525825333       0.63318766363534751     
           7
  0.63219331446241422       0.59202392152154437     
  0.62542765668292033       0.58987489947939065     
  0.61244833134992649       0.58868999761368179     
  0.60942123259661574       0.58253202969320095     
  0.61577994724241680       0.57074426808987833     
  0.62835464938677021       0.56637582627993110     
  0.63280801277323639       0.57779616719493132     
           8
  0.48424342216526783       0.63578090431495138     
  0.48006628899343667       0.64517242600179070     
  0.46910094027154464       0.64058099398672441     
  0.46173098880055691       0.64388290419218086     
  0.46253304230771430       0.62592265294118088     
  0.47035281815417179       0.62267352040956658     
  0.48306218298211473       0.61659793908700222     
  0.48366910195860585       0.62466229526529538     
           7
  0.53700777162355706       0.67498515843863838     
  0.53732352900127311       0.68675676746907577     
  0.52207485002289955       0.68195929367538377     
  0.51237695749279755       0.67642201801013835     
  0.51501683206098992       0.66337292923420232     
  0.52640799205234579       0.66233126106392171     
  0.54130485700058428       0.66151049905350889     
           7
  0.85740276068773991       0.67256242639444452     
  0.85492870681824729       0.68724323474737847     
  0.84072921212186924       0.68594911198659581     
  0.82834810141761839       0.66896609978298782     
  0.82919613345069210       0.65857002056622493     
  0.84835269450559636       0.65863853916060244     
  0.85178245502002226       0.66799201486031301     
           4
  0.80275248508083785       0.96214694264119882     
  0.79499804585386791       0.96162508412151537     
  0.77654125821857789       0.93861596815198056     
  0.80404238206961831       0.94046117922929606     
           5
  0.27188373971758134       0.43399282123967065     
  0.26234447411812262       0.43161311151248971     
  0.25061002966102791       0.41735355007930225     
  0.26076784497655586       0.40902032042212566     
  0.26877343067682602       0.40667399571192542     
           3
   8.3911080622366144E-002  0.70998953380956076     
   8.2731400550040052E-002  0.68640266772922309     
   9.4736842105263161E-002  0.69473684210526321     
           6
   1.8510377103735428E-002  0.46634574621911967     
   1.9168437905610965E-002  0.47693021902747962     
   1.9180733642124564E-003  0.46785978476253898     
  -2.2807730224072113E-003  0.44900394723708981     
   2.5218425432447122E-002  0.44909690113697148     
   2.4962279126225437E-002  0.45975652202107531     
           5
  0.53445092550427042       0.57026791008231337     
  0.54134254967249584       0.57759054754460892     
  0.52011568397722174       0.58306754336363642     
  0.51879947778249025       0.56047687713883854     
  0.52735851986214655       0.55527745819149810     
           4
  0.38031704359032487       0.47895482836130304     
  0.36023885653466098       0.47670363495275186     
  0.36151299819322102       0.46568892522021155     
  0.38359444709748514       0.46809783424302898     
           8
  0.76055151119802067       0.88198847325918583     
  0.75600819287928578       0.88908941178663237     
  0.74925205020968511       0.89382145911053501     
  0.73637435181069277       0.88663935179597930     
  0.73367682003023971       0.87948784627698673     
  0.73788514999933064       0.87408699526772893     
  0.75281465458047170       0.87089876606132965     
  0.76102992659797752       0.87284457514131242     
           4
   2.2272712267155916E-002   9.5618891477433285E-002
   1.5140328049799597E-004   9.6654861137478079E-002
   1.6181811838928209E-005   8.8970499986288171E-002
   1.8194690705477183E-002   8.7346036305751745E-002
           8
  0.27743207556443733       0.57004205894894866     
  0.27569504561865504       0.57569396183498822     
  0.26437315372484382       0.57782523761588656     
  0.25392016081276797       0.58358459859793343     
  0.25108406256405918       0.57374507675045072     
  0.25367835687520907       0.55982552090262339     
  0.25772653853026450       0.55630508980340665     
  0.27738039517885299       0.55847036103887637     
           6
  0.48737638536897443       0.63541953599376166     
  0.47270884463028540       0.63389984617422779     
  0.46111363716927695       0.63359786231755522     
  0.46286637201850822       0.61642738300381628     
  0.47077353125993515       0.61265289668456357     
  0.48885894329707275       0.60735126840109133     
           4
  0.48364180715014643       0.74082607099649989     
  0.47368421052631576       0.74736842105263157     
  0.45989929644513472       0.73533486454839370     
  0.46813457996630559       0.73692737398963615     
           5
  0.70058885374874214       0.89586296779817576     
  0.68927600852890791       0.89700231050113888     
  0.68117495776675474       0.88647691926891992     
  0.70812686466469232       0.87060363256326412     
  0.70980482601872852       0.88224583341390761     
           6
  0.11794623956303214       0.37745938993497169     
  0.10487576722770550       0.37476064594510233     
  0.10467108243948679       0.36270558077742393     
  0.11931613580269770       0.35357446919555408     
  0.11623336845919081       0.36063867801998728     
  0.12322276219845735       0.35834916379982795     
           8
  0.86058878985869214       0.49524180344402813     
  0.85292931072749822       0.49910469550474318     
  0.84047619217563996       0.49620084943015552     
  0.84332962433486192       0.49129264005686207     
  0.83840131363610748       0.48608859366220175     
  0.85173315716391862       0.47411875062201181     
  0.86771895725654946       0.47152080046969963     
  0.86127655056092289       0.48465860065485977     
           5
  0.90412371011150661       0.11735815984599983     
  0.89573002190521189       0.11634336491180813     
  0.88345757256981416       0.11976726424761418     
  0.88341952169393956        9.2403723856349415E-002
  0.90852667031504319       0.10806487134863646     
           4
  0.79424033947107486       0.22288843625965035     
  0.77424375349307384       0.21475211165728003     
  0.79336661112114015       0.19930891277618434     
  0.80310062676494876       0.19980983007532768     
           8
  0.16945388983770754       0.22754475936263407     
  0.15864396580394050       0.23350655632408737     
  0.15298743538506365       0.23226428248946929     
  0.14276346903915990       0.23068069939919505     
  0.14655221862346271       0.21320392123360743     
  0.15285308506810041       0.20861349136867016     
  0.17190593789456204       0.21030677626122465     
  0.16979044841544289       0.22162761885630305     
           8
  0.95873830130906224       0.48228856930464742     
  0.93861841325177564       0.48314980162125132     
  0.93304056460242457       0.48817333777633326     
  0.93258993356964592       0.47456307071162690     
  0.93860985727674973       0.46178103544711319     
  0.94986451946621886       0.46221155008911219     
  0.96202427343357355       0.46240494439731061     
  0.96101932809640700       0.46783650258809795     
           3
  0.14878076520930780        1.3900771981538391E-002
  0.14522477639480114       -5.0282631811176806E-003
  0.17044021311547633       -5.8416174873972297E-003
           6
  0.33604647055733994       0.27935694195576161     
  0.32631578947368423       0.27368421052631581     
  0.32272039200105218       0.26578715530255465     
  0.32807981265706604       0.26258951772625422     
  0.33773360291342752       0.26148891515531103     
  0.34093556802745889       0.26826966162823734     
           5
  0.10263574312106102        1.0082057331400887     
   9.6740990048850964E-002   1.0127871490699678     
   9.2066725391262941E-002  0.99223220352859565     
   9.9928450410893474E-002  0.99004166451830533     
  0.10526315789473684        1.0000000000000000     
           7
   6.6456648001825269E-002   7.4439652186191724E-002
   5.9860307942093252E-002   7.1481029667630203E-002
   5.0867873316984655E-002   7.7326549349687093E-002
   5.0962129518883667E-002   6.9880955540778666E-002
   5.2949863513598303E-002   5.3925043073491011E-002
   6.2135626783780366E-002   5.2919149846997908E-002
   7.3044959586478414E-002   6.4895200140550086E-002
           7
  0.54703170313382665        5.8133866250113360E-002
  0.54949419901055907        6.3453009227922796E-002
  0.53576116747182256        6.6388787407045791E-002
  0.53623702317864264        4.4832003262321271E-002
  0.53973694370878911        3.9657678831510300E-002
  0.54738984418446957        4.7658829641182732E-002
  0.55167288670334158        4.3028865415448189E-002
           8
  0.28658193428911383       0.38600913705500811     
  0.28271591194878870       0.39029351866264061     
  0.27302212502446210       0.39254340622020162     
  0.26660982036060143       0.39127215342557742     
  0.26000393068469763       0.38085251451616492     
  0.26433054840495018       0.37400192337300120     
  0.26223749665844731       0.36453134326941639     
  0.28154382302971293       0.37185965917385994     
