   98.000000000000000     
   100.00000000000000     
          32
           8
   5.0000000000000000     
   23.000000000000000     
   14.000000000000000     
   13.000000000000000     
   8.0000000000000000     
   18.000000000000000     
   19.000000000000000     
   10.000000000000000     
   18.000000000000000     
   20.000000000000000     
   5.0000000000000000     
   9.0000000000000000     
   23.000000000000000     
   9.0000000000000000     
   18.000000000000000     
   10.000000000000000     
   24.000000000000000     
   13.000000000000000     
   14.000000000000000     
   8.0000000000000000     
   10.000000000000000     
   19.000000000000000     
   14.000000000000000     
   13.000000000000000     
   14.000000000000000     
   2.0000000000000000     
   23.000000000000000     
   15.000000000000000     
   8.0000000000000000     
   20.000000000000000     
   24.000000000000000     
   3.0000000000000000     
           1
  0.42857142857142855       0.69387755102040816     
           8
  0.78760284495261834       0.99918818441153112     
  0.77919665915601088       0.99704822114416058     
  0.77330126998387216        1.0030655653142220     
  0.77596647631809268       0.99159219072071314     
  0.77670003680267230       0.98198088791979865     
  0.78246905769090325       0.97661246859920015     
  0.79588280082878493       0.97706510279553282     
  0.79657521371284867       0.98405963562034915     
           8
  0.29324680681601417       0.65250126877564074     
  0.29869441358180532       0.66537715289900168     
  0.29005154362449526       0.66195340048426088     
  0.28465816073906258       0.66158260441642769     
  0.27606657204444562       0.64844480947527661     
  0.28530840827934328       0.64084031725655344     
  0.29006344352949320       0.64405554763189354     
  0.29809007638170931       0.64061119197232719     
           3
  0.79614667417805740       0.40768173723926315     
  0.78571428571428570       0.39795918367346939     
  0.79605356330180088       0.39530157758199214     
           3
  0.33577986272013349       0.34479157302220564     
  0.31392425981800037       0.34185038078343649     
  0.31726810490179852       0.32376921685936122     
           3
  0.32653061224489793        8.1632653061224483E-002
  0.32016431170099019        7.1901494514114497E-002
  0.32822368410936009        7.3961968749848853E-002
           6
  0.44047178614488780       0.94353015602801982     
  0.43058803998302081       0.94858253521807534     
  0.42524158468638651       0.94703783303247346     
  0.41689655228245726       0.93768004878316591     
  0.41685559857343624       0.93030717424285081     
  0.42283730629342009       0.93146110419693429     
           8
   9.4148598132877070E-002   3.1317055618482817E-002
   8.6093274400117381E-002   4.2827783325387274E-002
   7.7476454938983752E-002   4.1435607843120045E-002
   7.3392684968219588E-002   4.3873897216660525E-002
   7.2330230324884087E-002   2.7724866654974634E-002
   7.9001714336908196E-002   1.8797571813884036E-002
   8.9183875122557585E-002   1.7509983029923633E-002
   9.4319947987918068E-002   2.4024950273102912E-002
           3
   7.1510141422438001E-002  0.15193181590119667     
   7.1428571428571425E-002  0.14285714285714285     
   7.8776443293997245E-002  0.14396614777573438     
           8
  0.84490469737677920       0.18276039083015358     
  0.84036531781805068       0.18149024513995723     
  0.83496219240185410       0.18080140163761366     
  0.82624195765803965       0.18450501935954350     
  0.82559790707358860       0.17321232055211186     
  0.82371429862498424       0.16531565599599130     
  0.84226207401758890       0.16522415897122225     
  0.84695990383160491       0.16029818241178523     
           4
  0.49360834939188125       0.14571179384804375     
  0.47918660352629344       0.14544780594209028     
  0.47769493679695313       0.13345404344550735     
  0.49660652667961780       0.11956766407342403     
           5
  0.55258061782089984       0.84256865803443715     
  0.53892082410579167       0.84683553928762256     
  0.53335685634063856       0.83937634425889851     
  0.53473345844333120       0.82410004302059936     
  0.55045841558266972       0.82853051553916324     
           3
  0.39784808296473556       0.28762427628806669     
  0.39795918367346939       0.27551020408163263     
  0.40523400117581154       0.27447953201040504     
           7
   8.2781191515813202E-002  0.25008492158981566     
   5.9645983042812156E-002  0.25839406982372343     
   5.9990768694087107E-002  0.25163082824404509     
   5.9176904521580996E-002  0.24621282949714962     
   6.1645838060931789E-002  0.23171337833318723     
   6.9914290858370948E-002  0.23415760869838798     
   8.2026836380864304E-002  0.23704986986210180     
           5
  0.68246344063185949        1.0094177674749580     
  0.67564245747505325        1.0115578317150629     
  0.67518397953086806       0.98687837816704249     
  0.69470104424061474       0.98964061195527409     
  0.69130133288726781       0.99485049722120622     
           8
  0.56365370551992566       0.54256090437256843     
  0.55046177104318239       0.53851653881796335     
  0.54709773464678657       0.54409164614224337     
  0.53825362346785921       0.53584980236821722     
  0.54890802807527117       0.51823032638524280     
  0.55378147995259386       0.52334035976363846     
  0.56182746646607051       0.51832365468074471     
  0.56147141434533332       0.52639345564088791     
           4
  0.74216521970297245       0.44500383732040782     
  0.72758589325907852       0.43831518817184534     
  0.73964747350100801       0.42899475898918060     
  0.74695943885528071       0.42584679829577482     
           5
  0.75314411742007192        3.9676023198326166E-002
  0.73326927656988417        4.3245435726545711E-002
  0.73613834748893481        2.6206128971938077E-002
  0.73622538102672852        1.8156794643466083E-002
  0.75366007912543587        2.2699603673070334E-002
           8
  0.61141966897815947       0.79299938197716979     
  0.60198304872864061       0.79536228274305210     
  0.59042157664835904       0.79363022835676911     
  0.59471427211822492       0.78897245942754479     
  0.59037234506495118       0.78331834159182978     
  0.59487723491996969       0.77690637192814560     
  0.61119837764849816       0.77804845895116947     
  0.61394076818263943       0.78365004003015104     
           8
  0.60450377208781947       0.99682704953333356     
  0.59995332314734617        1.0001759164918258     
  0.59172716095518030        1.0003363314601448     
  0.58078648535364952        1.0003894446404253     
  0.57985402810218312       0.99011101769789245     
  0.58459421642852183       0.98893100025008618     
  0.58201709111799027       0.98272269143740076     
  0.60355706082453942       0.99211844671112936     
           8
  0.23675744924927683       0.44795818212981181     
  0.22873387562612152       0.44834411157657555     
  0.22263072567365966       0.44891891929353411     
  0.22616937297279174       0.43638524620063174     
  0.22385951160771556       0.42790372301203017     
  0.23971231295021894       0.42925360111607591     
  0.24487051846565888       0.42642779497800615     
  0.24556957376006838       0.43611154040780620     
           8
  0.70609224336202248        1.0037148575110919     
  0.70520454166308288        1.0102319998726148     
  0.70032826535223491        1.0121266012726540     
  0.69200459421793559        1.0077008969476311     
  0.68281851561906459       0.99911341969888712     
  0.68587472885350464       0.99506888800411786     
  0.70691961942655079       0.99109022480275699     
  0.70217333340485466       0.99873605445479541     
           6
  0.48978421623049784       0.63968667897565046     
  0.48309617989422438       0.64279350534808477     
  0.47172908092369348       0.63939696425448789     
  0.47268650761241915       0.63353761090806526     
  0.47457367326665711       0.61950789699161612     
  0.48936343022468326       0.62203440968417367     
           7
  0.53974937455645411       0.73771986155078895     
  0.53939477620971665       0.74298579760471462     
  0.52747689429810529       0.74331150225028364     
  0.51890899543551916       0.74700449098429889     
  0.51862467861450678       0.73504447106168225     
  0.53601642402055139       0.72585493200633189     
  0.54238519782497796       0.72267930313486828     
           7
  0.33264233246833108       0.90523770965663708     
  0.32619428715298115       0.91073183587134232     
  0.31895166948201265       0.90819619554039133     
  0.31756887737400658       0.90114941103146784     
  0.31301768102475419       0.89193657864058817     
  0.32139914407668918       0.88712303998347886     
  0.33819585934073987       0.90064148744573658     
           7
  0.40818860859549871        7.4623443811385401E-002
  0.41036240913127531        8.4275948561285313E-002
  0.40517645697811988        8.3800571439268765E-002
  0.38898487237645490        8.1146361087821334E-002
  0.38516627827913791        7.3454654364218025E-002
  0.38536651824593854        6.1444656020168485E-002
  0.40917618666098210        5.8006833769606456E-002
           7
  0.18705844380346576        8.6925377754145911E-002
  0.18277542228509303        9.0748582313949430E-002
  0.16646591877915956        9.4564797812759976E-002
  0.16921897687150622        8.8793918016616347E-002
  0.16261281191966873        7.8803432132622808E-002
  0.16508044096891422        6.9616860288095883E-002
  0.18620403417597370        8.0996030034705860E-002
           5
  0.39673193265748308        7.6815566808042968E-002
  0.39458826519628415        8.3335645141117132E-002
  0.37526724775745429        7.9809106845902505E-002
  0.38035477432477771        6.0292334032463951E-002
  0.39643811941485596        6.8673855922800467E-002
           6
  0.60259980254631085       0.76611439772987122     
  0.59698599084206394       0.76528889844419923     
  0.58638227278430144       0.76319898977490297     
  0.58189252840819949       0.75178657839882068     
  0.60110091632353968       0.74173238721734402     
  0.59987468457730486       0.75120092917050363     
           5
  0.83213620981199676       0.69681933676282226     
  0.82871803933388077       0.69139860174487811     
  0.82917774017570800       0.68215640692423163     
  0.82816113645071820       0.67397531446567582     
  0.84700095125844210       0.67945025392029013     
           6
  0.44018670858481818        7.8674900515859084E-002
  0.43556614266067267        7.4777737214143825E-002
  0.42549792670757847        8.4515010419971281E-002
  0.41569350492114404        6.0899941551837811E-002
  0.42998707777849671        5.8718297054275212E-002
  0.43601273508286215        6.3121889694917638E-002
           3
  0.69649700757952471       0.84623075224454591     
  0.68270565554898621       0.84563003210315901     
  0.69387755102040816       0.83673469387755106     
           4
   6.9623988247846477E-002  0.50267960622629748     
   5.8013731446533247E-002  0.49814608103144686     
   6.0759797852418258E-002  0.48381570495052362     
   7.1428571428571425E-002  0.48979591836734693     
