   95.000000000000000     
   100.00000000000000     
          35
           8
   1.0000000000000000     
   14.000000000000000     
   15.000000000000000     
   11.000000000000000     
   18.000000000000000     
   2.0000000000000000     
   22.000000000000000     
   7.0000000000000000     
   18.000000000000000     
   23.000000000000000     
   12.000000000000000     
   21.000000000000000     
   2.0000000000000000     
   14.000000000000000     
   9.0000000000000000     
   10.000000000000000     
   4.0000000000000000     
   19.000000000000000     
   2.0000000000000000     
   20.000000000000000     
   15.000000000000000     
   11.000000000000000     
   6.0000000000000000     
   13.000000000000000     
   19.000000000000000     
   13.000000000000000     
   8.0000000000000000     
   15.000000000000000     
   18.000000000000000     
   11.000000000000000     
   21.000000000000000     
   12.000000000000000     
   2.0000000000000000     
   23.000000000000000     
   11.000000000000000     
           1
  0.15789473684210525       0.20000000000000001     
           8
   1.8531316890744502E-002  0.52435147641989033     
   9.4199365266231586E-003  0.52497501225662602     
   3.1525828922871514E-003  0.53025867020159401     
  -2.4840402319366850E-003  0.51858123309787074     
  -4.4900984574722993E-003  0.51302162716458100     
   1.7061985159345108E-002  0.50062273579220617     
   2.4891725869110662E-002  0.50433152872759024     
   1.9598995453151913E-002  0.51478340852634019     
           4
  0.91125214076403238       0.27792535644988686     
  0.90297283294830666       0.27142181117719211     
  0.90097168550876305       0.25553205265565171     
  0.92826597067470051       0.26481826324263730     
           8
  0.73657813781923276       0.68087821043149099     
  0.73050295029818257       0.69655233214257184     
  0.72091063533393074       0.69342679340937574     
  0.71811958802522491       0.68148971807142966     
  0.71180011989258696       0.67763184211743421     
  0.72614391493977271       0.67435296404839240     
  0.73034300694402321       0.67053538447514061     
  0.74088364060844270       0.67010252704357565     
           5
  0.99332350289158966       0.97190540847997864     
  0.97735669380917978       0.96875758272373858     
  0.96442871816237463       0.96313029304790465     
  0.96718112402290968       0.94472543402397813     
  0.98797731950417733       0.95072003612060230     
           6
  0.35646536671345869       0.33073016311758940     
  0.35931154745455185       0.34063750902492096     
  0.33534560944892855       0.33475565811628810     
  0.33235011619343974       0.32272766718952217     
  0.34452962732609893       0.31674103400643311     
  0.35357300609003284       0.31855864115106103     
           4
  0.76279059830240614       0.65437819019483734     
  0.74513859625631318       0.65224071457643418     
  0.73848133610266453       0.63592203964872918     
  0.75841756374440084       0.64453622851717518     
           3
  0.31419669349035517       0.10773498823146729     
  0.30526315789473685        9.4736842105263161E-002
  0.30545404116743008        8.3566617761859252E-002
           3
  0.99248555572103503        8.8952921403855884E-002
  0.97035346222372165        7.3072446470400371E-002
  0.96998611442935845        5.9151672796063343E-002
           3
  0.59224570737200799       0.50305610367168108     
  0.56542851838434283       0.49491709998693373     
  0.57492766267287865       0.47988530457182438     
           5
  0.25598968652840931       0.15171453416190317     
  0.23942044159956249       0.14579230780812255     
  0.22682643483144813       0.15028075264066001     
  0.24807023463223304       0.12608155532749282     
  0.25662762867795152       0.13213848600556466     
           3
  0.18860355801082460       0.50578777636615702     
  0.20000000000000001       0.49473684210526314     
  0.21159757662771270       0.49003418171077950     
           3
  0.61478241124227184       0.66435328918707925     
  0.59999999999999998       0.66315789473684206     
  0.60949025957486769       0.65357695169077268     
           5
   5.7691715442828181E-002   1.0116581321340432     
   4.9543525094162343E-002   1.0110235138318659     
   4.4162253126044881E-002  0.98825400635252691     
   5.5872655300583711E-002  0.99154039835081043     
   6.4910099073767186E-002  0.98647434870919881     
           3
  0.69503684363553808       0.45562107127143275     
  0.68824660927703207       0.46413776571515425     
  0.67016605384354400       0.44092017465771899     
           7
  0.73983728526174153        2.3857984012016185E-002
  0.72825210973002708        2.0299168813121032E-002
  0.71758828664652474        2.4288824616581967E-002
  0.71820180184483695       -3.4128175844572312E-003
  0.72284890020785597        2.8812137988181753E-004
  0.73521660798827870       -1.1236656574379819E-004
  0.73756170775511654        7.9534816296018759E-003
           4
   3.1578947368421054E-002  0.26315789473684209     
   2.3213938617267220E-002  0.27117522130842020     
   1.7861176739902129E-002  0.26324614532108670     
   3.2848938586558837E-002  0.24878177769199381     
           6
  0.21068812682461852       0.95995989642957236     
  0.19339796180554947       0.97198946057221014     
  0.18617867757555207       0.95108163137055257     
  0.19352186155019330       0.94941585965157860     
  0.20775309086838906       0.94251467383290288     
  0.21345560966879451       0.94731194744206693     
           7
  0.22842255750542736       0.86704438598223244     
  0.21547076405646237       0.86352947068465791     
  0.21278860379813810       0.85529764022912647     
  0.21035866548969417       0.84529165886150159     
  0.21973883367745403       0.84271941409622697     
  0.22349400363004576       0.83811777707362400     
  0.22964597629485117       0.84380655211660427     
           8
  0.72024329195715153       0.97000643444902201     
  0.70326729496202212       0.96891120981941969     
  0.69034538164506409       0.97230776512756856     
  0.69182750712137964       0.96341902254309708     
  0.69472601415535784       0.95507228965588098     
  0.69601862273088710       0.94936315353243161     
  0.71580862895209563       0.94589822351506458     
  0.72021832669048513       0.95283337286473335     
           3
  0.44552952475463392       0.25443944081926367     
  0.41625489459206266       0.23838244292072069     
  0.42268786860657293       0.23070853186651533     
           4
  0.20659066786663693       0.80096459814270071     
  0.19495947402650141       0.79785717961593128     
  0.19578348323093148       0.77903045348738176     
  0.21074278265611279       0.78148207615639587     
           5
  0.17089627358437445       0.83533781215042957     
  0.16673794898867633       0.84331785371567780     
  0.14362247816415136       0.82991507101050610     
  0.14549119499003901       0.81786584772362880     
  0.16338255119299352       0.81864688492716053     
           3
  0.83157894736842108       0.49473684210526314     
  0.81763658289104046       0.49661607363839821     
  0.82770312821198577       0.48367820025255132     
           6
  0.21045592979094715       0.68410091676585061     
  0.21510696303872176       0.69202497531313090     
  0.18954673608326411       0.69817026694210016     
  0.18761704431330148       0.67598142123179084     
  0.18696831924934418       0.66910524807518001     
  0.19434294996995027       0.66972578350066680     
           6
  0.27815550322240740       0.52985945816950042     
  0.27568133705032366       0.51944163466007365     
  0.26901016624632917       0.51696861338668720     
  0.28070310843464796       0.50540221525452778     
  0.29427327493728977       0.50095097495930385     
  0.29313569476409146       0.51198195187351925     
           7
  0.30846328471018458       0.19421950331342247     
  0.30352330744826395       0.18998674660847234     
  0.29170409058493124       0.18421129093138197     
  0.29724149497410429       0.16894739340313011     
  0.30623683798278767       0.16826441260862923     
  0.31304023760962818       0.16432967329693937     
  0.31540734848852403       0.17087335082507168     
           8
  0.26266883604134922       0.69869601598158482     
  0.24874998459060502       0.69334049718538893     
  0.25279799878925840       0.68868826762182878     
  0.24958373837832604       0.68351476116670573     
  0.25778667795106114       0.67566226083488978     
  0.25772920094018670       0.66925871088699374     
  0.27481379760064328       0.66922909979018042     
  0.27051537514773555       0.67518301840039618     
           7
  0.62868758068143182       0.54794425908825628     
  0.61608040195658131       0.54773833682093864     
  0.61086203597305111       0.53886821810549024     
  0.60606714654846805       0.52766244761047343     
  0.61413962155170310       0.52491426959822141     
  0.62316250896989556       0.52284151563969161     
  0.63448243553438866       0.52591611106562097     
           5
  0.28421052631578947        1.0000000000000000     
  0.26878505506977440       0.99427539411425980     
  0.27053806081602816       0.98765044330859364     
  0.27965855424281966       0.98541393050776849     
  0.29280003312876274       0.98858182711973541     
           7
  0.22891438189025398       0.97334976432110798     
  0.21529750771254419       0.96666621605313152     
  0.20670121373499165       0.95687826033648216     
  0.20918703180920190       0.94644289312049645     
  0.22557550126119691       0.94768561674184415     
  0.23443061606091026       0.94278569095561260     
  0.22990588311741311       0.95263423724945762     
           5
  0.65636672568714272       0.87962870855791897     
  0.63265009268102601       0.88485801030890721     
  0.62869336738202852       0.87604056378049866     
  0.63469134481517930       0.86281675333600971     
  0.65357702137779150       0.85930817911895607     
           3
  0.15789473684210525       0.87368421052631584     
  0.14443103116409425       0.87201837749377320     
  0.14949706552616746       0.85898096306110272     
           8
  0.32346889607824564       0.92485980417651403     
  0.31741490809512840       0.92537162890055624     
  0.31346268014087664       0.93023056700783280     
  0.31678244527455435       0.91321778201578796     
  0.31533220916071969       0.90087664327698025     
  0.31770111183937472       0.90657985510535599     
  0.32126283131815853       0.90095675127348906     
  0.33098785893328220       0.90580622705091052     
           3
  0.74759939990987012       0.44423508318225041     
  0.73460455670733671       0.42915357746096683     
  0.75825361787190637       0.43358837215834639     
           6
  0.95789473684210524       0.22105263157894736     
  0.94902814267570801       0.21875032075323025     
  0.94263330029171277       0.21724241657663224     
  0.95722155696977262       0.20558268306686428     
  0.95701201799246516       0.21275893621027653     
  0.96542339749684036       0.21021376645555873     
