   99.000000000000000     
   100.00000000000000     
          47
           8
   20.000000000000000     
   14.000000000000000     
   5.0000000000000000     
   11.000000000000000     
   22.000000000000000     
   25.000000000000000     
   2.0000000000000000     
   18.000000000000000     
   10.000000000000000     
   26.000000000000000     
   14.000000000000000     
   22.000000000000000     
   9.0000000000000000     
   11.000000000000000     
   18.000000000000000     
   24.000000000000000     
   15.000000000000000     
   23.000000000000000     
   16.000000000000000     
   14.000000000000000     
   8.0000000000000000     
   5.0000000000000000     
   12.000000000000000     
   8.0000000000000000     
   16.000000000000000     
   12.000000000000000     
   15.000000000000000     
   9.0000000000000000     
   2.0000000000000000     
   10.000000000000000     
   2.0000000000000000     
   3.0000000000000000     
   20.000000000000000     
   3.0000000000000000     
   13.000000000000000     
   25.000000000000000     
   23.000000000000000     
   8.0000000000000000     
   16.000000000000000     
   9.0000000000000000     
   14.000000000000000     
   4.0000000000000000     
   13.000000000000000     
   7.0000000000000000     
   16.000000000000000     
   18.000000000000000     
   16.000000000000000     
           1
  0.47474747474747475        5.0505050505050504E-002
           8
   1.9892090553948964E-002  0.20368701016656357     
   1.2855810743503405E-002  0.20431820132566680     
   3.4580574318453664E-003  0.20397272540117792     
  -2.4867819524921585E-003  0.20692979911476239     
   9.0797611467124950E-004  0.19325767555580711     
   6.6958196110661339E-004  0.18328204084594332     
   1.5173586885211155E-002  0.18346592704096892     
   2.3753068115510617E-002  0.18724755085428305     
           8
  0.99387478576926569       0.36167682388649297     
  0.98434617293195603       0.36171761197636071     
  0.97837548243819006       0.36394709463901659     
  0.97279185923927447       0.36533652516378201     
  0.96473257214414354       0.36745305671788808     
  0.97318682851274840       0.34239359735565728     
  0.99099030458805970       0.33849703963894828     
  0.99035495071973290       0.34899327208633363     
           6
  0.23261701624975414       0.80942277813930585     
  0.22439181397654248       0.81140865884352198     
  0.21829520546379688       0.80412944991835211     
  0.21773810225051612       0.79754614030728677     
  0.22467597284257632       0.78501237795697665     
  0.24744109167556400       0.79811380866877668     
           4
  0.78683619628952706       0.87667402501013247     
  0.76275093820609952       0.89029133113158265     
  0.77727731672385147       0.86373848672463793     
  0.78177564015317114       0.87028232940693950     
           7
   3.9233337146678246E-002  0.10438245691411582     
   3.2598666218275223E-002  0.10071576323868398     
   2.5637887531764245E-002  0.10002061510826910     
   1.5391693472408248E-002   9.1783089178050767E-002
   2.4960096798445131E-002   7.8890751377528753E-002
   4.2575775191232811E-002   7.8871723593286022E-002
   3.9285585898666042E-002   8.4040935268411707E-002
           6
   6.5160674953363862E-002  0.28063305752584722     
   5.2063325696508511E-002  0.28262669215623493     
   3.7373252123803644E-002  0.28439792296153649     
   4.0005179064057081E-002  0.27648948632516451     
   4.9055247076400729E-002  0.25795791961206932     
   6.5714789200871815E-002  0.26796310547306551     
           5
  0.41999662957198769       0.54421870236439807     
  0.40482536120566603       0.54492570359259362     
  0.40556962899040472       0.53699078559232349     
  0.41073394910600214       0.52135337377764479     
  0.42388859542645813       0.52190061861932657     
           6
  0.52347122249105382       0.88505207153051357     
  0.51204033361521295       0.88725871403664480     
  0.49972603563854245       0.88252363096033359     
  0.50084440826572230       0.87276472573665786     
  0.52232369109069310       0.86947376709649216     
  0.52390949400490316       0.87729731788398835     
           7
  0.69129217019832490       0.74110281991451377     
  0.67622627356969411       0.74680230998387920     
  0.66364696503648923       0.74948399867769955     
  0.66749682348667638       0.73205935097016273     
  0.67221738363023120       0.72487903418675848     
  0.68207428796324898       0.72758649231733807     
  0.68975797431196817       0.73313457603152754     
           8
  0.90830857756831695       0.45812020406215292     
  0.91260994431894471       0.46951775847106325     
  0.88980973657871387       0.45534049923483411     
  0.89334474893783700       0.44426851860260935     
  0.90167884481389082       0.44450254217911478     
  0.90794070688540318       0.44079256614405971     
  0.90874662642639814       0.44662327491992343     
  0.91303098937743044       0.45107854424316163     
           6
  0.71717171717171713        1.0000000000000000     
  0.70888992317518595        1.0112996690792675     
  0.70268967811910898       0.99720909683323888     
  0.70929627904127224       0.99383748682899586     
  0.72104934368659901       0.98453893816779225     
  0.71759522949853993       0.99204589237697871     
           8
  0.12081527179015088        1.7175634161206845E-002
  0.12610797906221186        2.1563421546123014E-002
  0.11751973183406733        2.5363102348372107E-002
  0.11105287505626037        2.2760804509689442E-002
   9.7934957761821373E-002   1.9872578345891807E-002
  0.10138646703753525       -4.3285156876375804E-004
  0.11431998853758085        1.5438661717898424E-003
  0.12513158641379260        9.6151560068999560E-004
           7
  0.86966696912088193       0.86428901080293496     
  0.85104319064600165       0.86848044432299720     
  0.84335994535277969       0.87034518035086539     
  0.84397668184887931       0.85676963367725345     
  0.84881148285396191       0.84873373966305043     
  0.86257614205206501       0.84663072681845186     
  0.87022324442635113       0.85695767382416110     
           4
  0.58541569182104536       0.11887103326907504     
  0.56184036500434476       0.12080989525857266     
  0.56134490385220737        9.6846980582942943E-002
  0.57944548547697605        9.8255333803853165E-002
           6
  0.58788026828812989       0.86516597478896995     
  0.57446588990954572       0.86780436619096213     
  0.56100931150372535       0.87377947966156377     
  0.56624570899784155       0.86123741151386823     
  0.56266896116897180       0.85247164586099911     
  0.59091191988256120       0.85227372167641269     
           7
  0.72044833371668926       0.34790525521263477     
  0.70939460462488224       0.33766774168408753     
  0.70398078164639377       0.34251915761663598     
  0.70331015630838689       0.31788894858118982     
  0.71360415344882888       0.32401342025667434     
  0.72621830921839148       0.31834579751820763     
  0.73202021059677802       0.32964797198424528     
           5
  0.62441275755688463       0.13153408364772196     
  0.62791570927436979       0.13930004843705729     
  0.60603214940594186       0.13302738909729078     
  0.60145241513318570       0.12143208827638362     
  0.61416615436953836       0.11642034358498357     
           5
  0.39400111274548255       0.16640769856625895     
  0.38325729096481803       0.15975830205992883     
  0.38378726638678212       0.14415682812409161     
  0.38708845964683142       0.13803758145076567     
  0.39756631619089339       0.13605844182197596     
           7
  0.14634858377902923       0.60528393993201612     
  0.13336349872043834       0.60418250394557727     
  0.12568759156000753       0.60545009347714152     
  0.12104721002836183       0.59697175312097461     
  0.11876625699277629       0.58608196433296411     
  0.14129618535875213       0.58108754806873941     
  0.14188833255281563       0.58799160718566179     
           7
  0.44606447889409506        1.0102208834588635     
  0.44189678831580315        1.0147941597765713     
  0.43086003670828538        1.0110566499817772     
  0.41891660306915801        1.0119989860216332     
  0.41995543057060281       0.99756345398602830     
  0.42088770562254363       0.98927349574590484     
  0.44694102521120710       0.99476666133480285     
           7
  0.89270772516743746       0.74098966631949292     
  0.88618059129072568       0.74772560780858977     
  0.87739298051442161       0.74690903127550434     
  0.86615566882023654       0.74942732752596619     
  0.86674864614390834       0.73930108889021229     
  0.86446039593449786       0.72969684394395418     
  0.86347925305590334       0.72220467768170182     
           7
  0.12507916590537896       0.38205269063352820     
   9.9330761712370236E-002  0.38919537670214110     
   9.9532874777213981E-002  0.37805818878973169     
  0.10274909229218515       0.36893675424396433     
  0.10223803608939834       0.36170839801781735     
  0.11712348067046742       0.35941538036652088     
  0.12289364456321622       0.36400449707028520     
           3
  0.21212121212121213       0.11111111111111110     
  0.19943135219940428       0.11469279006542796     
  0.22261527734216868       0.10271064307614998     
           7
  0.78711554322003219       0.83272662740398951     
  0.77497103989486982       0.83135993291427679     
  0.76788793528638943       0.81956389548928366     
  0.76571421846545251       0.81402057369134284     
  0.76963653849185865       0.80614848039728082     
  0.79024584632410599       0.80482684856113806     
  0.78583317354667670       0.81262835254665455     
           3
   2.2797366603434732E-002  0.64854276658414445     
   2.8973254448666060E-002  0.62504912910011068     
   4.4258732023126225E-002  0.62295455212899453     
           4
  0.48204269723539361       0.97349431134772457     
  0.46780788678510626       0.97424817899657479     
  0.46539692198357835       0.94701066557772540     
  0.48738919504207190       0.95247103166216840     
           8
  0.54322001664082065       0.76811206564403200     
  0.53581312179573304       0.76725587154725250     
  0.53014860100284344       0.77222002764751063     
  0.52433602236207844       0.76735882086289897     
  0.52303032079376743       0.75789110652063174     
  0.53630599236178567       0.74767880589762770     
  0.54573683301598797       0.74644209853211230     
  0.55046683668995988       0.74306776707218869     
           7
  0.74577254682140759       0.55905057824971693     
  0.74984148863595657       0.56785027799493204     
  0.74272199733127631       0.56414875912798224     
  0.73580576522113184       0.56857305408060910     
  0.72556716850898972       0.56409499845777500     
  0.72254655715215055       0.54566452222442374     
  0.74530697672644153       0.54175008418047110     
           3
  0.81394245806094101       0.72550416210052737     
  0.82285778909402074       0.70415506869867051     
  0.82871104443184673       0.71105922923916909     
           6
  0.91206022272219034       0.76609843653143317     
  0.90550315542989757       0.76546003962399600     
  0.88608841040871045       0.76727745745626463     
  0.88464095156068878       0.76093117113577968     
  0.88702407450852772       0.75398265471832138     
  0.89161747783717638       0.74745548928921113     
           7
  0.12520654712175075       0.10234277188283017     
  0.11102717049884990       0.10530439403262697     
  0.10056012984862345       0.10317254487833975     
   9.8321108363556051E-002   8.4433745821139189E-002
  0.11185903586417757        8.2472281176526496E-002
  0.11957333535399195        7.5836563926155537E-002
  0.12075722880880736        8.2906195992332316E-002
           6
  0.28165022118226873       0.38746744598755445     
  0.27143962949602696       0.38893556947803398     
  0.26220215221161730       0.38689039460353902     
  0.26251879634214714       0.37977509075081817     
  0.25985437455770288       0.36824154442262325     
  0.27995465136927256       0.36274650598896174     
           4
  0.95645356311463181       0.60649971351470211     
  0.94473313337325082       0.60661194336168134     
  0.95063991962730832       0.58374163062130147     
  0.96250805181565813       0.58748154062017288     
           3
  0.62113978478475762       0.65179089419238712     
  0.64355614742685419       0.62801680753585443     
  0.63636363636363635       0.63636363636363635     
           5
  0.36879228295303479       0.22545396468228535     
  0.36023693389731637       0.22449208001999016     
  0.36213097051824489       0.20777547827561915     
  0.38647080477860268       0.19726449885469322     
  0.38638095912930043       0.20536068892520920     
           3
  0.34377665649785666       0.48102927446422428     
  0.32391022766871769       0.48205702151932783     
  0.33333333333333331       0.47474747474747475     
           6
  0.23881452460054606       0.64688366912193873     
  0.22890063620314305       0.64689590933172425     
  0.22149542607146291       0.64337240739431079     
  0.21751468834471721       0.62986907954398874     
  0.22614531943213306       0.62582234168746720     
  0.24643464873640170       0.63753936793929322     
           4
  0.14601105527900535       0.56179675216865266     
  0.13734376370944312       0.56933648818005678     
  0.12108395630937127       0.55451673605320395     
  0.14004719962337159       0.55497021500074406     
           8
  0.48719034495978353       0.93628257502108247     
  0.48713975062397558       0.95344758332229851     
  0.46865362038895692       0.94742152823752468     
  0.46657730655776858       0.93686909293255360     
  0.45958266588631330       0.92473671327384133     
  0.47357971929045012       0.92471507522474328     
  0.47902144758810561       0.92413406734020598     
  0.48538494084388339       0.92451367088418879     
           7
  0.46368410386690795       0.44843049784507888     
  0.45417382349246810       0.44676212859445458     
  0.44787842782910392       0.44455417580536705     
  0.44350541164108320       0.43725368423200578     
  0.44608562603256791       0.42771645066484365     
  0.45799015083229055       0.42346125841832888     
  0.46563359402284810       0.43425287665797102     
           4
  0.83838383838383834        7.0707070707070704E-002
  0.83346872953392614        6.1247331827813493E-002
  0.82725426134337321        5.5966827081557910E-002
  0.84964466826404272        6.0689221592397161E-002
           8
  0.70830526771540536       0.92605235342381576     
  0.70376910248618152       0.93412938742297114     
  0.69832691866249585       0.92705436931765761     
  0.69185305725223700       0.93065435817865472     
  0.68477241341343487       0.92923419065484236     
  0.68421905842887720       0.92368278903355217     
  0.70055432543125451       0.90549606177233066     
  0.70638394639237578       0.91794697206894305     
           3
  0.13383729568129835       0.11999201784909862     
  0.12005835954949950        9.9018608626447346E-002
  0.14480601617717620        9.5692933172274994E-002
           6
  0.38756176815322169       0.16194880250618027     
  0.37851259884321142       0.16460257325698879     
  0.37237038392822430       0.16537371384580601     
  0.36248755076617578       0.16063243130750665     
  0.36576820051496850       0.15004353781930577     
  0.36976773337210367       0.13863147525114436     
           5
  0.54752358977983284       0.59301165585661364     
  0.54501938371672687       0.60974713522639667     
  0.52065148527873872       0.58233548632797194     
  0.52999967933772807       0.58626032679516726     
  0.53894399043362762       0.58724485801470294     
           3
  0.99035492365420963       0.83338686668470885     
  0.97979797979797978       0.83838383838383834     
  0.96639546610865490       0.82355607335362302     
           6
  0.77260163204925691       0.31638976925838624     
  0.75181377779292602       0.32216340123149378     
  0.74389260307675598       0.32186323002099604     
  0.74667868167611218       0.30226969725109415     
  0.75873446868834382       0.29973105212742202     
  0.77032620265993035       0.30538904490653129     
