   97.000000000000000     
   100.00000000000000     
          45
           8
   12.000000000000000     
   26.000000000000000     
   1.0000000000000000     
   20.000000000000000     
   2.0000000000000000     
   13.000000000000000     
   20.000000000000000     
   7.0000000000000000     
   10.000000000000000     
   15.000000000000000     
   7.0000000000000000     
   24.000000000000000     
   10.000000000000000     
   12.000000000000000     
   23.000000000000000     
   13.000000000000000     
   19.000000000000000     
   9.0000000000000000     
   12.000000000000000     
   6.0000000000000000     
   9.0000000000000000     
   22.000000000000000     
   18.000000000000000     
   19.000000000000000     
   20.000000000000000     
   24.000000000000000     
   10.000000000000000     
   4.0000000000000000     
   20.000000000000000     
   15.000000000000000     
   13.000000000000000     
   12.000000000000000     
   3.0000000000000000     
   7.0000000000000000     
   18.000000000000000     
   3.0000000000000000     
   23.000000000000000     
   1.0000000000000000     
   17.000000000000000     
   13.000000000000000     
   6.0000000000000000     
   22.000000000000000     
   20.000000000000000     
   21.000000000000000     
   2.0000000000000000     
           1
  0.77319587628865982       0.56701030927835050     
           8
   8.3616866979222576E-002  0.77297768670317479     
   8.2937491831509683E-002  0.78229707652879343     
   7.1226104474356206E-002  0.78825793207052364     
   5.9749821502792830E-002  0.78158047353702731     
   6.1022623615605488E-002  0.77395569000650277     
   6.5368461346267226E-002  0.75847396188893834     
   7.8333205771012063E-002  0.75873493957617644     
   7.9925582838792864E-002  0.76456168962474325     
           8
  0.80723436644426527        1.1578251123590889E-002
  0.80196297743537670        1.7780089748621820E-002
  0.79612216139195913        2.3056573972081475E-002
  0.78817675747873472        2.3173787456847665E-002
  0.78236586680233589        4.9321551192042547E-003
  0.78345079940981288       -1.3728443208249359E-003
  0.78849974294825487        1.0387049863829299E-003
  0.79467059756882130       -7.3841591745699847E-004
           8
  0.53670024014209161       0.26212982644872002     
  0.53268757510861120       0.27184798385454290     
  0.52478241144551308       0.26696409762586654     
  0.51762568622835992       0.26765302074337438     
  0.51384925874608389       0.25280893384507253     
  0.51995541326870287       0.24753383153652636     
  0.53378087702174493       0.25136068104541970     
  0.53951137771904312       0.25015685710317298     
           7
  0.82800238397457371       0.27002428169171561     
  0.82535781536880526       0.26333888123584442     
  0.82066135048139877       0.26994848055962017     
  0.82728450597139902       0.25160707393926579     
  0.82411473459349738       0.24401642416569461     
  0.83459011783260395       0.24476335601202318     
  0.84765870601168036       0.25605980907463599     
           3
  0.62277501046014516       0.38666264486912461     
  0.59449031942040675       0.38069661544580341     
  0.60079695213486506       0.36923261015357428     
           4
  0.96168615687256331       0.47841613745384548     
  0.94789957258162394       0.47768646862717384     
  0.94473096391814038       0.45866851536750081     
  0.97268338523694930       0.45460539265848043     
           8
  0.45443848582039548       0.23047758373085286     
  0.44406801751941050       0.22780046850950833     
  0.43828936910158384       0.22498071594929203     
  0.43084891138312076       0.22621037466004695     
  0.43242716692045163       0.21147987539631458     
  0.43920779392654252       0.20739343948880212     
  0.44698354989478145       0.20515532781472579     
  0.45531663313114357       0.21726510951997652     
           3
  0.36987965830912217       0.55047997119693948     
  0.34765413426220221       0.55471458852859368     
  0.35096046404449649       0.53476398779286238     
           4
  0.79482486603209201       0.66079619320069316     
  0.78571979820750315       0.64997117002907367     
  0.78382127831522463       0.63966339025769925     
  0.80230277229489677       0.63861428036141477     
           6
  0.39130217665319461       0.14778867886910496     
  0.37342081783715542       0.13940090897395846     
  0.36951761204206962       0.13065780356752862     
  0.37591644022536908       0.12027080766454926     
  0.38111838269568560       0.12370469418099203     
  0.39057824851444795       0.12059397668564226     
           5
  0.38015990095585711       0.54112696333150045     
  0.37197245597083495       0.53020473992551520     
  0.36861816689391175       0.51832959354563635     
  0.38185162411548618       0.51336602010618482     
  0.39175956376728444       0.51555435028056551     
           3
  0.27771571754105479       0.33485937748051336     
  0.26517456757537544       0.33107019035181356     
  0.28579051945816913       0.31073224106937658     
           3
  0.97110862096754369       0.32927345949764270     
  0.96546950347146110       0.31790251084378057     
  0.99427876621664280       0.31416745172986538     
           3
  0.90663308230880313       0.45130774653736272     
  0.88904628216233728       0.43852038280213690     
  0.90789084999320735       0.43875168241512580     
           3
  0.23350796594157425       0.67995872748282271     
  0.23711340206185566       0.67010309278350511     
  0.25094425950906302       0.67167463973932673     
           8
   8.8975298538915379E-002  0.53426003161030622     
   8.7350433462849014E-002  0.53985013105894541     
   8.0331560870382748E-002  0.53474976415141195     
   8.0780699080456431E-002  0.52696875198602755     
   7.8628064639612791E-002  0.51948592425388662     
   8.6538176191475191E-002  0.51462184281882384     
   9.2397935210031645E-002  0.51802949467006487     
  0.10729225570905115       0.52408574289291665     
           6
  0.75741300451341709       0.84563479274993336     
  0.74680523026070722       0.84956331428424881     
  0.73850894067836426       0.83646358150750266     
  0.74251777218359949       0.82425340430245242     
  0.76594295309924065       0.82180367433566892     
  0.76236327702543172       0.83104177044161764     
           3
   4.1940246921492029E-002   2.4904412272629618E-002
   2.5944423050692996E-002   2.5369730233700837E-002
   3.0927835051546393E-002   1.0309278350515464E-002
           8
  0.43589465852156717       0.64168143880047102     
  0.42801370923057730       0.64117092338448811     
  0.41840429548889979       0.63932232183358295     
  0.41309929848698324       0.63811742639028246     
  0.40773844752595917       0.62724638148336143     
  0.42059372192533773       0.61481828064008681     
  0.43100453772605990       0.61429684035793308     
  0.43139736807336843       0.62018996466265308     
           8
  0.31116631858052851       0.85006514122711663     
  0.29668119901403600       0.84632104069844638     
  0.28873403023397975       0.84774518204927629     
  0.28357630200340489       0.84416294986695206     
  0.28620812258614431       0.82240659552317907     
  0.29713682558761961       0.82371377521023315     
  0.30682946263343447       0.83068943751564839     
  0.31300976005082126       0.83277217922954272     
           3
  0.54040906924881560       0.97738310948680940     
  0.52577319587628868       0.97938144329896903     
  0.53542769312385563       0.96472242435701017     
           5
  0.51857660816601292       0.26224314341394078     
  0.51241363677400442       0.27263750785694618     
  0.49995344502144712       0.26687504149749064     
  0.49308351959832741       0.25663712840858549     
  0.50571579983380843       0.24360052466791937     
           4
  0.82096003513882576       0.56161606897346883     
  0.82627194281131222       0.55509242585042962     
  0.84388984858967542       0.53322934013190237     
  0.83505154639175261       0.54639175257731953     
           3
   7.0962255073152597E-002  0.53489175894441010     
   6.2052185745278557E-002  0.51868773095841159     
   7.2164948453608241E-002  0.52577319587628868     
           3
  0.22775366861244778        5.7725626587534135E-002
  0.20671109785175151        6.1729422624754463E-002
  0.20794467332925554        4.5172518340716193E-002
           8
  0.94673488660413674       0.36462490338752140     
  0.95266831909671557       0.36750084479328637     
  0.94928208981085038       0.37624941147911478     
  0.94287484124241028       0.36899117315689878     
  0.93654214459397833       0.37596526607329250     
  0.92680494421721160       0.36327077346359321     
  0.93228756875436314       0.34586431687629177     
  0.94673949793361389       0.34922038378460241     
           6
  0.18663986108450370       0.83870661205511987     
  0.16069262991616826       0.84967995092560578     
  0.16395556290351621       0.84361649053055510     
  0.16336164824615604       0.83372524041511731     
  0.17160680539038109       0.82360629287188658     
  0.17910239931611846       0.81997952856583878     
           3
  0.64272294246840278       0.71810261453633906     
  0.62886597938144329       0.71134020618556704     
  0.64011616887354850       0.69628802363944087     
           6
  0.28702631843627863        1.0119580825954446     
  0.27117971719197514        1.0119154626787810     
  0.26471964160695460        1.0148958532360355     
  0.26874455267990827       0.99421356829812924     
  0.27006700022947738       0.98481543320375953     
  0.28723382752727533        1.0000613229169166     
           6
  0.86104013847443694       0.24750179468217517     
  0.84991082002123319       0.25007659102031948     
  0.84074296143596050       0.23687477312616473     
  0.85784903649442001       0.22206720694842283     
  0.86748793496685683       0.22396096303709004     
  0.86886500482832807       0.23449772753443079     
           8
  0.23008237928354575       0.95870985903371864     
  0.21728961268873762       0.96875911120255165     
  0.21030438317579969       0.97165517717507410     
  0.20687467055405573       0.96186734604090240     
  0.20487683887769070       0.95475482538694267     
  0.20681676365251789       0.94866643785764626     
  0.21068232688198135       0.94413183701910253     
  0.22840310389995130       0.94792821640448244     
           7
  0.62238682001048362       0.33495852079748217     
  0.61133627758620568       0.32985311282655272     
  0.60362873591806898       0.33271431210488589     
  0.59479310190130796       0.32878276965605707     
  0.59554411624149717       0.31571054414760008     
  0.60879196840287642       0.30493036634009629     
  0.61773995180214447       0.30800625336702298     
           7
  0.29302546115172001       0.55073188272284013     
  0.27214725620975250       0.56098701507782966     
  0.26710172586818437       0.55400297621295180     
  0.26706248246115361       0.54478897312567909     
  0.27583842942319459       0.53656961756704513     
  0.29307253356402818       0.53668275396585774     
  0.29081759644928412       0.54406538966529061     
           6
  0.10169350482064367       0.95317756457751179     
   8.2852306721496599E-002  0.94764325661583881     
   7.8651386692651190E-002  0.95220226718893253     
   7.9923019168924997E-002  0.92491940234985059     
   8.6260108407813244E-002  0.92983348781637531     
  0.10684381932993248       0.92506451723116523     
           6
  0.12328286740557395       0.28903167946219105     
  0.11366794416038886       0.28749198658456254     
  0.10089705810136040       0.29365886710014494     
   9.8841865044269686E-002  0.28251400655306935     
   9.8341452579125813E-002  0.26469282088327012     
  0.11340206185567010       0.27835051546391754     
           8
  0.61672614453503471       0.43598393294191018     
  0.60332448617827183       0.43217409574210708     
  0.60015364751027334       0.43761454601739175     
  0.59441534241006910       0.43152594915162207     
  0.59280046057541325       0.41909011873645263     
  0.59388141048293952       0.40778597064044414     
  0.59992031218805086       0.41804741869529011     
  0.61805936398632355       0.42181488180024829     
           7
  0.70541660139967055        1.0234579471620816E-002
  0.69590761462460060        2.3933591434064865E-002
  0.68405962088410377        2.5660270554400729E-002
  0.68294130262789099       -2.6735682648638803E-003
  0.68772868915525898        1.3536445286615705E-003
  0.69250825739221578       -2.1449707836882319E-003
  0.70498843868690952       -1.0777615313298725E-003
           6
  0.79613108089085971       0.40987394577087338     
  0.78097577297036969       0.41500645349906551     
  0.78341653098876562       0.40284222991853114     
  0.78286320633611195       0.39382820531807339     
  0.79228265415045129       0.39273107107364452     
  0.79856013788585656       0.38686489017278108     
           3
  0.48453608247422680       0.29896907216494845     
  0.47343154522027953       0.28447487222432172     
  0.48522080198157241       0.28656521429718723     
           4
   3.9839260616774314E-002  0.92555505141626082     
   2.0229423650016551E-002  0.91559893896566680     
   1.7186798063018670E-002  0.90808351202425208     
   4.0245706747073694E-002  0.91253628277970278     
           3
  0.34318995324597684       0.90620722756094374     
  0.33416103946628112       0.90557240386120852     
  0.33680566353554348       0.88222093454893902     
           6
  0.18140379958116185       0.47911196632433317     
  0.17172433442291324       0.47673290538593799     
  0.16449167717347404       0.47096299491996990     
  0.16283073022489242       0.45853691246620543     
  0.16239360906187961       0.45150512162421996     
  0.17116821506488913       0.45171731233306323     
           6
  0.93727368498909147       0.43810960756770234     
  0.92678230725224831       0.41629550992960346     
  0.93482892377838256       0.41396122265368829     
  0.94024232314062028       0.40991095021319135     
  0.95320690805374142       0.40749101603997573     
  0.95281666809386767       0.41416548864451147     
           3
  0.23735013903605592        4.5728451483970645E-002
  0.23048471707269583        1.8273052449483726E-002
  0.24770669688801553        3.1395962895362915E-002
           6
   1.0109827938450955       0.64117568498167343     
  0.99895397867393299       0.63880296033644435     
  0.99129023213995893       0.63447190648225626     
  0.98503433932167861       0.63158809499996305     
  0.99478081150445818       0.61429956301556166     
   1.0093181797443289       0.62905386517457740     
