   98.000000000000000     
   100.00000000000000     
          43
           8
   8.0000000000000000     
   24.000000000000000     
   9.0000000000000000     
   19.000000000000000     
   9.0000000000000000     
   18.000000000000000     
   9.0000000000000000     
   14.000000000000000     
   3.0000000000000000     
   14.000000000000000     
   8.0000000000000000     
   8.0000000000000000     
   13.000000000000000     
   18.000000000000000     
   4.0000000000000000     
   24.000000000000000     
   14.000000000000000     
   8.0000000000000000     
   18.000000000000000     
   13.000000000000000     
   2.0000000000000000     
   9.0000000000000000     
   18.000000000000000     
   3.0000000000000000     
   24.000000000000000     
   8.0000000000000000     
   24.000000000000000     
   14.000000000000000     
   13.000000000000000     
   24.000000000000000     
   23.000000000000000     
   9.0000000000000000     
   13.000000000000000     
   14.000000000000000     
   14.000000000000000     
   18.000000000000000     
   24.000000000000000     
   4.0000000000000000     
   8.0000000000000000     
   13.000000000000000     
   4.0000000000000000     
   14.000000000000000     
   18.000000000000000     
           1
  0.14285714285714285       0.69387755102040816     
           8
  0.75641835262707069        2.1271835161020200E-002
  0.75598666105022261        2.7453590900697333E-002
  0.73368940535765270        3.3517068954511772E-002
  0.73503694224568150        2.0300616812347159E-002
  0.73037294208500525        7.8883124928409327E-003
  0.75462218277467141        6.3369046025317493E-003
  0.76006211528912959        7.7045779753216539E-003
  0.75430611110276713        1.5136499951278295E-002
           7
  0.13691283541657315       0.49029896052728200     
  0.11762273651106608       0.48799280083630747     
  0.12356498537780934       0.48076570140734648     
  0.11758283835848354       0.47472654971041672     
  0.13379583600094053       0.46794906185676699     
  0.14273664851437209       0.46442789043820337     
  0.14303531705506728       0.47613482092031179     
           7
  0.38634147389426210       0.45368197361703433     
  0.38763054495118821       0.45943334472729513     
  0.37925183378262944       0.45756306717032863     
  0.36588399553304790       0.45638899610412659     
  0.36716832624008666       0.44506949706969506     
  0.36248793452834105       0.43886525078324390     
  0.37663801280115794       0.44110740578856061     
           8
  0.35744471421164908       0.65233185410839634     
  0.36106533348724124       0.65669493825511394     
  0.34719078641737844       0.65289162079090424     
  0.33893533769681344       0.65688702306031499     
  0.33352638038597293       0.64401797838517505     
  0.33544006562446993       0.63082790989539272     
  0.34827127441268280       0.62729804310570270     
  0.35714219560603705       0.63851707298127924     
           8
  0.60053763379359404        1.0019663797463862     
  0.60363877355248674        1.0081637892383506     
  0.59676152960457740        1.0135763529889275     
  0.58095524983725744        1.0013403181266198     
  0.58249495425956455       0.99397380836750215     
  0.58102509383152190       0.98580471189623875     
  0.58974088927458057       0.98773315866354516     
  0.59577108919271560       0.98759490528699811     
           5
  0.33719366156992453       0.44261802746699086     
  0.32213453606856912       0.43646556300942424     
  0.32627186855268508       0.42380107550983731     
  0.35225471971930267       0.41865231682971032     
  0.34939664030664830       0.42855776976821258     
           4
  0.19683521738592402        1.0117257973385205     
  0.17464183868968919        1.0108446212533264     
  0.17431320933853792       0.99638787273363538     
  0.19374993394604065       0.99032468458139689     
           6
  0.26025066731787067       0.80110319492223325     
  0.23340806794646790       0.81710786101345534     
  0.23498865563285667       0.80826427613949237     
  0.23306597510846561       0.79547095543215052     
  0.24006057178276494       0.79049966613064737     
  0.24661602257642487       0.79162602957096295     
           5
  0.18491734781035418       0.28989371609678966     
  0.18077992704399362       0.30107444391087868     
  0.16404643619128734       0.29264910961651214     
  0.16375294432494300       0.27404625933052329     
  0.18095159107432610       0.27532294753823772     
           7
  0.74309185113350107       0.69628619955132665     
  0.73482677036384181       0.69489622872457724     
  0.72020763021880052       0.69675517919003216     
  0.72550306016313171       0.67957548731048978     
  0.72130491941694364       0.67183856076096238     
  0.73326111730184407       0.67304518888186504     
  0.74603106310956513       0.67277155076972517     
           8
  0.80756058569672395       0.65672582801865920     
  0.79741626741459237       0.65278704805993726     
  0.79212369434899454       0.65538211039805949     
  0.78183359322199819       0.64267848287713558     
  0.78174159809463495       0.63022104238349974     
  0.78772172819188513       0.63366187996195000     
  0.79572748547212424       0.62731519775817535     
  0.80665045558595883       0.63461551698249763     
           8
  0.44170088592118167       0.49091440628582050     
  0.43039336776534520       0.49963485280540548     
  0.42777337584477138       0.50466459875560854     
  0.41656907675881755       0.49538262124954546     
  0.41511023512675421       0.48460585756627705     
  0.41564066935209110       0.47908674905440501     
  0.42494304142673656       0.48007865296637958     
  0.43438863401859173       0.47807045875012139     
           6
   2.3514421751677544E-002   2.5514119332411603E-002
   1.8132692480750834E-002   3.2065408602794852E-002
   5.0388316258072113E-003   3.4515413913985139E-002
  -2.3574391900663579E-003   1.8069875096526921E-002
  -5.0695077281850184E-003   9.2725750715655138E-003
   7.8047813961840354E-003   9.8917283178284899E-003
           4
   2.0408163265306121E-002  0.28571428571428570     
   1.1336559381308594E-002  0.28203157034379445     
   2.5668636901557813E-002  0.27572574674279082     
   3.5988068051659564E-002  0.28057754929832918     
           8
  0.33962362287409931       0.85129505360591418     
  0.31739997787032281       0.84252956996554851     
  0.31096172456214355       0.83923534701190960     
  0.31679435351002450       0.83633188842668038     
  0.31730036166924191       0.82718512432423308     
  0.33577267462468235       0.82570461673974771     
  0.34003395727504049       0.83046428966758379     
  0.33478418889861011       0.83257557310288799     
           4
  0.99882480765009951       0.39343573179473579     
  0.97501515725479593       0.39635874838792112     
  0.97713180010884315       0.38256694698187121     
  0.98870969200345271       0.37950412313094650     
           7
  0.40091704954707535       0.54911689076407433     
  0.39282159451836735       0.55031808434543361     
  0.38594974250656727       0.55245263266642719     
  0.38366404956077665       0.54202811069378376     
  0.38540669597397392       0.53379726435604846     
  0.39864006159207133       0.52849667291019409     
  0.40636157425407954       0.53376525863905089     
           4
  0.90071757427547661        2.1812308738437751E-002
  0.89063664416081456        1.9035222433271593E-002
  0.87489206645317075        1.0922562744433456E-002
  0.87610538434808782       -4.5056517864534937E-003
           7
  0.43884476684951101       0.79838558227813428     
  0.42771559509379808       0.79976483588524971     
  0.41293441212353804       0.80127830583278292     
  0.41938872272874728       0.79274666311468034     
  0.41694983554381487       0.77419437078902731     
  0.42622796869845625       0.77470398387215567     
  0.43482993579624524       0.77282523926523861     
           7
  0.86032926051589653       0.28170717651225768     
  0.84409196804280473       0.28706268356618947     
  0.83273758488500893       0.29062542230869726     
  0.83911271923044994       0.26598238032391580     
  0.86196687682701301       0.26104073604566180     
  0.86142726228307676       0.26876670588974355     
  0.85497092267291575       0.27449695759003062     
           7
  0.80742325681541094       0.95398636681530868     
  0.80428675712435826       0.94819638642659609     
  0.79408694305204097       0.95054271700209336     
  0.79560748681665661       0.93414398548320887     
  0.79581188402892167       0.92643745934803057     
  0.80517773287393679       0.93008020585332352     
  0.81837464856492903       0.93816759367471225     
           3
  0.23538064336991898       0.39747555029633530     
  0.22448979591836735       0.39795918367346939     
  0.21158172297673722       0.39293714131389407     
           6
  0.59212802169685408       0.33937643299724185     
  0.58253320605104020       0.33740037582091736     
  0.58300927205611208       0.32581735029264847     
  0.57770121129396634       0.31851145839920830     
  0.59197958107107040       0.31724235673646173     
  0.59787352622822931       0.31197728568161343     
           8
  0.55645073192415961       0.86029506485628693     
  0.54500152267504864       0.86642054237760335     
  0.52744159196771456       0.86526284287981303     
  0.53198169073091051       0.86107064335232819     
  0.52891019603899281       0.85231635120999183     
  0.53776871310328112       0.84285975511158684     
  0.55157790105391402       0.84367568789242886     
  0.54901418071996544       0.85545913406951513     
           4
  0.39683047837491148       0.38203714192386412     
  0.38407007872437982       0.38625256788754825     
  0.37346457960776897       0.36237101875314998     
  0.39584269658933274       0.36943913095448361     
           7
  0.65133271927279901       0.60432036501237452     
  0.62962416920293196       0.61392915869483000     
  0.63100750951860363       0.60775910602962335     
  0.62755981857361576       0.59889362017745096     
  0.63408297396733082       0.58933281524816172     
  0.64857397475904266       0.59354232259934403     
  0.65473111648484661       0.59850855669656855     
           6
  0.44353592247996804       0.90994333706968011     
  0.43816286015844458       0.90565956893015720     
  0.41799505701968925       0.89412320312613047     
  0.41739861529545386       0.88575760986541985     
  0.43544250797065343       0.88283934968403921     
  0.43604632740578025       0.89000174907166696     
           4
  0.33499388116534679       0.91248732685395018     
  0.31740528349184521       0.89902535507028247     
  0.31668921524506810       0.88330289064383227     
  0.33707830706340491       0.88932676464431004     
           6
  0.39735613473368647       0.24725957286733030     
  0.38449132553660431       0.24946908150085947     
  0.37965253537873273       0.24157024369682850     
  0.37244834400437093       0.22949407213625744     
  0.38126609584946780       0.22349853162039576     
  0.39888942746303352       0.22603202514571016     
           7
  0.65821660680577876       0.34115604584041742     
  0.65142265816865730       0.33800861372627322     
  0.62751961708108350       0.33631902564171029     
  0.63657286409475655       0.31317869220726752     
  0.64342071350953667       0.31453373345047098     
  0.65264320822609279       0.31893097381836039     
  0.65692133511998119       0.32509099090430527     
           5
  0.23929402067753935       0.75504670688850295     
  0.22701017439904270       0.75587028387397270     
  0.20897361142388526       0.75677843183919125     
  0.21618992510042140       0.75349346960118990     
  0.22448979591836735       0.74489795918367352     
           8
  0.91183373818316749       0.96311204612832135     
  0.91021768651196155       0.97061424709665889     
  0.89720201413801759       0.97257405391228946     
  0.88894232899200409       0.96796804408000026     
  0.88962152368224900       0.95865845278565187     
  0.89432696277355705       0.94763267449259969     
  0.90813787982894922       0.94620957575719655     
  0.91006224991546636       0.95609927191102140     
           3
  0.60245412249256014       0.80051234350099032     
  0.57667927398682728       0.79595116058533255     
  0.59183673469387754       0.79591836734693877     
           8
  0.45037067948116827       0.63827036169491991     
  0.45304345357325426       0.64394790657769929     
  0.42826315269530590       0.64049786375698481     
  0.43081343137611694       0.62190121974048640     
  0.43616395025731086       0.62289852873543916     
  0.44714018377344361       0.61769408940732418     
  0.44931581502476770       0.62501732964363632     
  0.45366646533807481       0.62937474386064185     
           3
  0.74489795918367352        1.0204081632653060E-002
  0.74561435712890056        1.6770658365843245E-004
  0.75770239079441448       -5.1684601581411457E-003
           4
  0.18430135940312614       0.33812439557673785     
  0.16186214825153078       0.33714970945718697     
  0.16495268860247569       0.32170334560096914     
  0.17221540378825539       0.31578616906660373     
           5
  0.89869453358589491       0.80838920015057114     
  0.88400324428451527       0.81834099307621777     
  0.87758463318546887       0.80087233175119066     
  0.88490110045228176       0.79066362016370684     
  0.89330951348753596       0.79093164797345239     
           6
  0.12912625481736328       0.25902137449061974     
  0.11232604773001019       0.25609971190832453     
  0.10865300653917807       0.24708416409495318     
  0.11476801397867462       0.23250154275961366     
  0.13432448813834214       0.23586298464801786     
  0.13086667059170221       0.24460027606701901     
           3
  0.50183641925804656       0.55039930272787185     
  0.49326614344554587       0.55281186066980270     
  0.48979591836734693       0.54081632653061229     
           6
  0.50496843487570320       0.23730320298026614     
  0.49542653788397351       0.24832829922483926     
  0.48748182546572011       0.24775283502059056     
  0.47974294882160456       0.23234865886894432     
  0.49260354523428174       0.22193507315268124     
  0.50015962545264436       0.23248905187653465     
           4
   7.7768837617000472E-002  0.39288078152813766     
   5.6339991802381098E-002  0.37716461703168708     
   5.6266744547262729E-002  0.36680171329649941     
   6.5753224207337882E-002  0.36338038011826290     
           6
   1.0119841789903368       0.78769793869731863     
   1.0069283762958685       0.79458053742904389     
  0.99952414360795394       0.80082029125113718     
  0.98750845806541565       0.77010755259782027     
  0.99953365344363876       0.77285152836802196     
   1.0115628547689988       0.78032326725415879     
           6
  0.36201234907708718       0.12102933360669779     
  0.35685021917139503       0.12497592005079899     
  0.35290806558328736       0.13150211611705692     
  0.33762126423952366       0.11741338345178229     
  0.34161364988554188       0.11003481412233447     
  0.34913190089243851       0.11079513986016382     
