   99.000000000000000     
   100.00000000000000     
          44
           8
   14.000000000000000     
   1.0000000000000000     
   16.000000000000000     
   23.000000000000000     
   12.000000000000000     
   6.0000000000000000     
   5.0000000000000000     
   1.0000000000000000     
   13.000000000000000     
   20.000000000000000     
   14.000000000000000     
   18.000000000000000     
   7.0000000000000000     
   8.0000000000000000     
   21.000000000000000     
   8.0000000000000000     
   24.000000000000000     
   20.000000000000000     
   19.000000000000000     
   13.000000000000000     
   3.0000000000000000     
   26.000000000000000     
   17.000000000000000     
   22.000000000000000     
   8.0000000000000000     
   16.000000000000000     
   20.000000000000000     
   12.000000000000000     
   22.000000000000000     
   20.000000000000000     
   12.000000000000000     
   14.000000000000000     
   25.000000000000000     
   17.000000000000000     
   19.000000000000000     
   20.000000000000000     
   15.000000000000000     
   2.0000000000000000     
   9.0000000000000000     
   10.000000000000000     
   6.0000000000000000     
   11.000000000000000     
   21.000000000000000     
   24.000000000000000     
           1
  0.61616161616161613        1.0000000000000000     
           8
  0.97133640449509961        7.3891690929551460E-002
  0.97079236031062466        8.1395342756888159E-002
  0.96307083115452630        7.9155707478106033E-002
  0.95637473197928657        8.3718470469532791E-002
  0.94759447458410262        6.7013026600724737E-002
  0.95160934411594778        5.8056528731694305E-002
  0.95905084586399969        6.0234850840118030E-002
  0.97045932959499881        6.2055463890417752E-002
           5
  0.46362072617168204       0.88597377538744304     
  0.44661117422846358       0.87418639691389399     
  0.44379489249258575       0.86599700812449831     
  0.45275567352686891       0.86634516756800317     
  0.46022834292189629       0.86942931751992913     
           3
  0.16359488484503898       0.48623898857837083     
  0.15151515151515152       0.47474747474747475     
  0.15888377816360374       0.47228124547647127     
           3
  0.39463308285448728       0.76671343507258605     
  0.38158793111729977       0.76927962456019938     
  0.39731268307960060       0.74372153689704656     
           5
  0.55794852505842352       0.24354613625419491     
  0.54189036122329715       0.24335823599559692     
  0.54685777069526464       0.23630845644840570     
  0.54222593468696545       0.21827927873340558     
  0.56308429824696860       0.21912846024524804     
           5
  0.29252392553666007       0.73128815626680732     
  0.28349722826528212       0.72704663137280168     
  0.28308320404597753       0.71187417501590555     
  0.30180170588915500       0.71394930484947361     
  0.30029482582587858       0.72081200193163841     
           4
  0.87588993060724796       0.81169932477785489     
  0.86810725659872834       0.79860418377676579     
  0.88537317858119025       0.79051428869133222     
  0.89218384213873991       0.79402944464349379     
           6
  0.76498620932410932       0.63961344127195252     
  0.75681944639134913       0.64964273483372725     
  0.74715661830302427       0.64493967360628779     
  0.75188131142923109       0.62578038654754575     
  0.76784797111584457       0.62779290654575337     
  0.77004200822400404       0.63649313475482772     
           6
  0.66928309028198951       0.62544282006257712     
  0.65794058553190382       0.62857010782385681     
  0.64958836280182375       0.63009787624865099     
  0.64464270442564531       0.62504751198077768     
  0.64737094907571713       0.60617764094552362     
  0.65841466662473103       0.60726080772613045     
           8
  0.73719615310861697       0.36119150765622937     
  0.73255185168385184       0.36606888200755672     
  0.72389157246956226       0.36127626741241547     
  0.73589524755513269       0.34367569165430312     
  0.74029936952446651       0.34027472473085202     
  0.74058492547733945       0.34609948832026455     
  0.74584478168322221       0.34448142603436521     
  0.75106504384738526       0.34559312357112060     
           7
  0.18032004032980975       0.35213082632775738     
  0.18531438938388248       0.36208059082766431     
  0.15812597755022120       0.35907230000592438     
  0.15909839525429997       0.34644538722762908     
  0.16392605852222250       0.34386082323029282     
  0.17539492112509977       0.34366310701375902     
  0.18371429577505888       0.34203807169532585     
           8
  0.40576439609100678        1.0008099220421789     
  0.40676384227103141        1.0066765920901208     
  0.40215753252611636        1.0109449115032805     
  0.38109838217152942        1.0054577692773372     
  0.38598120161218136        1.0002317739001214     
  0.38108867332992752       0.98753927260551799     
  0.38856487406016776       0.99187137182739227     
  0.39590234347236564       0.98867427481722181     
           6
  0.76625495251517051       0.78091938831654240     
  0.76526152801013181       0.78910420727800346     
  0.75009470521752408       0.77905918223913839     
  0.74348259446075771       0.77168685402252835     
  0.75130561338053437       0.76562049868710702     
  0.76690434022979459       0.77177679730017901     
           3
  0.50901782368613702       0.36915933777280641     
  0.49494949494949497       0.37373737373737376     
  0.48134357752205104       0.36423328770578045     
           8
  0.86554232572937173       0.32683288184487946     
  0.84531640433159683       0.32255321846293389     
  0.84617310141114033       0.31146702448502189     
  0.84678972267483754       0.30359910843977772     
  0.85227267563480480       0.30391168545513969     
  0.86214234636494735       0.29882692855129939     
  0.87106188548675678       0.30326068488075825     
  0.87040017810855630       0.30870789595562032     
           3
  0.90814288631669815       0.72320335609308994     
  0.89048054822473688       0.72154428805660631     
  0.91254452092246419       0.70704887051242604     
           8
  0.89466574652622799       0.44541825781621780     
  0.88932079812202869       0.44042018348657325     
  0.88845420223781679       0.43039517153430767     
  0.88548425519454066       0.42514543484577172     
  0.89439316624668908       0.42526282934227266     
  0.89994152457811383       0.42088265304133654     
  0.91031794236449748       0.42057662826366554     
  0.91077307736737656       0.42945960432474672     
           3
  0.78852191522194659       0.82990604159872394     
  0.79797979797979801       0.81818181818181823     
  0.81064077550340452       0.80825501737090055     
           7
  0.46355148054843132        5.5943790182824901E-002
  0.45511296566817611        5.9739431932759865E-002
  0.44593590022431318        5.5749303974246954E-002
  0.44162098972433478        4.7844193385153895E-002
  0.44122968242001920        3.6804116506312566E-002
  0.46314250862699458        3.8530501612078043E-002
  0.46779274813596172        4.6299705964827152E-002
           3
  0.94914834433735273       0.70107013075907088     
  0.93939393939393945       0.69696969696969702     
  0.93690587992772734       0.68540785033328211     
           5
  0.50395918705567122       0.70592143146874919     
  0.49469432641032279       0.70798899428684936     
  0.48384963608274301       0.71102224311968687     
  0.48657793255937148       0.69302342102110637     
  0.49787007197496130       0.68590238035091655     
           4
  0.64712809521031356       0.26646675588783719     
  0.62593115852344716       0.24028119232093470     
  0.63946392948901032       0.24057994111543018     
  0.65004999976615041       0.24865962849314308     
           3
  0.94239035832818574       0.34772214204674090     
  0.93006982434718011       0.32726661262059781     
  0.94713783379178507       0.33379478880114999     
           5
  0.39902387292577074       0.46862576119613669     
  0.38731295346363953       0.46779795962022774     
  0.39016866297958730       0.44141162821175789     
  0.40016317569999998       0.44283094228194048     
  0.40293624960453067       0.45111633027739001     
           5
  0.89462786545298878       0.34687617705523305     
  0.88649480692225147       0.34234333888803903     
  0.88624890979767601       0.33487768348895269     
  0.91322022884381715       0.32065759775315456     
  0.90782232008409214       0.32615445371791019     
           5
  0.48840509072609539       0.78463141441771600     
  0.47420729901357150       0.79219528959667640     
  0.46067745135800942       0.78292541033869256     
  0.46520939449910476       0.77799641606058745     
  0.47422121863099670       0.76467789222444471     
           8
  0.30504687110388429       0.20033379250895603     
  0.30686559372269917       0.20532077761945883     
  0.29846799166778232       0.19949985499883460     
  0.29892637323714127       0.20484467223354999     
  0.27950618858686449       0.20453653897677235     
  0.28360596985076020       0.19916308119098977     
  0.28571723372506452       0.18211880683473039     
  0.30043387662603027       0.17940660789491439     
           6
  0.14252830587662771       0.66321839683254369     
  0.12966480049787074       0.66829684569633674     
  0.12174118088810405       0.66856025229656868     
  0.12685112990864411       0.64588979702195859     
  0.14538434327570054       0.64234279710722664     
  0.14323798983284866       0.65066870941147081     
           4
  0.34391419370147652        9.8580653142352898E-002
  0.33250784372027253       0.10357037207327757     
  0.32016196951576958        9.2995718722537729E-002
  0.33800480942583400        7.7930756853463817E-002
           7
  0.63608925501240965        9.8586265115624794E-002
  0.62532574360609794       0.10056840486254988     
  0.62860277855462965        9.5859618092550461E-002
  0.63803117430757150        8.2424530094125176E-002
  0.64338777228272692        7.9855737698537932E-002
  0.64847126868245941        7.7421697732146286E-002
  0.65065848863007281        8.7752311949157905E-002
           6
  0.42828993505198981       0.13815132464029178     
  0.41732957849679048       0.14363954123575864     
  0.40039851993658487       0.14376841387379122     
  0.40443388184583451       0.13060809312466176     
  0.40423986942208168       0.12362057966112049     
  0.41552380760638535       0.12391944889723261     
           4
  0.67224645312585485       0.76835778406937649     
  0.66266015919813126       0.77169392370866241     
  0.66284547655697190       0.74874988449692181     
  0.68650759584355292       0.75062502227741490     
           3
  0.41296676812371869       0.28554022811752133     
  0.40196574526767614       0.27573674544671362     
  0.41414141414141414       0.27272727272727271     
           6
  0.50502882158549911       0.78113614358885486     
  0.50581739034984086       0.78708138906837810     
  0.49494949494949497       0.77777777777777779     
  0.49556952837090890       0.76915480771076616     
  0.50320125900115920       0.77283386202990456     
  0.50651798569211326       0.76703737114611403     
           6
  0.57831990884671536       0.82884163559870139     
  0.57215774256375296       0.83026986375544898     
  0.56190038009111731       0.82697808967783837     
  0.56652717409651321       0.81836952625119319     
  0.56394262055648003       0.81192141429480369     
  0.58406833635551658       0.81703842760915424     
           5
  0.46560669165463558        5.5523469638899293E-002
  0.46365899351578271        6.1714981224812462E-002
  0.45045830089368205        6.4749592347978557E-002
  0.45243405175600176        3.6162990020567443E-002
  0.46021971564682351        4.1405881220494302E-002
           7
  0.83764639957418430        8.1606562584989190E-002
  0.82802015535296825        8.1684938502590676E-002
  0.82515735950576274        7.6126102941000251E-002
  0.83081471985415634        7.3491973775487440E-002
  0.83356214502445536        5.7421497108528730E-002
  0.84680816588888741        6.0877033364667862E-002
  0.85030898567663760        6.9663532741669920E-002
           6
  0.83062410236881457       0.62020921189044509     
  0.82023949424135056       0.62811817826171179     
  0.80727411020358197       0.60591485304425774     
  0.81647153984509890       0.60354684105794110     
  0.82219813157154242       0.60242044972512465     
  0.83035359190477009       0.60578957160374891     
           3
  0.57384301979450814       0.82941347537603460     
  0.57278375911229695       0.80599889517295720     
  0.58110334776494432       0.80797060303626245     
           3
  0.93442696623966426       0.91337288287724394     
  0.93939393939393945       0.89898989898989901     
  0.95342837565944094       0.90581311709373213     
           8
  0.18233590011736364       0.13629749000963584     
  0.18320226783485574       0.14248770390240328     
  0.17683257680440867       0.14223960024628521     
  0.16244395904762396       0.13826624043127669     
  0.15901701358581091       0.12186670154787688     
  0.16415935019987324       0.12060571572766801     
  0.17300083974499075       0.12058227378201490     
  0.18551888455730903       0.11966825005086797     
           3
  0.90750692047622150       0.28107013485129495     
  0.88539644156763875       0.26927728803343554     
  0.89898989898989901       0.27272727272727271     
           5
   7.9976272370277449E-002  0.26531398808448375     
   7.0707070707070704E-002  0.25252525252525254     
   6.5052276421815741E-002  0.24018401609333132     
   7.7247112266516038E-002  0.23974622813294116     
   8.3895113596898066E-002  0.24024780975492893     
           7
  0.35426030544421722       0.36518135245586575     
  0.34303501116644830       0.36275619225498079     
  0.34591275511292841       0.35808332488720368     
  0.33935611553316453       0.35336384210889360     
  0.35150369761188260       0.34312523159645214     
  0.36115268220599656       0.34757349223239281     
  0.36720445640825500       0.35008801656843624     
