   100.00000000000000     
   100.00000000000000     
          44
           8
   19.000000000000000     
   2.0000000000000000     
   12.000000000000000     
   20.000000000000000     
   6.0000000000000000     
   17.000000000000000     
   8.0000000000000000     
   14.000000000000000     
   2.0000000000000000     
   8.0000000000000000     
   5.0000000000000000     
   7.0000000000000000     
   22.000000000000000     
   14.000000000000000     
   17.000000000000000     
   23.000000000000000     
   15.000000000000000     
   21.000000000000000     
   2.0000000000000000     
   24.000000000000000     
   10.000000000000000     
   20.000000000000000     
   6.0000000000000000     
   21.000000000000000     
   10.000000000000000     
   6.0000000000000000     
   13.000000000000000     
   21.000000000000000     
   24.000000000000000     
   11.000000000000000     
   16.000000000000000     
   8.0000000000000000     
   11.000000000000000     
   11.000000000000000     
   22.000000000000000     
   17.000000000000000     
   22.000000000000000     
   17.000000000000000     
   8.0000000000000000     
   23.000000000000000     
   5.0000000000000000     
   3.0000000000000000     
   18.000000000000000     
   12.000000000000000     
           1
  0.31000000000000000       0.72999999999999998     
           8
  0.11943067593575817       0.68155382490841199     
  0.10502296718899931       0.68274766703283007     
   9.8947070234711498E-002  0.68346649517935432     
  0.10169022890455090       0.67663840062936254     
  0.10321883419501454       0.65619047190587487     
  0.10625713199396675       0.66170210946477648     
  0.11690777026379784       0.65635918279040584     
  0.12200154872786775       0.66295773816675263     
           5
  0.53145615478808028       0.95409977061699425     
  0.52861052039170187       0.96892278211333638     
  0.50873097845230031       0.95400190632847048     
  0.51098818727390583       0.94563748140415682     
  0.51872578558037152       0.94541228533023447     
           6
  0.82481633763539008       0.29612652795634209     
  0.80920576539281097       0.29803509799329436     
  0.80107600608669050       0.29450978123365257     
  0.79501641138693080       0.29601463498768038     
  0.80641568358197535       0.27513142361331455     
  0.81263972300724430       0.27503319056637338     
           5
  0.97907678484214333       0.63352503498089818     
  0.95802348880370858       0.62286102336271243     
  0.95591862493070645       0.61140842936770334     
  0.98097893624636090       0.60752941647423875     
  0.98288489510562327       0.61516947643351527     
           7
  0.70748094847962029        5.9225878491303494E-002
  0.69842313233247466        6.0945529083091518E-002
  0.70232037311834916        5.3151955307009752E-002
  0.70079017532641741        4.6834711855994755E-002
  0.70275289181272127        3.7001218406523650E-002
  0.71331162522803637        3.5180543939292701E-002
  0.72110577254665009        4.4331822414118816E-002
           3
   6.9477273050605651E-002  0.56544985388543212     
   5.3422808361246590E-002  0.57448781493551748     
   4.9617790667257383E-002  0.55375153349870487     
           8
  0.49455253617248535       0.50442323778755260     
  0.48938549338198856       0.51107610549587557     
  0.48042320880514172       0.50951527909937477     
  0.47036484860151878       0.51243600581053739     
  0.46982041347319675       0.49933656408972549     
  0.46872729917992617       0.49287681248027410     
  0.47719259012614473       0.48942576863037990     
  0.49059769891792360       0.48523573496149736     
           7
  0.92018014217191668       0.18000219026109590     
  0.91097066214908951       0.18262943389879185     
  0.90393935789237501       0.18425730169796961     
  0.90075437125463786       0.17220004689108806     
  0.90048103549174807       0.16203486923236776     
  0.91941671263330560       0.15936612989002000     
  0.92395943651020473       0.16303687256119190     
           6
  0.50175828493333108       0.68251263707021448     
  0.49439135839830872       0.68959350909071870     
  0.47698820795026448       0.67700890382191159     
  0.48201413719790781       0.66644576216949536     
  0.49530783386153288       0.67183763586596879     
  0.50146165683273247       0.67550397967201914     
           3
  0.86340211731305838       0.29624463388307393     
  0.83942902254493046       0.29852864108156552     
  0.84880704788064976       0.27515793487967743     
           3
  0.10224863857321953       0.17175819418203575     
  0.11098738005020430       0.15004501321781327     
  0.12001338136592010       0.16002542327485758     
           6
  0.75480580917051432       0.99131192962079118     
  0.73719226627689627       0.99433905278302803     
  0.72775614309278691       0.98230199371568550     
  0.72641741621444589       0.97627723698221047     
  0.73860486172697071       0.96691171882886151     
  0.75084582877712402       0.97675234791697874     
           3
  0.56000000000000005       0.37000000000000000     
  0.55247834907173987       0.35690657843236179     
  0.56296135522418955       0.35729897279854822     
           4
  0.13015076155680291       0.82428336549824954     
  0.11729082778498130       0.82365198112983473     
  0.13354826819255988       0.79577422889088512     
  0.14477468331387150       0.81423537104327803     
           3
  0.65273614431141769       0.80908814871368584     
  0.65111722451927734       0.79907495287116626     
  0.66000000000000003       0.80000000000000004     
           3
  0.95454949004612488       0.55834656633374524     
  0.94852477685065451       0.53898049324411834     
  0.97019711745614434       0.54174360755836426     
           5
  0.36998492453031612       0.17745088282628024     
  0.34974853628455921       0.17554539352722459     
  0.34580827997841529       0.15857014298496494     
  0.35254365080601180       0.16160896135992209     
  0.36783831735146455       0.16261157227008180     
           7
  0.33489602743623803       0.23979939805273862     
  0.32975010257110626       0.23710661570963135     
  0.30564165829613343       0.24128784674317749     
  0.31062753577422020       0.22541142053176264     
  0.32335864757348587       0.21622342364465330     
  0.33319320223354759       0.21597401679316094     
  0.33169290748816532       0.22653778115212855     
           3
   6.8302766860814518E-002  0.12706632868300913     
   5.9999999999999998E-002  0.13000000000000000     
   5.9800596015895643E-002  0.11780128451162361     
           3
  0.65057522903856602       0.30221531272907098     
  0.62998858064155616       0.30259384483490126     
  0.63235545935021009       0.28572188475943094     
           4
  0.87739311291236044        5.8046526761907996E-002
  0.86348747625002309        5.8537156620514473E-002
  0.86911434108195273        3.9277628986541878E-002
  0.88397945686791812        4.5600621461435183E-002
           4
  0.75790917313568718       0.60959221730198432     
  0.73623575169923328       0.61901979544590591     
  0.73739120208187703       0.61069455464091427     
  0.75782166433328524       0.59593026197495635     
           6
  0.40294667009554647       0.73369198194013574     
  0.38746609980439778       0.73489561970565209     
  0.39064824722707797       0.72959040552364107     
  0.39442556447347876       0.70975232294596613     
  0.40284924809943379       0.70520007227514703     
  0.41105336340503912       0.71382171503755620     
           7
   2.2342313777475534E-002  0.45322685424154996     
   1.2052526561229701E-002  0.45214974417951165     
  -3.4155435023208499E-003  0.45095117788474498     
   1.3088363421370069E-004  0.43613898316533750     
   4.4687792649334831E-003  0.42751407960428406     
   1.5838538417826880E-002  0.42666088281409692     
   2.4248032979812602E-002  0.42648278178561039     
           7
  0.61333184572969746       0.95908265273325555     
  0.60608188267285779       0.95881450190850603     
  0.59743391338375518       0.95796870255042121     
  0.59218127419770838       0.95274521841952353     
  0.60806940611054461       0.94092438174860604     
  0.61376061622594524       0.94064838690208552     
  0.60916617745484414       0.94813575305742892     
           5
  0.28085585769993987       0.50352736132391518     
  0.27099212538171952       0.49908736305060286     
  0.25841866406098868       0.48655972716185947     
  0.27053387623551695       0.47741723616888243     
  0.28326239633610906       0.48538299661824069     
           7
  0.15975182639337396       0.33572267809090350     
  0.14992127493974911       0.34254153858351338     
  0.14203498589443006       0.33293140143042038     
  0.14205791895878667       0.32373657393927568     
  0.16165072924047719       0.31584099710671903     
  0.16255056887455235       0.32204892809225899     
  0.16513196169251532       0.32848182350974681     
           8
  0.47153963741350718       0.53080620646840060     
  0.46858683913804483       0.53554279203249999     
  0.47146637428861621       0.54407782376595204     
  0.44493202752480865       0.54451733247282630     
  0.44952280858050225       0.53626718040628263     
  0.45488589277143654       0.51565431643381254     
  0.45976456838777108       0.51940930805583518     
  0.47103868948601868       0.52004690583466306     
           5
  0.29217224599145131       0.43838211087378315     
  0.26675749134217375       0.43495083602030438     
  0.27039277582839549       0.42610941237878736     
  0.26523398029509787       0.41959283947503062     
  0.28877598503737584       0.42711498255863800     
           4
   2.9999999999999999E-002   8.9999999999999997E-002
   1.7458044284047396E-002   9.0931363063990980E-002
   1.9610298554130788E-002   7.9256462066786007E-002
   3.3463752924823932E-002   8.2068392223692249E-002
           3
   1.3056776140105239E-002   1.0125149460650562     
   1.0000000000000000E-002   1.0000000000000000     
   2.4285169045954208E-002   1.0035042759932802     
           6
  0.54037878963291497       0.46948603537088063     
  0.52699523694541883       0.47169489205784626     
  0.51639419906460937       0.46069743981118316     
  0.52141303120756777       0.45227813360646885     
  0.54479182131432347       0.44871155992268613     
  0.53815810101258610       0.45416489524488329     
           5
  0.98601696668813366        9.0595411631889333E-002
  0.96895932026014031        8.6859143260164640E-002
  0.96671837029641539        6.4924007866769218E-002
  0.97912518743080490        6.9434903313679880E-002
  0.98750575552630127        6.8789175547550860E-002
           3
   5.4195666181974370E-002  0.26144770201170936     
   5.1275834091991997E-002  0.24347881597548032     
   6.9996364353059448E-002  0.23722645437143586     
           8
   8.0127492016351651E-002  0.81544136135942846     
   8.4002076289013045E-002  0.82149061014294611     
   6.3516720869067400E-002  0.82435197335027055     
   5.9486578755099176E-002  0.81447687429095750     
   5.5238057643364008E-002  0.80740839484044002     
   6.2928164722687835E-002  0.79825982445777122     
   7.3104135184168875E-002  0.79886050090611593     
   7.9546801604202425E-002  0.80012373378917323     
           5
  0.97314542819314009       0.88265361840171830     
  0.97002118955365146       0.88983276058955330     
  0.94944990772573523       0.87527125320545196     
  0.96352843675868782       0.86638572299257888     
  0.97450825615589665       0.86875824230417120     
           5
   3.4157304329935044E-002  0.35977350535116243     
   1.1753803989412054E-002  0.36267720538063469     
   1.0020137609258772E-002  0.33655986852266928     
   2.5806299981402277E-002  0.34124141431672284     
   3.2090326677239392E-002  0.34759402814162160     
           5
  0.33307510172079485       0.94456911809166633     
  0.31599451712545157       0.94994191120108262     
  0.31193504665245880       0.93284457756364270     
  0.31002546332499242       0.92500051744255285     
  0.32060786081906983       0.92627117460143682     
           8
  0.96451298774749616       0.94756966537318343     
  0.96329427383116695       0.95509234203765436     
  0.95662916142657994       0.94899431878671647     
  0.94467422194827055       0.95013657114628858     
  0.94099287870593673       0.94377394260496827     
  0.95043109063995224       0.93020418440251573     
  0.96385625715014134       0.92920582086501158     
  0.96022277614094576       0.93800206441237355     
           4
  0.10336591693235123       0.11494920477283932     
  0.10199190062123499       0.12293932082017575     
   8.1508033296360707E-002  0.12045487942034724     
   9.5246018065450286E-002   9.5010979144442981E-002
           5
  0.96893003659094501       0.16598087330065928     
  0.94581866683169036       0.17136089361988852     
  0.95634383367526921       0.15179878047271703     
  0.96535987794828393       0.14621226621110406     
  0.96969149849446268       0.15354689065657362     
           6
  0.89613708729727315       0.68797752973949600     
  0.88585282380986752       0.68866907488025442     
  0.89199516226119047       0.68145240395022921     
  0.88633413018855411       0.67287504951620947     
  0.90415355370411976       0.66947463365119542     
  0.90000000000000002       0.68000000000000005     
           8
  0.33705903917344476       0.31916961407352124     
  0.34172650760395512       0.32484299473993261     
  0.32978768007103221       0.32357274696551330     
  0.32370980820175738       0.32145539739642887     
  0.31483785053774566       0.32020807143433638     
  0.32017644788058075       0.31303181006296976     
  0.32880920692747057       0.30108881632467133     
  0.33731792167583735       0.29891237185862007     
           3
   5.9999999999999998E-002  0.58999999999999997     
   4.9523776650861585E-002  0.58218132046390614     
   7.3608572042966544E-002  0.57516415520245545     
