   95.000000000000000     
   100.00000000000000     
          53
           8
   24.000000000000000     
   9.0000000000000000     
   15.000000000000000     
   17.000000000000000     
   2.0000000000000000     
   19.000000000000000     
   10.000000000000000     
   17.000000000000000     
   20.000000000000000     
   16.000000000000000     
   8.0000000000000000     
   12.000000000000000     
   3.0000000000000000     
   23.000000000000000     
   4.0000000000000000     
   23.000000000000000     
   20.000000000000000     
   2.0000000000000000     
   19.000000000000000     
   2.0000000000000000     
   23.000000000000000     
   23.000000000000000     
   5.0000000000000000     
   12.000000000000000     
   15.000000000000000     
   9.0000000000000000     
   13.000000000000000     
   18.000000000000000     
   16.000000000000000     
   7.0000000000000000     
   6.0000000000000000     
   2.0000000000000000     
   8.0000000000000000     
   2.0000000000000000     
   2.0000000000000000     
   4.0000000000000000     
   13.000000000000000     
   18.000000000000000     
   9.0000000000000000     
   19.000000000000000     
   3.0000000000000000     
   14.000000000000000     
   19.000000000000000     
   21.000000000000000     
   4.0000000000000000     
   6.0000000000000000     
   22.000000000000000     
   13.000000000000000     
   10.000000000000000     
   18.000000000000000     
   5.0000000000000000     
   9.0000000000000000     
   36.000000000000000     
           1
  0.64210526315789473        5.2631578947368418E-002
           8
  0.89433766441527740       0.56620331770845433     
  0.88439219982179451       0.57109885691217921     
  0.88693881951822118       0.56103329396465207     
  0.87982607829884929       0.56634492196959163     
  0.88487696005798089       0.54627966391601279     
  0.89270092213280106       0.54573267208020371     
  0.90826404615590117       0.54334419724977556     
  0.90514660505914402       0.55574020302365967     
           5
  0.18731185675814246       0.61419134596706371     
  0.17205432954333968       0.61417483198607747     
  0.16483959801037809       0.60787369336071340     
  0.17894736842105263       0.59999999999999998     
  0.19436554335429734       0.60691648162322909     
           3
  0.51753443677792477       0.99192579137310244     
  0.51578947368421058       0.97894736842105268     
  0.52655256140542794       0.97171530280589213     
           6
  0.72755033109598488       0.12471688444802076     
  0.72111334865312937       0.12693162880757039     
  0.71328923571448921       0.12494305242087771     
  0.71374366390469768       0.11657231496076650     
  0.71302645528643283       0.10403708188858202     
  0.72928046735165808       0.10518733648215015     
           3
  0.92903054678462960       0.16335942026374464     
  0.90401756317194937       0.17331603104987600     
  0.91322111376238613       0.14308003203426856     
           6
  0.52775658094691202       0.42547618721249303     
  0.51495208415112570       0.42115658171202214     
  0.50499902399818775       0.42221453016345611     
  0.52274718352380756       0.39984281882192607     
  0.52905725864668496       0.40060860099195017     
  0.52847777722199873       0.41216623573223499     
           8
  0.92944851593485311       0.24553700913775345     
  0.92402820206492620       0.24760563149467776     
  0.92352412905433889       0.25738746765528425     
  0.91144923357709362       0.25720049900672659     
  0.90102758319195031       0.24529445484012952     
  0.90114135267468987       0.23819300760690371     
  0.90765183906691127       0.23314937015081919     
  0.93081240342741600       0.23055810576206148     
           8
  0.21378800596585862       0.87774202048668959     
  0.21201499110186200       0.88858141616240383     
  0.20629416732793213       0.88568489505039605     
  0.19113326262396671       0.86897497534644674     
  0.19252716313727680       0.86314100363545421     
  0.21092661641906885       0.85986223125469141     
  0.21524628698730999       0.87051770027938769     
  0.20949817877224422       0.87338024077903154     
           8
  0.73502920344043599       0.91287746946193771     
  0.74177596787248157       0.91668758304910325     
  0.71388794666892141       0.92702368159765980     
  0.71604407475503096       0.91647740551682144     
  0.71265826613725924       0.90693090216919670     
  0.72639266509022904       0.90771771609052421     
  0.73196567759324316       0.90276974709666347     
  0.74112148350363638       0.90588050539899612     
           3
  0.72631578947368425       0.45263157894736844     
  0.71219680813412811       0.45781465610814248     
  0.73023631864805072       0.44125041332539583     
           7
  0.52479832977892316       0.71500791795903085     
  0.50120131036187210       0.71849193474336215     
  0.50612915467566966       0.70453769785642761     
  0.50560002588877262       0.69562527685954767     
  0.51138892502269950       0.69732033610948685     
  0.51934885891718208       0.69136364267743400     
  0.53075220244962107       0.70344122702190526     
           7
  0.18780332080532605       0.65128263480260584     
  0.17305050610745246       0.65223246774827559     
  0.16701870113120057       0.65411115783160301     
  0.16398678984543141       0.64911021702760252     
  0.16478188308555863       0.63957678689630060     
  0.18319940445037081       0.63041584331318434     
  0.19363217104567212       0.64342056609228926     
           7
  0.48248673564047245       0.65103258926441332     
  0.46804181612501289       0.65725096292568252     
  0.45948295766526803       0.65753686995859018     
  0.46292637882053700       0.64480947495337093     
  0.47844474694221267       0.63313442693521271     
  0.48580988955955356       0.62906463204282370     
  0.48383458209700742       0.64504919163890362     
           3
  0.23617476930386808       0.57310818276791020     
  0.22105263157894736       0.55789473684210522     
  0.23247572703476097       0.56143522429870529     
           5
  0.76219400530822001       0.40430729567253038     
  0.74414238277625899       0.40303631679718482     
  0.73232939935918917       0.37820541545108771     
  0.75133108839753804       0.37433813305286967     
  0.75874111624462293       0.38172853241569443     
           5
  0.56835494343351689       0.25196535051152968     
  0.54719064030355713       0.25023434728619720     
  0.54696356574955840       0.24128736124902322     
  0.57009395397303575       0.22680966987683598     
  0.57296042109783563       0.23716257996818219     
           5
  0.82262699542213269       0.66332575762630552     
  0.80995591106566345       0.67249143357076602     
  0.80192938515165746       0.67362484795078792     
  0.80015259113887993       0.65190333431801184     
  0.82539434432529835       0.64842666207626554     
           3
  0.92270136016709037        8.4546763026396604E-002
  0.92888384990443529        7.6896823953542609E-002
  0.93684210526315792        7.3684210526315783E-002
           4
  0.22793045729610281       0.88241901478018170     
  0.21629018171635092       0.88145101978233042     
  0.21138843024149714       0.86961893701429915     
  0.22625853351603004       0.85880257984104102     
           3
  0.81052631578947365       0.26315789473684209     
  0.80599642139545657       0.24816844437784755     
  0.81935519333616613       0.25066189068954453     
           7
  0.90375074155758572        1.0016427386572346     
  0.89788157736502672        1.0129635860733819     
  0.87976369994358439        1.0125354727655229     
  0.88117778059015051        1.0053613139134867     
  0.88028946881763970       0.99593308288533233     
  0.88726044440376806       0.99152026437329221     
  0.89648946082431602       0.98687029675800575     
           5
  0.44815114845534654       0.99046136833756959     
  0.43937822899565254       0.98383238247968319     
  0.43793171957565508       0.97221529855813804     
  0.44291697209916014       0.96350827040698395     
  0.46719636908606671       0.97530369687042340     
           7
  0.80489178260193228       0.26878793767657372     
  0.79888197329963873       0.26888498895143992     
  0.77653554299229288       0.27240932530970108     
  0.78010046066586025       0.25862779269966368     
  0.77432209083483983       0.24816726188571980     
  0.79007545719084971       0.25479151829402308     
  0.80194961949058852       0.25537759608283916     
           4
   2.2722643574102173E-002  0.45068523087246809     
  -1.4742547162886754E-003  0.46341464965255208     
  -1.3594250786314738E-003  0.44317598186866974     
   1.6537402424326168E-002  0.44304742546847015     
           6
   8.2942963212550624E-002   7.3527766005456158E-002
   8.2149614621833331E-002   8.1428274517280227E-002
   6.5332228533039105E-002   8.3955546973856460E-002
   6.1365639902790751E-002   6.4141313372370293E-002
   7.0578020970924693E-002   5.8498176004328342E-002
   8.4822760139875789E-002   6.1970342065143041E-002
           6
  0.86487997002943040       0.73265044230268472     
  0.85710603108771188       0.73814463736801550     
  0.84168479781709471       0.74173718175879411     
  0.83994927032043376       0.73256663094967145     
  0.83920818276744069       0.72111631717915270     
  0.85396433793278104       0.71439923244328218     
           8
  0.23613309405354085       0.61361098673289471     
  0.23005671565103147       0.60926996375926301     
  0.22663407987171613       0.59987424139057954     
  0.23175411180547056       0.59667193089043158     
  0.22822117025621602       0.59068178828565887     
  0.23343693750738220       0.58683025641043318     
  0.24510849263747048       0.58727450162432970     
  0.25191444228954263       0.59524279212901299     
           6
  0.86432030827062523       0.16838846209930733     
  0.85007959438075564       0.17065867305725541     
  0.84364427442375434       0.16985957291673673     
  0.83897078800957736       0.15602807767192109     
  0.85626489297294728       0.14830666888960836     
  0.86150919480537125       0.15970718043167315     
           3
  0.81367854992957500       0.38359734353442360     
  0.80040834532884897       0.38380345621938528     
  0.81052631578947365       0.36842105263157893     
           4
  0.50664576846832421        4.6113109859731452E-002
  0.50133719736568161        3.7972522580557957E-002
  0.51140546995195824        2.3109553365760954E-002
  0.52362608477274719        2.6937233031035953E-002
           8
  0.23162673157592112       0.98378877941943310     
  0.22887932470467590       0.99334591868078137     
  0.21781538628006569       0.98988503921139281     
  0.20931015605961187       0.99379868069498289     
  0.21198206977297854       0.98459305130892838     
  0.20658370632939566       0.98411955820437869     
  0.20729000475180742       0.96806335083455874     
  0.23404217433040519       0.96685469514957856     
           3
  0.44569341662981621       0.40132186961481320     
  0.42181190378221123       0.39043241391888522     
  0.42112614306308399       0.38020286936492420     
           3
  0.75822823417652152       0.96665381283015417     
  0.74466164245162680       0.96927585421658058     
  0.73801690246708318       0.94669695167089574     
           7
  0.33860448575826124       0.13957092321290349     
  0.33110143798396308       0.14751206403909684     
  0.31957537509446771       0.14689161054653116     
  0.31314895532445403       0.14090173184533347     
  0.31388710282037502       0.13389375065859904     
  0.32628210569436661       0.12791323654145453     
  0.33461413816649066       0.12285799858591712     
           6
  0.73443352388876926       0.36236932968000579     
  0.72134723024149772       0.35804241185371238     
  0.71179009194593146       0.35798150292877523     
  0.71318755778097243       0.35015940504413123     
  0.71612266932767310       0.33791983243874585     
  0.73843875548072757       0.35064044719203175     
           8
  0.96789569591832714       0.49387976046161380     
  0.97020031806891505       0.50265368589152271     
  0.96104112668848996       0.50455382126830250     
  0.94678371723617616       0.50481891249591160     
  0.94508309271707247       0.49411306469964944     
  0.94711214302986246       0.48368250583908973     
  0.96041167955870310       0.48117420094024860     
  0.97064847028961687       0.48166846169072153     
           6
  0.13834741769047712       0.73566721511187805     
  0.13171887401666693       0.73765775304535308     
  0.13252990434871670       0.71738182858633592     
  0.13937007542444427       0.71235994567579575     
  0.14647775170746197       0.71478766512138148     
  0.14765135274384408       0.72100969494556189     
           6
  0.69027061855297223       0.79869033853950910     
  0.67257659583022389       0.80228196817603437     
  0.67086704480296555       0.79632451908431823     
  0.66970972193816469       0.78509252075707714     
  0.69252245390556733       0.78702338916681602     
  0.69618617584949827       0.79321728319127693     
           3
  0.97298848828377882       0.28666437349018381     
  0.94353058781285304       0.28590772829674893     
  0.96731886668997480       0.27757605469197272     
           5
  0.10989149774386583       0.89928446674430584     
  0.10171615630407352       0.90665012366226150     
   8.1148045426367998E-002  0.89562316636216655     
   8.4249196401791640E-002  0.88803628960572734     
  0.10437633218953200       0.88589828613693011     
           5
  0.16145383549724326       0.21223921538769902     
  0.15474236509803613       0.21346627092348852     
  0.14758689044037054       0.21252761932782027     
  0.16478971577271015       0.18747642017689564     
  0.17171943382305430       0.20161881554157704     
           5
   7.1458382266249065E-002  0.40486843190679389     
   5.8322051301851474E-002  0.39535591995369801     
   6.5370218222407961E-002  0.38817760058425055     
   7.7871965840176194E-002  0.38085182849411264     
   8.2898670987458845E-002  0.38782367462473549     
           4
  0.64210526315789473       0.11578947368421053     
  0.63100495264891243       0.12012787094762706     
  0.63214637493412174       0.11176078209714582     
  0.65307452437951963       0.10672807317236049     
           3
  0.63492563884232567       0.88241759229839811     
  0.62105263157894741       0.87368421052631584     
  0.61323184477157888       0.86568744764601824     
           8
  0.90769670580920558       0.74164651689855099     
  0.90129820354331713       0.74053746624706518     
  0.89830498199482600       0.73573481057905121     
  0.88206227057531927       0.73878304306415843     
  0.88296612117714190       0.73077518006848641     
  0.88391387926239584       0.71779452904900176     
  0.90106824810442110       0.71412669199383516     
  0.90681524258528212       0.72350086496639965     
           5
  0.16467708187679830       0.31892683311765069     
  0.14632711502711329       0.31813247511161502     
  0.15333683055677655       0.31476175829575370     
  0.15789473684210525       0.30526315789473685     
  0.16929216064089331       0.31071352525374896     
           8
   2.2086331967530057E-002  0.15092109679130172     
   1.2729892989436479E-002  0.14989199313899962     
   3.5999248650125356E-003  0.14766348409194005     
   1.9254116788600152E-003  0.14243738967462907     
   1.4249879230411709E-002  0.12726899289404481     
   2.2834355104820694E-002  0.12416155459036335     
   2.5295350516584936E-002  0.12990511917521380     
   2.0586364761583001E-002  0.13854108772836932     
           3
   1.8159631278665669E-002  0.88828546999706548     
   9.1786688670374619E-003  0.88302119147988112     
   1.0526315789473684E-002  0.87368421052631584     
           5
  0.89522194831406798       0.33826661625845900     
  0.88274522811897538       0.33285486172649542     
  0.89671261558570703       0.31816360641504166     
  0.90580711353016086       0.31239444149689788     
  0.90933271235307733       0.31879635954684588     
           3
  0.99439441859063116       0.27791466489557987     
  0.99295620953483532       0.25102558085070126     
   1.0000000000000000       0.26315789473684209     
           5
   6.0119021375094173E-002  0.35574543238409956     
   3.9330488971543814E-002  0.35472320047357075     
   4.0734660116706546E-002  0.33577627279643391     
   4.9954534558778636E-002  0.33225329419813793     
   6.3685788737690763E-002  0.34209637903719181     
           6
  0.54587096088986520       0.12115868120905429     
  0.54805763928871765       0.12878760336328887     
  0.53829797314736882       0.12991805811113197     
  0.52201598098956936       0.12283505140688282     
  0.52779440587017201       0.10326555629862418     
  0.53828192364993621       0.10781610877913249     
           7
  0.54597781044262672       0.90052231626496848     
  0.54288412500643490       0.90976153388195713     
  0.52727819875828885       0.90474363016683401     
  0.52511534128957726       0.89505490561067136     
  0.52628048347258316       0.88292996374947974     
  0.53943468620676138       0.88326086788429914     
  0.54908785119765424       0.88756974404964206     
