   98.000000000000000     
   100.00000000000000     
          52
           8
   2.0000000000000000     
   12.000000000000000     
   14.000000000000000     
   2.0000000000000000     
   17.000000000000000     
   20.000000000000000     
   2.0000000000000000     
   26.000000000000000     
   7.0000000000000000     
   24.000000000000000     
   23.000000000000000     
   13.000000000000000     
   25.000000000000000     
   20.000000000000000     
   3.0000000000000000     
   18.000000000000000     
   23.000000000000000     
   6.0000000000000000     
   2.0000000000000000     
   13.000000000000000     
   22.000000000000000     
   3.0000000000000000     
   6.0000000000000000     
   7.0000000000000000     
   1.0000000000000000     
   18.000000000000000     
   18.000000000000000     
   10.000000000000000     
   2.0000000000000000     
   9.0000000000000000     
   10.000000000000000     
   8.0000000000000000     
   30.000000000000000     
   16.000000000000000     
   23.000000000000000     
   2.0000000000000000     
   18.000000000000000     
   22.000000000000000     
   1.0000000000000000     
   8.0000000000000000     
   4.0000000000000000     
   26.000000000000000     
   21.000000000000000     
   2.0000000000000000     
   15.000000000000000     
   25.000000000000000     
   22.000000000000000     
   19.000000000000000     
   3.0000000000000000     
   3.0000000000000000     
   5.0000000000000000     
   13.000000000000000     
           1
  0.24489795918367346       0.64285714285714290     
           8
  0.36995775273306114       0.61792261272553062     
  0.36868838788583475       0.62598775499798709     
  0.36086838555204004       0.62524422019933001     
  0.34881322187390373       0.62637871391771993     
  0.35184288090969928       0.62175285556826498     
  0.34476525402950498       0.61489311626489074     
  0.34626116176674643       0.60431915094336874     
  0.35636059403771625       0.59845975258354500     
           4
  0.81826258488935355       0.47149784786838356     
  0.79302984160103884       0.47354374432809293     
  0.79247434720479004       0.46104510003110077     
  0.80413860057274689       0.45673644761970095     
           5
   3.8358777865086693E-002  0.46415690180852465     
   2.4225003613306609E-002  0.47071045990706306     
   2.0718354696284129E-002  0.45030653315207703     
   3.5655820448844251E-002  0.44597638206230716     
   4.5352504065002942E-002  0.45480589872683064     
           8
  0.43994115057570882       0.51182411515423176     
  0.44054242807439992       0.51940603383904538     
  0.41776817399864924       0.51965212456325949     
  0.41506363006467373       0.50578273441166255     
  0.41845999825748181       0.50026678422502557     
  0.42394663505164387       0.49941384257787308     
  0.42977248856459566       0.50024139689779024     
  0.44022093004261187       0.50576617896425158     
           6
   4.0034355050215797E-002  0.41762082493428593     
   4.5517713440132390E-002  0.42361920940193010     
   2.3356728291736625E-002  0.41615702842270103     
   1.5515567229112171E-002  0.40053180266038169     
   2.1865047349875780E-002  0.40484354430264696     
   3.9130481250755293E-002  0.40432311326090131     
           3
  0.29654023991197548       0.99258198475105830     
  0.28582477476291440       0.99067166792245409     
  0.29591836734693877       0.97959183673469385     
           7
  0.49160534800371991       0.31737779117614190     
  0.48350521373327654       0.31676823355211609     
  0.46554069816726629       0.30762597668178737     
  0.46523797119767113       0.29971403273888475     
  0.47596420124241673       0.29669555253003460     
  0.48737057707919357       0.29484187239396159     
  0.49025722575640129       0.30274810174297379     
           7
  0.56436763799104872       0.78634665563494954     
  0.55398457020300196       0.79540682118219552     
  0.54406010357625267       0.79921915418843292     
  0.53717245796109148       0.79487402345180480     
  0.53563253793714127       0.77817534815095790     
  0.54933889838328498       0.77444804590335403     
  0.56582104791043664       0.77395372774051652     
           5
  0.38046242265920893       0.31474311160382717     
  0.37303691993904120       0.31554769226997803     
  0.35747632634742943       0.31676605184862777     
  0.35756013605427955       0.30047207069538484     
  0.38147126339423254       0.29562758749056267     
           3
  0.84870854646211580       0.88538761389565779     
  0.84693877551020413       0.87755102040816324     
  0.85707305495216546       0.86882910908809896     
           6
  0.32065746514066934        7.6609624831525266E-002
  0.30345460092302018        7.5563795356540189E-002
  0.29524157467220480        6.7098444819336592E-002
  0.29459053039557798        5.9431083997712013E-002
  0.30612244897959184        6.1224489795918366E-002
  0.31562723440423479        6.6297361372541774E-002
           4
  0.57403991523025255       0.31050117241083064     
  0.55856191208230832       0.30590912765993789     
  0.55256518677266719       0.28300673474865617     
  0.57140176385402175       0.29736510743620087     
           5
  0.14078502193558398        2.9337259361050930E-002
  0.12654411994541795        3.1987440202560329E-002
  0.12483489407360268        1.9532828198642032E-002
  0.13436984838361446        5.0666791452959915E-003
  0.14190500307712847        1.9614559580243572E-002
           8
   2.3301200827139101E-002  0.20360021339123588     
   1.3907570052096838E-002  0.20815956332777349     
   4.5650746663374016E-003  0.20483087317739396     
   1.5016942747372568E-003  0.20026510093802824     
  -2.7357219037855585E-003  0.19522186450647444     
   1.2223694586110459E-003  0.18298861960023910     
   1.1401578285932327E-002  0.18597727905981157     
   2.2771400705096836E-002  0.18928497180161158     
           6
   1.0032258015753079        1.8718186360938679E-002
  0.99617655050017906        2.4134605775574726E-002
  0.99189474125049770        1.6394617607974372E-002
  0.98458867703473851        1.1179488131963122E-002
  0.98618758253021421       -2.9522100735919782E-003
   1.0129397991642710        8.7863126046975899E-003
           3
  0.76530612244897955       0.10204081632653061     
  0.75127856431813012        9.7176210850147965E-002
  0.77953725591587919        9.0089744358758134E-002
           4
  0.40752891871660851       0.24722432748896722     
  0.39011976901280287       0.24842044323508661     
  0.38714052848356145       0.23310961347573711     
  0.39322172365240360       0.21983747266310574     
           8
  0.64277551919813325       0.93799623117366338     
  0.63598245763335748       0.94356284541000712     
  0.62942849985466753       0.94090148491937298     
  0.62256509293886531       0.94125164356205093     
  0.62216751201325859       0.91889165078731205     
  0.62917827922242264       0.91716729192497082     
  0.63678256568691516       0.91653498808796074     
  0.64329196532390431       0.91372525623968159     
           6
  0.98940661055958190       0.10296148260894494     
  0.96572173352917567       0.10037974283560788     
  0.97173885164263851        9.4315191967247233E-002
  0.96730915277473617        7.9053041112686545E-002
  0.98370485973142896        8.1577898563794451E-002
  0.99234907054776134        8.8640688293800063E-002
           5
  0.28401066268032904       0.89488156818602294     
  0.26642489421803939       0.90131659099469419     
  0.26686668955666631       0.89239489503909886     
  0.26605322234297385       0.88074974678337759     
  0.27752587566122960       0.87769530502510440     
           8
  0.15436515116476734       0.16588325486990232     
  0.14943724956721074       0.17175150614003379     
  0.14279324176897115       0.17343039066435312     
  0.12869178907652867       0.16564920013070511     
  0.13340781361803822       0.16097257833438272     
  0.13450586044153115       0.15430859267327621     
  0.15734081056908264       0.15198185113005716     
  0.15626481612571647       0.15757139196842754     
           8
  0.54572691747559843       0.50031459085145491     
  0.51980890810724123       0.50806620603473607     
  0.51957073401852749       0.50094387136176832     
  0.51775499466287367       0.49490965827812622     
  0.51747062139125088       0.48571098481413066     
  0.52826002315647702       0.49124468415167916     
  0.54604483775772317       0.48479894026804232     
  0.53834684860472393       0.49033254822828526     
           6
  0.97414914853264234       0.22870642997216029     
  0.97103038951279097       0.22266404674770676     
  0.95455896639755888       0.21758277123481237     
  0.96437231203276008       0.20470392134556376     
  0.97936544954215921       0.20677699341594794     
  0.98422026733993817       0.21161864465993180     
           5
  0.31977990752921276        7.1947821058902683E-002
  0.29858320810419120        7.0927363534955989E-002
  0.29508644207188545        6.1746414542066141E-002
  0.30302709341778206        4.5839508866826799E-002
  0.31633562371699531        4.6539284191724636E-002
           7
  0.19915569827008381       0.42182577532589760     
  0.18813408934698522       0.41652874856113903     
  0.17488610067409002       0.41115289332825589     
  0.16883556205035724       0.41308212450905352     
  0.16987650154852874       0.40686304933772632     
  0.18349785311754996       0.39927527347580766     
  0.18771250711549936       0.39346333862327559     
           6
  0.83290355635137192       0.92698814461679335     
  0.82335677193294654       0.92848006037020225     
  0.82200167930648105       0.92060214115287398     
  0.82333379102380788       0.91394871808805012     
  0.83900845153340831       0.90935759481273559     
  0.85019001937964622       0.90819546008686525     
           3
  0.52510190053126371       0.81691376625609402     
  0.50100997281403981       0.81866815584078911     
  0.51151379374248651       0.79470763412689016     
           6
  0.49340695004623625       0.50914823052924163     
  0.47741711891086552       0.51351701246757198     
  0.48185106046961662       0.50715886901375828     
  0.48056715787531623       0.48771822815431504     
  0.49234212936692134       0.48570509183616162     
  0.50288876038272257       0.49978757933110646     
           7
  0.84645375363139497       0.75809443805030274     
  0.83632433937744244       0.75565837856935580     
  0.83035306467400116       0.75781979331003502     
  0.82554529897648787       0.73841372973841091     
  0.82891958793130927       0.73352082432185906     
  0.83484101252821274       0.72987346362902783     
  0.85017768065952448       0.74417933518635837     
           8
  0.65380483588734839       0.64730938046300790     
  0.64619865271270671       0.64703940995679776     
  0.64785153494845749       0.64179852465851961     
  0.64384068791199334       0.63468768327447644     
  0.63830371800253982       0.62593675084752698     
  0.65174465196927955       0.62169218061209730     
  0.66168585104279509       0.62032048219776370     
  0.66278879519944345       0.63401450861165054     
           3
  0.36210703688926560       0.79860368280489280     
  0.34432414473094114       0.80638419173740472     
  0.33486084951364697       0.78619538671893219     
           8
  0.86126871073562394        6.8120717152826180E-002
  0.85883811537233834        7.4096450693749802E-002
  0.84954717197559959        6.9881512250580841E-002
  0.83553675932208238        7.4399332348463312E-002
  0.83435223649283552        5.2544813484787754E-002
  0.84063858784838552        4.9026324751865288E-002
  0.85249665245259598        4.9651140943500385E-002
  0.86197712513206792        4.8784221439012301E-002
           3
   3.9718801086912371E-002  0.78850675008535087     
   3.0612244897959183E-002  0.78571428571428570     
   2.7028486422245326E-002  0.77031081141769531     
           7
  0.19454731941112569        8.1604516588876311E-002
  0.16855970641294271        9.6605784399447059E-002
  0.16977555607986247        8.7407267611109410E-002
  0.17541978938730080        7.1365875038867155E-002
  0.19023590071226909        7.1830246283951557E-002
  0.19574455314812109        6.9285396906381927E-002
  0.19643423163414697        7.5787519274949824E-002
           7
  0.55620043730379332       0.88385632610618303     
  0.53555144506786467       0.88835785474835882     
  0.52958199577575304       0.89022322457326064     
  0.53234957432819030       0.87936478750610403     
  0.54465294869845404       0.86818342322859754     
  0.55252629505500084       0.86718368752446950     
  0.55483784752640508       0.87387672387010040     
           7
  0.90869159947056133       0.52842643707837877     
  0.88567230592070023       0.53006659330424399     
  0.88337550441489099       0.52348717063939654     
  0.88330852053707654       0.51281552905081429     
  0.88638606615636739       0.50765041801175226     
  0.89621685692362152       0.50919030432634760     
  0.90857646820529558       0.51391071608918759     
           4
  0.79174731430346112       0.53394512636285596     
  0.78473439738368378       0.53051503208310569     
  0.77302311284497516       0.51876412602737187     
  0.78406052003154170       0.51080096868911407     
           7
  0.60348506988196404       0.91509937576291822     
  0.60385600659883976       0.92331041627742350     
  0.57833352107768687       0.91884870752829229     
  0.58045249139890021       0.91028979159211543     
  0.57849968413763275       0.89275954080736275     
  0.58636800001123601       0.90013967767391501     
  0.59661663515169516       0.89289852293410410     
           3
  0.11294540375010337       0.46423620769951091     
  0.11388282809399478       0.45287899006925719     
  0.13781012602928452       0.44103210447950669     
           4
  0.71884242837922829       0.91064065884872913     
  0.70782296605111583       0.91044572088053433     
  0.70255249982030532       0.88934081091816142     
  0.71492458155831762       0.88682205041763151     
           4
  0.38018241100596212       0.18424563068987448     
  0.36618840032637023       0.18564982834083854     
  0.35263356557957481       0.16508370937828651     
  0.37775814594795842       0.17271187256684473     
           5
  0.86127123138641160       0.24727194684973750     
  0.85649542136398449       0.23835745116618509     
  0.85963317991092891       0.22299182176596333     
  0.87866774409206838       0.21954020202210409     
  0.87552217638433605       0.22756019859750631     
           3
  0.96076774119710218       0.30875963474858759     
  0.94897959183673475       0.30612244897959184     
  0.95197924717309723       0.29283615814877101     
           8
  0.70727475503169590       0.68787714683570711     
  0.70197969085240686       0.68701478067605837     
  0.69482198219979385       0.69715295024618296     
  0.68733916271492401       0.69488239373052763     
  0.68194580150871331       0.68365575222168906     
  0.68943715290774910       0.67444352445255995     
  0.69898742695840144       0.66965039126911330     
  0.70311258175371794       0.67743628135128942     
           4
  0.70962486380415168       0.36228820775210768     
  0.71206442917339874       0.35219269873365844     
  0.71536226006096537       0.33227411547653196     
  0.73841004134768218       0.34479135556726553     
           8
  0.58127830856171292       0.75511209936161616     
  0.56785018318340252       0.75780048338858697     
  0.56304522316583572       0.75457374954036960     
  0.55789504685667379       0.74175889898891190     
  0.56151807031843726       0.73562287860509135     
  0.57775875902986651       0.73471767120181652     
  0.58685767914203446       0.73307351184221248     
  0.58601416640675930       0.74304074562989764     
           4
  0.38629521591803379       0.39236697891512951     
  0.37544699323255315       0.38945353316152159     
  0.36452986207713078       0.37449755906914323     
  0.38179829784149771       0.36247798139196463     
           7
  0.81012856609283113       0.21198950232846622     
  0.80141871463786407       0.21683089190304200     
  0.79377397827455343       0.21908787526113480     
  0.78455105011476134       0.21190289820696984     
  0.78345405808972524       0.20531914839758397     
  0.78277681692765078       0.19102099773936296     
  0.81084811010085078       0.19385398956177385     
           3
  0.90007007454520982       0.71461008883736177     
  0.88845086917920224       0.70164718164987394     
  0.90921269833833240       0.70407610005569399     
           3
  0.97734087372292211       0.43634762849701575     
  0.95456755388816650       0.42131977449184549     
  0.97736182412303452       0.41675220557415604     
           8
  0.45922291020912775       0.72081693343424602     
  0.46000886848331279       0.73475533240494262     
  0.45242299970254291       0.73517631522438265     
  0.43735204233718844       0.72616571575675670     
  0.43597802621358678       0.70999791151708846     
  0.44425167648174935       0.71517192817248421     
  0.44701777679892118       0.71044452413456205     
  0.46374893140215440       0.71325454652949727     
           5
  0.19654182463952080        1.6082067368880158E-002
  0.19336678627226347        2.4400419458197403E-002
  0.18472111059189891        2.3693393073649288E-002
  0.17545098271458054       -2.3839080841835999E-003
  0.19204185131553395       -3.2050077910651467E-003
