   99.000000000000000     
   100.00000000000000     
          54
           8
   3.0000000000000000     
   12.000000000000000     
   25.000000000000000     
   4.0000000000000000     
   11.000000000000000     
   20.000000000000000     
   21.000000000000000     
   10.000000000000000     
   20.000000000000000     
   13.000000000000000     
   14.000000000000000     
   16.000000000000000     
   17.000000000000000     
   11.000000000000000     
   36.000000000000000     
   6.0000000000000000     
   7.0000000000000000     
   21.000000000000000     
   11.000000000000000     
   17.000000000000000     
   22.000000000000000     
   10.000000000000000     
   19.000000000000000     
   21.000000000000000     
   23.000000000000000     
   19.000000000000000     
   15.000000000000000     
   22.000000000000000     
   7.0000000000000000     
   11.000000000000000     
   15.000000000000000     
   22.000000000000000     
   12.000000000000000     
   24.000000000000000     
   25.000000000000000     
   2.0000000000000000     
   15.000000000000000     
   18.000000000000000     
   13.000000000000000     
   3.0000000000000000     
   20.000000000000000     
   14.000000000000000     
   10.000000000000000     
   10.000000000000000     
   66.000000000000000     
   10.000000000000000     
   7.0000000000000000     
   12.000000000000000     
   24.000000000000000     
   5.0000000000000000     
   18.000000000000000     
   7.0000000000000000     
   11.000000000000000     
   12.000000000000000     
           1
  0.36363636363636365       0.64646464646464652     
           8
  0.95067657855983490       0.48385491138643472     
  0.94284184403931925       0.48477906085139916     
  0.93837583563311244       0.48054794980688997     
  0.93534913006686538       0.46999048923712444     
  0.93851421358052145       0.46365671352180615     
  0.94413354355069501       0.46358819769639015     
  0.95839647608941192       0.46394154337806803     
  0.95761566898665917       0.47185872154073366     
           5
  0.10572609728829559       0.24606265073550770     
   9.7460032688938977E-002  0.24121701540147039     
   8.7446781219931102E-002  0.24649056532383426     
   9.1490885747647729E-002  0.21843519362417213     
  0.11417793182567049       0.22911523124191804     
           8
  0.17501415045513935       0.47672837879484603     
  0.16012786148730015       0.47971820585933317     
  0.15935908246422270       0.47402466401032728     
  0.15336593017480818       0.47931826655486787     
  0.15279499680853836       0.46984542832957049     
  0.14805941843510784       0.46605163556752272     
  0.15456752814616295       0.45415740607123417     
  0.17182324255141998       0.44974113307231384     
           4
  0.23816222214768520       0.81059152145628000     
  0.23830638058988091       0.79838163742958201     
  0.25252525252525254       0.79797979797979801     
  0.26209339573980711       0.80195714240296256     
           7
  0.42943167795110493       0.30840792445752629     
  0.41674289329798814       0.31793093655942473     
  0.40565017923547098       0.30507570701388009     
  0.40339717051579210       0.29039422408026588     
  0.41583357706564000       0.29283791688696947     
  0.42042006992975972       0.28767999241948261     
  0.42270040079372623       0.29920763629229158     
           6
  0.82624812127474279       0.46179452316292752     
  0.81269868765557340       0.46275625551105637     
  0.80676556161151536       0.45972530393473598     
  0.80692088988295430       0.45030389275740690     
  0.81892581087734673       0.44436470530711281     
  0.82572047163910745       0.44001995674676064     
           8
  0.14952829056919437       0.80795862807814955     
  0.14270579533095681       0.80684644859464383     
  0.12886838197567857       0.80707059230549882     
  0.13217096233561273       0.79986072147031650     
  0.13009997022618944       0.79277542762163600     
  0.13709096294384596       0.79003441933394014     
  0.13677875799340444       0.78285315576520131     
  0.14327297813968054       0.78410747401638181     
           5
  0.43145233800079746       0.57428836541490502     
  0.43840706843918387       0.57856338690491327     
  0.41122734490717983       0.57778267040116260     
  0.41220595417577449       0.56535524319993369     
  0.42066722049699384       0.55280877541214968     
           3
  0.91930775511156859       0.16681459111305533     
  0.90909090909090906       0.17171717171717171     
  0.91755388192935183       0.15702834470161597     
           7
  0.41902578669846158       0.40178860666620275     
  0.42216784227680215       0.40913382445860708     
  0.40087519595141757       0.40803644553925622     
  0.40067654278363790       0.39824390500903012     
  0.40082808884816451       0.38690255800389145     
  0.40432687179631305       0.37912214481923479     
  0.41658189598633338       0.38462949548505260     
           5
  0.21996974966154195       0.15671070452421584     
  0.20933586876179536       0.14951247327812117     
  0.20189373044782868       0.15250618127257765     
  0.19785213101409582       0.13019324393697165     
  0.22059723948353702       0.13036604217053777     
           4
  0.42408739112113680       0.46917147830014344     
  0.42371188116582770       0.47685627349613346     
  0.39948594215606886       0.46317753809222173     
  0.40703224275412864       0.45388229005854253     
           4
  0.65669472505571991       0.98128454471551185     
  0.64192213383081698       0.98411624914941653     
  0.64274474389011604       0.96983378056933456     
  0.65922441539109211       0.96093514582903883     
           3
  0.13462218148449315       0.50400633483039026     
  0.11976504676452482       0.50381067988386208     
  0.14165774364343170       0.47974872933075668     
           3
  0.21212121212121213       0.14141414141414141     
  0.20113152308192569       0.13396725006069990     
  0.21282098506865993       0.12780347514816509     
           3
  0.59096573244184691        3.2676539011134952E-002
  0.57145405839029062        3.4462721115123343E-002
  0.56942781129359943        8.8116594158611714E-003
           7
  0.14964177405812182       0.43046216458486969     
  0.15563929892636760       0.43701087871035016     
  0.14369096243434964       0.43842775348890001     
  0.13208889875857274       0.43395216273111559     
  0.12773797551452507       0.42205747606296179     
  0.14701065337462824       0.41055732776722581     
  0.15305759138640992       0.41534993271506243     
           3
  0.67615078863658185       0.63599007421517928     
  0.65239264086639370       0.62440769452181843     
  0.68114169893929932       0.61581450020742756     
           5
  0.59482398595517083       0.98440352080092985     
  0.57640153389855719       0.98340189502236908     
  0.57548926056760341       0.97025653483256402     
  0.58176975897425087       0.95505128847535492     
  0.58920843203427786       0.95546467326308415     
           5
   6.4417801415159071E-002  0.51734954633048558     
   4.2450743840808103E-002  0.52458360349649347     
   3.9189183743570333E-002  0.51227344837839139     
   5.8029001633224490E-002  0.50011443490189433     
   6.5893256629991293E-002  0.50216000381464876     
           4
  0.41939478729058688       0.51910728704461151     
  0.40662633103484241       0.51501341234554265     
  0.40387791365204834       0.49642665429081140     
  0.42579996643050216       0.50339218932044894     
           3
  0.50831763445216971        1.0134420446706132     
  0.49755432453866383       0.98859693032113261     
  0.51780739252911390       0.99460029829393171     
           8
  0.86267156625576313       0.87259754617545415     
  0.85387194768438301       0.87003839424169926     
  0.83811447999917843       0.87243625847907025     
  0.84017374902547171       0.86743454140337661     
  0.83468798037106773       0.86213011659848282     
  0.83440866077711295       0.85282449777799452     
  0.84065176390024043       0.85641668664659065     
  0.85881700757181079       0.84985008729920353     
           5
  0.98753199336749731       0.91065918291791881     
  0.97804183603487493       0.92279063911184378     
  0.96477389952911563       0.90800794401696350     
  0.96445064105546918       0.89999296318380229     
  0.97519960540931394       0.89949891142446681     
           5
  0.48018972442449542       0.78132914223663374     
  0.46274520233055610       0.75648299465376267     
  0.46908692266834362       0.75304908514111391     
  0.48276488422013308       0.75458976519270815     
  0.48949775519940414       0.75975361002939146     
           8
  0.12128829457664733       0.55206717411068329     
  0.11489897263040748       0.55687985507682680     
  0.10481952007445963       0.55916882024673020     
   9.9089816032818759E-002  0.55360878933287005     
   9.8909756501670915E-002  0.54808142093812229     
  0.10697650430129936       0.53198085358347280     
  0.12131450234746859       0.53018406020055253     
  0.11683818201796774       0.53758330159511813     
           5
  0.61518105180911953       0.98033313361235619     
  0.59264558869835371       0.98975578105268358     
  0.59169229257849565       0.96526418096619893     
  0.59983887888271559       0.96558562171842310     
  0.61338830010050061       0.96441545930422068     
           3
  0.59925362978326224       0.91211444593129942     
  0.60606060606060608       0.89898989898989901     
  0.61515192078513736       0.90310085871217383     
           3
  0.58585858585858586       0.68686868686868685     
  0.57718880951456364       0.67807750479030282     
  0.59334607483564195       0.67548839025085128     
           7
  0.31049904171712966       0.95193940149897438     
  0.30131263186356599       0.95240263122519797     
  0.29089705860331361       0.94626776000663992     
  0.29439360799612235       0.93177179009856981     
  0.29326526353782578       0.92432832173613599     
  0.31134488315760217       0.92739725394418637     
  0.31277602314517727       0.93799688375629231     
           3
  0.10154644348513440       0.60995969875352563     
   9.1544455329416033E-002  0.61959290789138899     
   7.9427675685802737E-002  0.59495225029918242     
           6
  0.48928426038788414       0.45469951078516324     
  0.48105146880310151       0.45424488967219373     
  0.46491384803550101       0.44793812790379750     
  0.46840115499523122       0.43222362461358149     
  0.48199857037408367       0.43627232254802012     
  0.48520955380809244       0.43078331136222303     
           6
  0.19454238888520861       0.41406656639028899     
  0.18857675100459886       0.41943771961367143     
  0.18157062226821269       0.41437812410042657     
  0.18284625996307186       0.40065058161322320     
  0.18417527123521826       0.39008232426048556     
  0.19364963389781106       0.38990411974103362     
           5
  0.16635988080950051       0.41150473938894733     
  0.15830522685707388       0.41509994154992169     
  0.13918672254738387       0.39777128238875681     
  0.15353192281231792       0.39372694829189592     
  0.16145343177091004       0.40250180952334114     
           4
  0.90270110662787562       0.21996766930061729     
  0.87581952796249984       0.20582704283102154     
  0.87809869344082425       0.19776805021697558     
  0.90004463381166422       0.20550284812462702     
           4
  0.33859375362655314       0.59506148635882283     
  0.32317880850146607       0.59018394613839220     
  0.32049708358175827       0.58284033172728067     
  0.34152392200893544       0.58595650713803549     
           8
  0.21649232529894130       0.52731654426744645     
  0.20697042780016445       0.52999576175355756     
  0.20089166724775542       0.51436645033263373     
  0.19783181847957299       0.50159973655750534     
  0.21147293787254826       0.50041041088984672     
  0.22014958746053145       0.50142498639772148     
  0.22122656099286514       0.50854392256099545     
  0.22655439424314155       0.51027548731784178     
           4
  0.58362777191370374        8.0134295054011082E-002
  0.56145983238158004        7.0940346149176187E-002
  0.56360304343579970        5.8857130249348855E-002
  0.58179434495636373        5.8711488707805418E-002
           7
  0.82843051700018622        6.7048717238090444E-002
  0.81865946634655240        7.4248731843438345E-002
  0.80503271404341925        7.0315273499971159E-002
  0.80911270372775401        5.9729379484090815E-002
  0.80551202740340955        5.0297251989253028E-002
  0.81774849224719981        5.2115749301825914E-002
  0.82902617862629313        6.0596108314921328E-002
           3
  0.48285500892485067        7.1592384088872210E-002
  0.48437297502293697        6.1935675332485882E-002
  0.50542121133541928        5.4800414584011893E-002
           5
  0.53032252680473790       0.79253292732950886     
  0.51422424886907159       0.80016117653344154     
  0.50670108661309599       0.79763303761985838     
  0.50644889404257432       0.78189418353694029     
  0.52595338640080502       0.78270051320532441     
           6
  0.10163286547414652       0.63393711822552523     
   9.1731295647564021E-002  0.63599175210525216     
   8.3792108601760784E-002  0.63833935785241036     
   7.6645036754776519E-002  0.63788210877989027     
   7.9905085476362048E-002  0.62479057331078713     
   9.4475690417443747E-002  0.61779426278193561     
           5
  0.85802945776177153       0.37278832064214618     
  0.83607820751719664       0.36828189849279774     
  0.83566687273283680       0.35951114143059287     
  0.83861915736219306       0.35222823061868835     
  0.84928385056340983       0.35328407882345608     
           7
  0.97157939755236711       0.77055786896940115     
  0.97312033199022774       0.77704435231686941     
  0.96240272486673650       0.78055464077849135     
  0.95806322922561360       0.77578082922430669     
  0.95258040140735167       0.75825542171354354     
  0.96347059447682348       0.75795918723423694     
  0.97302564990417961       0.75773673365695116     
           4
  0.91388360211161546       0.44276908377238933     
  0.88528831902241056       0.44665856776877988     
  0.88575179980489915       0.43795668704769658     
  0.91416349384860263       0.43086690266349947     
           7
  0.11531974833547437       0.50984307679887808     
  0.10948007290851981       0.50542244533057179     
   9.3894858499291051E-002  0.50544317878013501     
   9.2526043606274783E-002  0.49433194551799875     
   8.5625834002405282E-002  0.48167435354723820     
  0.11488525274587476       0.48169436055413795     
  0.11048251107822694       0.49277785677104347     
           3
  0.69696969696969702       0.16161616161616163     
  0.68296480855224928       0.15205346560756339     
  0.69207214677756490       0.14805711848068950     
           8
  0.77214015031957806       0.67855720193472602     
  0.75624878206036383       0.68062609355968207     
  0.74344752672674508       0.68010665875028864     
  0.74283802875846683       0.66977851991428394     
  0.75389227507608358       0.65258251838977432     
  0.75896542745539575       0.65840197927323696     
  0.76665862336921120       0.65207167326142912     
  0.77105557735099184       0.66700977216997714     
           3
  0.97979797979797978       0.11111111111111110     
  0.98778902008087244       0.11719425433919280     
  0.96963358289006485       0.10363552862399400     
           4
  0.75561997411133441       0.70526302535856022     
  0.73254329696330256       0.71152467116355766     
  0.73581027857544090       0.69165899572148171     
  0.74818578861565921       0.68780071101003626     
           7
   2.3751501731712144E-002  0.14362498952426889     
   2.5136723067676978E-002  0.15306503856122175     
   3.4846978015019006E-003  0.15335214499012528     
  -3.3257570705036623E-003  0.13883574565300241     
   3.0779541416648751E-003  0.12927299416194102     
   8.3655007342819387E-003  0.13203047685619046     
   1.9961676450961665E-002  0.13001856268812073     
           6
  0.98007732624732280       0.91909191040189786     
  0.98415868252401872       0.93147433419951464     
  0.96737969142667357       0.93398919615373810     
  0.95544442399858676       0.90846736543362949     
  0.97320468691590134       0.90745076936131963     
  0.98104895692396688       0.91267051978200042     
           7
  0.47638640432137186       0.23219415351947431     
  0.45674095145615673       0.23569778922690629     
  0.45196295312860363       0.22789940861811159     
  0.45516087125928628       0.21858849954506007     
  0.46043318573679876       0.21193028666480127     
  0.46762584012055952       0.20789803450177535     
  0.47385238278817643       0.21057291846480358     
           7
  0.75900518083288881       0.93200629228903609     
  0.76280579946613591       0.94207374729510529     
  0.75615390712937280       0.94167040065288743     
  0.74742226034443937       0.94103217220811608     
  0.74356585300737121       0.91803820828880844     
  0.75588695528958361       0.92446297098002184     
  0.76255479174454011       0.91542484123475476     
