   99.000000000000000     
   100.00000000000000     
          62
           8
   4.0000000000000000     
   18.000000000000000     
   22.000000000000000     
   14.000000000000000     
   5.0000000000000000     
   9.0000000000000000     
   7.0000000000000000     
   20.000000000000000     
   19.000000000000000     
   7.0000000000000000     
   18.000000000000000     
   20.000000000000000     
   2.0000000000000000     
   11.000000000000000     
   10.000000000000000     
   5.0000000000000000     
   21.000000000000000     
   20.000000000000000     
   1.0000000000000000     
   15.000000000000000     
   15.000000000000000     
   14.000000000000000     
   19.000000000000000     
   22.000000000000000     
   21.000000000000000     
   22.000000000000000     
   6.0000000000000000     
   24.000000000000000     
   14.000000000000000     
   14.000000000000000     
   2.0000000000000000     
   15.000000000000000     
   21.000000000000000     
   15.000000000000000     
   6.0000000000000000     
   23.000000000000000     
   14.000000000000000     
   26.000000000000000     
   15.000000000000000     
   15.000000000000000     
   23.000000000000000     
   7.0000000000000000     
   22.000000000000000     
   26.000000000000000     
   20.000000000000000     
   3.0000000000000000     
   2.0000000000000000     
   15.000000000000000     
   2.0000000000000000     
   21.000000000000000     
   12.000000000000000     
   4.0000000000000000     
   10.000000000000000     
   23.000000000000000     
   4.0000000000000000     
   24.000000000000000     
   17.000000000000000     
   2.0000000000000000     
   20.000000000000000     
   18.000000000000000     
   19.000000000000000     
   8.0000000000000000     
           1
  0.91919191919191923       0.93939393939393945     
           8
   8.1865894370734632E-002   5.8456886181490912E-002
   6.7729475659799504E-002   6.0129132937845595E-002
   6.2559223853477633E-002   6.1819432982818827E-002
   5.6708585195657392E-002   5.3972354061580873E-002
   5.6898134726494597E-002   4.6789148198620283E-002
   6.6331495096536131E-002   4.1785766787060405E-002
   7.8227241235234349E-002   3.9065199274632201E-002
   8.6012363137741188E-002   3.5586727535498623E-002
           7
  0.28296446479597287       0.93244207231927712     
  0.26983157012407899       0.92783470621239095     
  0.25718133175556213       0.92766298589621121     
  0.26228905351612430       0.90804090903460355     
  0.27083627374372649       0.91007694998303656     
  0.28086798272443120       0.91314183684409544     
  0.28220934554680505       0.91901147028891261     
           6
  0.22157062417847825       0.48909797749100348     
  0.20704839218967791       0.48620086829685144     
  0.19752920873753663       0.48873002110906372     
  0.19857348896139115       0.47876580489050852     
  0.20554044575572644       0.46655903572677659     
  0.21148165440309832       0.46275155294872394     
           7
  0.34311369343317261       0.11570824406169081     
  0.33134848183413468       0.12108799665455809     
  0.31973773013638712       0.12429687725920018     
  0.32286429472544764       0.11413552843123576     
  0.31840111802599969       0.10436239632654704     
  0.32315751424922923        9.6346035591648657E-002
  0.33979175368182213        9.7748120154345891E-002
           4
  0.20280370054304039       0.99913208977924739     
  0.19191919191919191        1.0000000000000000     
  0.18117398861178516       0.99442079536464545     
  0.19789368268428159       0.99210470053497579     
           4
  0.60273965568976484       0.26077835583185727     
  0.58602676889149774       0.25229089017652506     
  0.60070258862485937       0.23835878923716539     
  0.60893735151793338       0.24788798395005157     
           5
  0.70507239730608584       0.81047179397365732     
  0.69834698250451432       0.81283873567765264     
  0.68281304426409417       0.80391621099607014     
  0.68239532693274929       0.79529245665405790     
  0.69696969696969702       0.79797979797979801     
           5
  0.12041977260821843       0.73388117159007360     
  0.11673843677951838       0.74840197081451620     
   9.8643268530646117E-002  0.73499928854255392     
  0.10126705706784780       0.72658658194578596     
  0.12454454996043539       0.72208365994528267     
           3
  0.20161362627620952       0.36606680352828808     
  0.20180755790191574       0.33862340228642979     
  0.22217654984751142       0.34678497150466364     
           7
  0.61105407050595706       0.46499337600295154     
  0.59839089186618810       0.46645799905135277     
  0.59129637782093014       0.46343816572069108     
  0.58090149365027810       0.46064201117513037     
  0.58223804945064006       0.44832673489543201     
  0.59692366778438899       0.44256293759388698     
  0.60490723267418234       0.45616016407991178     
           8
   1.0154405870697509       0.82331896201732657     
  0.99372609573786475       0.83367459345023454     
  0.99623822015348318       0.82672427225253020     
  0.98889611247133846       0.82574434744925818     
  0.98773867510121527       0.81207768318021167     
   1.0042122104148130       0.80461413660909964     
   1.0129141853295314       0.80943377094422608     
   1.0118865363875869       0.81718975069577904     
           3
  0.70787110872086201       0.48837419820384081     
  0.72617050503592617       0.45956562679143098     
  0.72720299010967304       0.47048380501409492     
           4
  0.54481179710781613       0.84495442578129820     
  0.52898085960421592       0.85290202309784180     
  0.52592106407030392       0.82702676108335327     
  0.54067962221003363       0.82633145294970900     
           5
  0.89369570536587006        1.3891988581775032E-002
  0.86891734989301239        2.3901342992551932E-002
  0.86487336133461179        1.6168509285286917E-002
  0.86887689878521790        1.4100211868909793E-003
  0.89442846453509461       -4.1463722388244278E-003
           8
  0.80605764639735789       0.67851708298792546     
  0.81361999426512910       0.68727796314539158     
  0.81003861374605668       0.69136650211730377     
  0.80271867754972914       0.68738248407130187     
  0.78474847615941667       0.67697303446637913     
  0.78788060297786922       0.66638601118882568     
  0.79554471265318616       0.66377308698811854     
  0.80392254556053599       0.66752170634414920     
           7
  0.60573962037121964       0.65552087767729050     
  0.61154018244904151       0.66692145114812917     
  0.60167432803781906       0.66537575291629980     
  0.59473454725183950       0.66477937530229592     
  0.58180946460506688       0.64689299862226790     
  0.59914750275524897       0.64437208555710745     
  0.61063907848946941       0.64158748125750265     
           6
  0.68794682021670572       0.21725077967091885     
  0.68032030578485991       0.22565986860728740     
  0.66596887084938827       0.21344021020554158     
  0.66412248074027735       0.20278606900723256     
  0.67688256182043349       0.20218632161064007     
  0.68239342715473972       0.19667369200729079     
           5
  0.28377269033190716        2.1541843132896962E-002
  0.27633553103522174        1.9500518065083829E-002
  0.26222690115422687        1.8669310415109101E-002
  0.26230065877477393        6.1794543836012489E-003
  0.28800516153347361        4.1602898836116111E-003
           8
  0.82807078061302297       0.95367588798308589     
  0.82119440787481313       0.95446451235336682     
  0.80824618045193064       0.95452749357901490     
  0.80255602341343457       0.95180649382191018     
  0.80966309660596691       0.94678443309360227     
  0.81441336376789886       0.92966700297359561     
  0.81975304850515640       0.92703070327581483     
  0.83042895423528529       0.92614966120956244     
           6
  0.60722303452554449       0.91221653897183463     
  0.58664733057547547       0.90451867274086417     
  0.58456278939249195       0.89808882357808606     
  0.59275350414348804       0.88727805051203157     
  0.60240879675492809       0.88719065120109808     
  0.61097667111504883       0.89202379663341436     
           8
  0.97384329351014365       0.24790489822178652     
  0.96673584161337578       0.24656207686334247     
  0.95771013389010728       0.24754883208873932     
  0.95132726163210934       0.24721105462983781     
  0.95006011052552297       0.23648354385892070     
  0.96273718245056317       0.21809652945032595     
  0.97151204965102345       0.22718598029735582     
  0.97047156864111928       0.23839687615136354     
           3
  0.72233659901140390       0.26662596536597977     
  0.72364678728884979       0.24939869603275630     
  0.74767117904149105       0.24537971467941325     
           3
  0.41414141414141414       0.25252525252525254     
  0.40277862977684553       0.25997495206961629     
  0.40782321352412459       0.24350634284100942     
           5
   4.4773363025595633E-002  0.66368574122880108     
   2.7049866250129100E-002  0.66759794426996266     
   2.1102471065293379E-002  0.66133835573572997     
   2.4841287739443819E-002  0.64249413295716695     
   4.0193110815489042E-002  0.65833584217652608     
           8
  0.61157293373298982       0.83573007923196696     
  0.60351265906424667       0.84761249173095654     
  0.59294864670441216       0.85088413148430175     
  0.58081144212694080       0.83354546376383731     
  0.58895570941567166       0.82467605775926767     
  0.59562731744425501       0.82577596625351490     
  0.60361947323525866       0.82724369630924477     
  0.60385268683969051       0.83394541922515786     
           4
  0.84842294465418910       0.98197570916722199     
  0.83838383838383834       0.97979797979797978     
  0.82804795027561362       0.96684131269966178     
  0.85103137927099581       0.96593649940644410     
           7
   6.3174413910380783E-002  0.84695652016600564     
   5.8950499092255922E-002  0.85162843684714273     
   4.8196002495976206E-002  0.84637368530991530     
   4.2226488316237688E-002  0.84400040481419358     
   3.7219543076254608E-002  0.83568895926952080     
   5.3625916738815622E-002  0.82636030983346154     
   6.5518107197499717E-002  0.82648613755176115     
           6
  0.72966220429595252       0.36085642191512468     
  0.71751156070337152       0.36807506415960889     
  0.70287329395545262       0.35578974453650591     
  0.70888100162348633       0.34271053591287054     
  0.71955896745801085       0.34515031381123368     
  0.73168571297665741       0.34322035293358155     
           4
  0.38752830387503412       0.99392325413016147     
  0.37397851978805663       0.99460692228331271     
  0.36472229226025749       0.97155994030343185     
  0.37258169484120529       0.96438264655584360     
           8
  0.30430194163378593       0.94121745565707171     
  0.30434902486145665       0.94996139776470501     
  0.29478297401973613       0.94737419927215305     
  0.29039696928458036       0.95119273184682307     
  0.28460389785409274       0.94047404966577153     
  0.28496806354948695       0.92554938778141693     
  0.29145159085991940       0.92721548234315532     
  0.30337339150018067       0.92414595800238497     
           7
  0.20618869775649587       0.22470613452540450     
  0.19704731284204169       0.22231432357081210     
  0.18428353595547348       0.22340536182938928     
  0.18221203826178264       0.21707395490850784     
  0.18038992128665168       0.20743476652705142     
  0.18606831396115817       0.20025222839633186     
  0.19608695080923608       0.20273726449738519     
           3
  0.84125111283330445       0.14573206618898088     
  0.82930173860354717       0.12361923646869073     
  0.84970156179678635       0.11780455639025914     
           6
  0.99201119118201542       0.68811521711897172     
  0.98393924737925842       0.69169462193309117     
  0.96981737016755332       0.68733900933524827     
  0.96754836659734933       0.67968192495876611     
  0.97434366690713869       0.66235324453485256     
  0.99164570108590033       0.68078067608739001     
           8
  0.32182239236138749       0.84789984247607453     
  0.32531489484464293       0.85259917700859944     
  0.31324762166303133       0.85237335877779574     
  0.30068473488113440       0.84906208791773630     
  0.30487478219988218       0.83863949226143464     
  0.29804242326090280       0.82788752955799438     
  0.32134646563810676       0.83135483090697171     
  0.32737549643907826       0.83231661681231128     
           7
  0.66729403651152908       0.17627635834300576     
  0.65654582770289105       0.18279038985688506     
  0.65003651929261386       0.18606831480320862     
  0.64409397439361482       0.16741741648455033     
  0.65466721056302002       0.16265357111402343     
  0.66158088260731107       0.16268729176711608     
  0.67002527986836302       0.15826223768375419     
           7
  0.20452735139954106       0.64929265325535324     
  0.19751486689279230       0.64759567062575929     
  0.18535639055088696       0.64838271343211218     
  0.18201837341994551       0.64194026226638412     
  0.18246796998054698       0.62289783967005163     
  0.19602703850184169       0.62174088601514610     
  0.19720268173553465       0.62835995316034587     
           3
  0.59595959595959591       0.23232323232323232     
  0.58194597936272419       0.23190921949251089     
  0.59209795587308278       0.22159242732753806     
           3
  0.18522490013676085       0.26498915258598321     
  0.16856467733719574       0.26513158391950148     
  0.16698012308873356       0.24137975204810772     
           5
  0.45991206948961916       0.28446000980319763     
  0.44475818312081783       0.27718495013166550     
  0.45496577472417776       0.26249038761434101     
  0.46580002440629292       0.26211100437872231     
  0.46682678893245294       0.27079400315012037     
           4
  0.89637365942811220        8.0782002529294544E-002
  0.88814703001750661        8.2738829207264025E-002
  0.89044035247814146        6.0876540457355646E-002
  0.90852394102142509        6.7479238585718831E-002
           5
  0.19164060019552420       0.42735352046641684     
  0.18395723050905471       0.41929698336650417     
  0.18179257730208739       0.41246859551605713     
  0.19815816211331511       0.40627552323221711     
  0.20644405344541897       0.39862646352268699     
           5
  0.23277107026245919       0.40794654501253197     
  0.22434284915312683       0.40251398951901268     
  0.22114995636845977       0.39351476628258586     
  0.22462087565479497       0.37980221093164224     
  0.23749491825601293       0.38504911655673069     
           3
  0.22873313015587099       0.22614179525634515     
  0.22295053724418332       0.20371545086163353     
  0.23618363984096280       0.20213626135661336     
           6
  0.84758693023000742       0.62265114006620970     
  0.82376208807399620       0.63104124826757835     
  0.82303508687090265       0.62064032739398278     
  0.82910854134045386       0.61695020037938442     
  0.82751568760937566       0.61022573725077001     
  0.84692464105336307       0.60424783622989020     
           5
  0.12040203853607617       0.95087836925682512     
  0.10760261733049710       0.94765907556846052     
   9.7222640287956491E-002  0.94498018627924874     
   9.9425299394889269E-002  0.93320328795204732     
  0.12377018360054792       0.93152397082551464     
           3
  0.16406086036733333       0.11957708705674978     
  0.16696151669951786       0.10028157322749423     
  0.18562818261245487       0.10871562888925672     
           3
  0.35353535353535354       0.11111111111111110     
  0.34212598002240840       0.11812085924570374     
  0.34054549783569799       0.10020146000821605     
           7
  0.22059787039791490       0.60158841736396595     
  0.22123905089492069       0.60955504327101384     
  0.21554318846866852       0.60485365533940305     
  0.20701472243863261       0.60498586674585109     
  0.19979311557261556       0.59454510867930255     
  0.21619761410987051       0.58500458283832302     
  0.22761886028402054       0.58971853777408201     
           3
  0.21171590410908356       0.70908925689533664     
  0.21212121212121213       0.69696969696969702     
  0.22711469764698092       0.70047629849565918     
           5
  0.72671914233105339       0.13389204599954688     
  0.73101456768922379       0.14157030052586617     
  0.70584472503654727       0.14555909269413167     
  0.71572393852392524       0.12120394695932855     
  0.72952155333879765       0.12246515885234500     
           8
  0.65135202308438012       0.14303418062594264     
  0.64362064109126149       0.14192202564135520     
  0.63614274247507452       0.14384875922425178     
  0.62777646587761293       0.14650691247412823     
  0.62450745215680969       0.14158065477778362     
  0.62570837037064897       0.13474934864532506     
  0.62723653281800806       0.11852146318676642     
  0.64531297084808492       0.13015890430603033     
           7
  0.50329723154677009       0.21089483576211723     
  0.49539328267753391       0.22066317298723553     
  0.48887116335017655       0.22775149686541629     
  0.48495503203242785       0.20898383841888768     
  0.48084937764066210       0.19784404561158814     
  0.50250152357061262       0.20396330072881483     
  0.51012845370251192       0.20254088259113728     
           3
  0.85155254960562954       0.32494370957908081     
  0.83199420528505530       0.32437751693747069     
  0.83838383838383834       0.31313131313131315     
           3
  0.41414141414141414       0.97979797979797978     
  0.39894100753504502       0.97324116656285264     
  0.41103982769781322       0.97152006865101725     
           5
  0.85596621950489193       0.16706107371034234     
  0.84979924268331164       0.16408876088101024     
  0.84430195937671160       0.14744769322738333     
  0.85201627027790505       0.14337619775358881     
  0.86957201744672852       0.13739827113591779     
           6
  0.78620604192416910       0.74352963060165511     
  0.78176237487747258       0.74862168614930724     
  0.77125206761772236       0.74671765920883271     
  0.76657255173611616       0.73212102781387789     
  0.78228827349045837       0.72855031879533649     
  0.79027101658623000       0.72833565315646465     
           6
  0.58452450524792210        1.0994799404938636E-002
  0.58603563998379504        2.1615713140266828E-002
  0.56607501124373549        2.1379878867540846E-002
  0.56542978111861220        7.9578624178690480E-003
  0.56658940539636982       -4.2268259274955977E-003
  0.59050612163722638       -2.3535662281096367E-003
           6
  0.85069036084433758       0.12557018287810776     
  0.83530775081942377       0.12444925246509998     
  0.83037168013542939       0.11779899408458155     
  0.82452027183923604        9.7016603027145903E-002
  0.83460410190720125        9.9586674278091591E-002
  0.84890145840260089       0.11070727420022022     
           3
   1.0101010101010102E-002  0.75757575757575757     
  -1.9670879584343520E-003  0.74348623149323623     
   1.7313811137946850E-002  0.74523037863051689     
           3
  0.47001521647640959       0.71179707943935033     
  0.45454545454545453       0.71717171717171713     
  0.46449051699474919       0.70392267675971310     
           6
  0.40385522516255357       0.56400493571369592     
  0.39868888957783793       0.56890846306580600     
  0.39955386146541894       0.55043108205719771     
  0.40453933332979469       0.54217640452523752     
  0.42584297073966959       0.54464027557831984     
  0.42270872392091274       0.55089980835644392     
           3
  0.44773473783116052       0.13996515202621720     
  0.44211646306925406       0.12453874495850030     
  0.46497541051016095       0.12879720474551917     
