   99.000000000000000     
   100.00000000000000     
          61
           8
   26.000000000000000     
   18.000000000000000     
   16.000000000000000     
   8.0000000000000000     
   7.0000000000000000     
   11.000000000000000     
   4.0000000000000000     
   9.0000000000000000     
   9.0000000000000000     
   16.000000000000000     
   7.0000000000000000     
   6.0000000000000000     
   1.0000000000000000     
   2.0000000000000000     
   22.000000000000000     
   23.000000000000000     
   4.0000000000000000     
   3.0000000000000000     
   20.000000000000000     
   7.0000000000000000     
   1.0000000000000000     
   2.0000000000000000     
   12.000000000000000     
   22.000000000000000     
   6.0000000000000000     
   11.000000000000000     
   12.000000000000000     
   2.0000000000000000     
   14.000000000000000     
   14.000000000000000     
   2.0000000000000000     
   9.0000000000000000     
   20.000000000000000     
   2.0000000000000000     
   18.000000000000000     
   19.000000000000000     
   18.000000000000000     
   4.0000000000000000     
   16.000000000000000     
   26.000000000000000     
   3.0000000000000000     
   23.000000000000000     
   16.000000000000000     
   10.000000000000000     
   9.0000000000000000     
   21.000000000000000     
   24.000000000000000     
   24.000000000000000     
   19.000000000000000     
   12.000000000000000     
   16.000000000000000     
   6.0000000000000000     
   2.0000000000000000     
   2.0000000000000000     
   2.0000000000000000     
   23.000000000000000     
   16.000000000000000     
   26.000000000000000     
   21.000000000000000     
   2.0000000000000000     
   7.0000000000000000     
           1
   2.0202020202020204E-002  0.48484848484848486     
           8
  0.65427554453035885       0.72298940264742184     
  0.64597129189956570       0.72861422489645633     
  0.63444801097900849       0.72710207582650666     
  0.63109421003138810       0.71654792771826992     
  0.63546804652405908       0.70665299346841937     
  0.64420958358502711       0.70766578833676086     
  0.65364229466021462       0.70688296039042497     
  0.65898486668198897       0.71282587206316272     
           5
  0.34666130630477504       0.83969722861583229     
  0.34063967933293837       0.85334133456832428     
  0.32015599801705963       0.82829008752931821     
  0.32747231083151507       0.82486611068603610     
  0.34514180972432090       0.83092193040197870     
           6
  0.78621737508447975       0.90639617468146894     
  0.77245816327018557       0.90710650896537903     
  0.76822787244486002       0.91295516009123945     
  0.76775349223351474       0.90249447043242070     
  0.76602697409109566       0.88432382117408359     
  0.77970899360463919       0.88749850351283677     
           6
  0.98067254553849970       0.61413348136322210     
  0.98335354589373680       0.62546249229109241     
  0.96123787822906648       0.62192214751892538     
  0.96082784214431949       0.60851318081670347     
  0.97273058249504696       0.60524904038789762     
  0.98388882064705774       0.60598002223240011     
           4
  0.52214995067799042       0.56902311462081645     
  0.52117609090665096       0.56000898767573681     
  0.52468362567132409       0.55185536831586268     
  0.53535353535353536       0.55555555555555558     
           6
  0.39904137037864973       0.10669159965435704     
  0.38912771548630781       0.11062835942598892     
  0.37509773408861657       0.11491035923655211     
  0.37233883076066071        9.5522101162609424E-002
  0.37952785351011764        9.0511741371909080E-002
  0.38538041468075090        8.5749033903866748E-002
           5
   8.5408893392325352E-002  0.41384280512456256     
   6.4010421554539385E-002  0.41210343788464715     
   5.5864735307297048E-002  0.41827686563828115     
   6.5445408620966053E-002  0.39473020741447368     
   7.7698544805259270E-002  0.39393448662721581     
           8
   8.0779675855232755E-002   1.3164610806396066E-002
   8.4500415889300670E-002   2.5389055025649161E-002
   6.8084675800389363E-002   2.3302918328327191E-002
   6.0574552760889092E-002   2.2498481187395739E-002
   5.5722114700873016E-002   1.2948967648943611E-002
   5.6163909450462575E-002   2.4446649290491267E-003
   6.0045759839717279E-002  -3.9903262202747244E-003
   6.6212324044989154E-002   1.7073359740694162E-003
           3
  0.73616704982057901       0.69946837672838591     
  0.72286530530971749       0.67424244601753969     
  0.75104625209072384       0.68520769761070544     
           3
   4.0404040404040407E-002  0.24242424242424243     
   3.3094387676818937E-002  0.23385517483355575     
   4.2211778999857362E-002  0.23146419210680291     
           6
  0.83215470146961168       0.57742846279083127     
  0.82444727186172273       0.57559714124342887     
  0.81550028100489869       0.56055615424509320     
  0.82567907416380282       0.55134904514148009     
  0.83365383128706405       0.55372243602830473     
  0.84305018995962777       0.56161049877461278     
           3
  0.30303030303030304       0.56565656565656564     
  0.29371328687355402       0.55903987853404802     
  0.31617126164682657       0.55303058680430073     
           5
  0.39658226384516787       0.63211024668320059     
  0.39865102658290968       0.63968059875000460     
  0.37964162052300610       0.63792700139282377     
  0.37597354338959965       0.61232163228673953     
  0.39267695086448873       0.61599689671602564     
           6
  0.43054369832455097       0.54341322778868550     
  0.42893845613203879       0.54967887345011357     
  0.42047156216944048       0.54823200704273634     
  0.41560018169122720       0.53014013165813811     
  0.42829193526829068       0.52740284424787698     
  0.43965885791052450       0.53449572629107689     
           5
   5.8839089832675502E-002  0.49423312282406090     
   3.7699465691372086E-002  0.50542693924124915     
   4.0637122344621225E-002  0.49285829973246226     
   4.9407691998030911E-002  0.48610529849488970     
   5.9103860968975755E-002  0.48279241517942584     
           4
   2.0562423119746688E-002  0.85908097727030219     
   2.2652704278568105E-003  0.86900730944600568     
  -2.6742020882783487E-003  0.85283713764888547     
   2.5098517987266231E-002  0.84982137410814873     
           3
  0.95373566604992432        5.4869210838761714E-002
  0.94261087609486538        2.7638639654502611E-002
  0.95146487707053662        2.8912998091660938E-002
           8
  0.52008766254338012       0.71406915336888677     
  0.51257402053860601       0.71608603902948686     
  0.50082077647598300       0.72236912119262919     
  0.49690080813480858       0.70780141601572133     
  0.49137353534097711       0.69582123632642057     
  0.49799339978342816       0.69849360924313342     
  0.50694461548764680       0.69159474816383693     
  0.51917949464916680       0.69377610642166765     
           5
  0.35270637436245689       0.70634548759664584     
  0.33954549300241121       0.69395279060950488     
  0.34810967090108103       0.68838960835851681     
  0.36639248361218729       0.68530950778938948     
  0.36383975060951956       0.69199215201158837     
           6
  0.15309572013250930       0.41168806192347979     
  0.15619493033167564       0.41889097973171968     
  0.12715041698424076       0.42465461744294902     
  0.12754758739457980       0.40772391084678755     
  0.13250408444227044       0.40020252370203796     
  0.14272228394991057       0.40266991013598930     
           3
  0.95537633077986417       0.75225641318413783     
  0.93942100145660790       0.74272249498488019     
  0.94949494949494950       0.73737373737373735     
           8
  0.24674618284996522       0.97082020050541440     
  0.23200307418237173       0.97971688782210620     
  0.21891438075687106       0.97227764963339292     
  0.21990541407884392       0.96010478127913046     
  0.22094106536322228       0.95425114116651422     
  0.22593884371079104       0.95893426732527542     
  0.23835442054382483       0.96183735492842493     
  0.24690408748435680       0.96024678789059681     
           8
  0.98121295506595008       0.89171386066605096     
  0.98413536846264360       0.90179238294292596     
  0.97519106603752204       0.90095358148901705     
  0.96804043906556181       0.90065376599682556     
  0.95674741175091926       0.89622821160287569     
  0.95637422852128651       0.88255945921643264     
  0.96271899338713895       0.87799387408078089     
  0.97303677738590388       0.88113435455740541     
           4
  0.74474542374043218       0.96251664428701289     
  0.73551675781314541       0.95365251817986763     
  0.75867653944150926       0.93866004369384248     
  0.76295390508913330       0.94944077895293078     
           8
  0.70081986789617456       0.52881101858978674     
  0.69406043242195459       0.53502205677349690     
  0.68494674673839362       0.53772915003889299     
  0.67726875241638251       0.53490010096823049     
  0.67238841454840936       0.52117280628770635     
  0.68001439841334121       0.51736611345182548     
  0.69616797033061850       0.51267641278025322     
  0.70063117794587171       0.51769220395494098     
           5
  0.74475716456983121       0.23142737245776873     
  0.72528179279087845       0.23670631314571888     
  0.72279707909835922       0.20926263201291387     
  0.73536389997999274       0.21357698591540494     
  0.74366817596850565       0.20834473686196076     
           7
  0.94423964703672381       0.97480657109271085     
  0.92346658897971479       0.98140163643203848     
  0.92138306631276079       0.97361944273077106     
  0.91392645377493154       0.97367971087035288     
  0.91615847133448236       0.96765039200952496     
  0.92184481875507085       0.95773893469051707     
  0.94309244081217858       0.96469349658791115     
           4
   4.6062162775116114E-002  0.49627521138217928     
   2.7485856550023835E-002  0.49279330902423324     
   3.0205499345471773E-002  0.47197551882755251     
   5.2542764481729808E-002  0.48203023903978176     
           5
  0.23915291467709845       0.11336245955348188     
  0.24242424242424243       0.10101010101010101     
  0.24666890047539777        8.8773139512098462E-002
  0.25364985601900264        8.7775577945509248E-002
  0.25496103094017486        9.6287075587534313E-002
           4
  0.51081195654006806       0.73986353727471466     
  0.50978461933431740       0.73054046648475668     
  0.51719408308133108       0.71260762309438808     
  0.52525252525252530       0.72727272727272729     
           8
  0.62257901785790415       0.47257894528445410     
  0.62058671265543530       0.47975665929074640     
  0.61011771269792880       0.47567701876049634     
  0.60111467572117616       0.47911976258660072     
  0.60355988627253099       0.46227987175696850     
  0.60582297955413311       0.45184135006018544     
  0.62237700449979372       0.45440961818270104     
  0.62695209989189948       0.45000382407339318     
           7
  0.39232744962148974        9.3210325376883174E-002
  0.39802028802110467        9.9445894316843975E-002
  0.38292643768430623       0.10006170240489999     
  0.36998126805443815        8.8208583214176253E-002
  0.37614346601082616        8.2487272576557413E-002
  0.39479307059270857        7.8603214327338550E-002
  0.39671255457643995        8.6810720177477874E-002
           8
  0.91958062950187713       0.16303832024137188     
  0.90363134674060053       0.16218211099597865     
  0.89418937523124120       0.16223625221379154     
  0.89426244501709018       0.15102869979826511     
  0.89675616411326131       0.14393248363173411     
  0.90164628367199307       0.13616693841571895     
  0.91018725829465197       0.14339601528306470     
  0.91958682387104551       0.14321793853814488     
           6
  0.59554093888176207       0.42648219905729784     
  0.57686700098056209       0.42416587856752980     
  0.57102537884035354       0.42688715390744475     
  0.57607933582215332       0.41531371712409887     
  0.57415623817267114       0.40833590315773027     
  0.59427577996692094       0.41680456783458059     
           4
  0.93925433166563943       0.42240808038432764     
  0.92943372058351537       0.41003556843453204     
  0.94608287596716589       0.40038223172182663     
  0.95268271746243915       0.40733407829512197     
           4
   9.1649808446731318E-002  0.75756675068255497     
   6.9089723100489581E-002  0.75142937688942590     
   9.0433746521002292E-002  0.73654049132237587     
   9.5685965025376740E-002  0.74204385394816808     
           7
  0.14619134764575048       0.87893884749878481     
  0.14642610476141724       0.88975135841801767     
  0.13761447562711704       0.88802795807672474     
  0.12001504723890274       0.88232023801075177     
  0.12321479176170558       0.87517779880683466     
  0.12490467657406508       0.86631550526356726     
  0.14605976955642425       0.86724821183459233     
           8
  0.35365615430577019       0.68806770604763801     
  0.35604020729193231       0.69675034372562983     
  0.33818310531136747       0.69784260814976440     
  0.32840547980588164       0.69533610293104842     
  0.34458029719232391       0.67593156956156097     
  0.35183763535683343       0.67275380561965492     
  0.35855865192667302       0.67146424918422809     
  0.35661061762465407       0.67912812114611321     
           3
  0.84848484848484851       0.97979797979797978     
  0.84041823129930115       0.98264683978490475     
  0.83325370944168498       0.96569168362906244     
           4
  0.36301078111091256       0.20658102973287612     
  0.33866333253689329       0.21304738376425961     
  0.34129829396089717       0.19417494336210767     
  0.34660145148253857       0.18830635896886305     
           7
  0.98035218608780683       0.80258815321305965     
  0.96999826419078938       0.81172373839636536     
  0.96659312483630644       0.80582899637231287     
  0.95975625019664013       0.81177599623752150     
  0.96217891112745546       0.78773206595300271     
  0.97097208228180010       0.78905505797596387     
  0.97284829691928887       0.78262724135440231     
           5
  0.74783229026205456       0.89317735767337658     
  0.73662797237854405       0.89254148049979332     
  0.73204494147888277       0.88750434344227214     
  0.73532128437578492       0.86649476238847345     
  0.75056829631599808       0.86853627829564872     
           8
  0.22455200131402533        2.0819953622619534E-002
  0.21400767758678357        2.1047444409924454E-002
  0.20341144146448914        1.6287321771493567E-002
  0.19795132399043919        1.7624302789070383E-002
  0.19975934370927759        1.1389073351185426E-002
  0.20398230201401266        6.2318929792475738E-003
  0.20890938899466063        1.3208632001363192E-004
  0.21662235640194205        2.0903440175147527E-003
           6
  0.29556719260373765       0.95465374010328019     
  0.28619153853711765       0.95394284257948225     
  0.28316241611196258       0.94737827155840870     
  0.27101799441618757       0.94738352218336552     
  0.28708214464336718       0.92693320785344147     
  0.29121797464271393       0.94456033063440981     
           6
  0.56974277085669756       0.95434886196872781     
  0.56672388729303791       0.96495740570492561     
  0.54634056372566797       0.95357538956100396     
  0.54073037953885461       0.94230630160072992     
  0.55718078127196391       0.93828725682408254     
  0.56686612106157486       0.93886203930643397     
           5
  0.57845039906852191       0.85737762548904572     
  0.56045162852141417       0.86308232014600927     
  0.55537002270811964       0.84371385111022024     
  0.55499517272700727       0.83301429268455340     
  0.56801164160159934       0.83488466085160973     
           7
  0.68686868686868685        1.0000000000000000     
  0.67244473690691708        1.0130615780912977     
  0.67885555309043277        1.0032581900597060     
  0.67233252196328841       0.98600218529063910     
  0.68160130355511772       0.98747999161635192     
  0.70156953167485336       0.99336718725024187     
  0.69477484836279091       0.99583125032359143     
           3
  0.31720862362809182       0.54562559896674279     
  0.28956622510042790       0.53921330609635509     
  0.30303030303030304       0.53535353535353536     
           3
  0.85979419586470474       0.51007677220944558     
  0.84672017566063640       0.50139207799892782     
  0.86209521222934427       0.48638349945440262     
           5
  0.86606356612301838        3.3880272680101076E-002
  0.85865855703508409        3.3735712978975978E-002
  0.84941513159697546        2.4666777122896690E-002
  0.84741597919222000        9.7104205389538286E-003
  0.87287883360233143        5.5868756325712296E-003
           6
   7.9624078354250914E-003  0.31472522955296039     
  -2.6094297275216444E-003  0.31726197483848206     
  -1.5393695513877023E-002  0.31426086465285280     
  -1.2227113990123821E-002  0.30742904985217312     
  -8.0803971581472692E-003  0.29115516608605213     
   2.4603156300940731E-003  0.29220319567786479     
           7
  0.13570903546604354       0.72211186767406510     
  0.12027091985311567       0.73034867671417003     
  0.11507413047284382       0.72697402049682136     
  0.11124114345222216       0.71813392411634613     
  0.10908199159062440       0.70952558529616250     
  0.12499026894434807       0.70281420354766400     
  0.13218334729511544       0.70400176282274352     
           7
  0.27518926200956007       0.55760657282396686     
  0.27756063435081113       0.57004161403872000     
  0.26840424805767815       0.56767214205500038     
  0.25119908965407090       0.55825083227379424     
  0.25078910011163630       0.54562410221701663     
  0.27122911321105780       0.54933621508667796     
  0.27724741170061856       0.54171487968209120     
           7
  0.73407727471925788       0.76598678585202706     
  0.71960484047291240       0.76971241740234153     
  0.71218507138362952       0.76935480367269626     
  0.71547637939411091       0.75200559790850952     
  0.72431703037255057       0.74578255542942584     
  0.74005461264116257       0.75155148359925261     
  0.73806774571890710       0.75718351491488878     
           3
  0.72679483850903959       0.22038820743529886     
  0.70952038601779277       0.22366803771622193     
  0.71162950447511031       0.19690438886433179     
           3
  0.34688290425246210       0.50278526242232602     
  0.32337913914103977       0.49915254792440017     
  0.32045287081167306       0.48624874436893839     
           6
  0.52904594851955622        3.0453469682576308E-002
  0.50441034970831511        2.7215415123430883E-002
  0.50168144067894038        1.6224756029957411E-002
  0.50249748269679517        6.2902169123939672E-003
  0.51284859521846304        1.1902032388503469E-002
  0.52910236990671633        1.8276855220396671E-002
           8
  0.93916780874213979        8.0950407426862783E-002
  0.93059045909492721        8.2012014475949926E-002
  0.93139166050638100        7.0509692210803304E-002
  0.92722335133083822        6.4686204533868849E-002
  0.93045067321253316        5.6302145038148912E-002
  0.93443282783962178        6.2637030872578742E-002
  0.94485356979595669        6.1183883777788842E-002
  0.95430641803886995        5.8041286924400179E-002
           5
  0.71961361927670420       0.22747319747904543     
  0.71401202674883213       0.23667497702621026     
  0.69167882184503215       0.23289601157820711     
  0.70224568393955755       0.20870114069346368     
  0.71104087306238573       0.21295784293937350     
           8
  0.55414460204990401       0.53863816868919634     
  0.53985323804440799       0.54934730240936580     
  0.53155402316447975       0.54669474520679417     
  0.53231485489077857       0.53830941829148127     
  0.53466844133114511       0.53065739805678802     
  0.55216383732110885       0.52290062117583258     
  0.56037451187171683       0.52460559530597706     
  0.56033994324000747       0.53227403767677817     
           8
  0.27791044305296098       0.17880373213481596     
  0.27619472124102479       0.18717557890466391     
  0.26805765889763017       0.18337952822965933     
  0.26010343220010862       0.18525585587580698     
  0.24969328297688728       0.17884735193341811     
  0.25104965295051401       0.17239494419198670     
  0.25407587264157694       0.16115554940470614     
  0.27053952625218231       0.16298480714824790     
