   97.000000000000000     
   100.00000000000000     
          63
           8
   10.000000000000000     
   15.000000000000000     
   23.000000000000000     
   23.000000000000000     
   24.000000000000000     
   17.000000000000000     
   1.0000000000000000     
   4.0000000000000000     
   2.0000000000000000     
   5.0000000000000000     
   18.000000000000000     
   9.0000000000000000     
   8.0000000000000000     
   23.000000000000000     
   13.000000000000000     
   4.0000000000000000     
   18.000000000000000     
   16.000000000000000     
   26.000000000000000     
   16.000000000000000     
   4.0000000000000000     
   23.000000000000000     
   8.0000000000000000     
   26.000000000000000     
   16.000000000000000     
   5.0000000000000000     
   2.0000000000000000     
   21.000000000000000     
   23.000000000000000     
   8.0000000000000000     
   5.0000000000000000     
   8.0000000000000000     
   26.000000000000000     
   12.000000000000000     
   8.0000000000000000     
   3.0000000000000000     
   8.0000000000000000     
   19.000000000000000     
   16.000000000000000     
   2.0000000000000000     
   3.0000000000000000     
   17.000000000000000     
   7.0000000000000000     
   5.0000000000000000     
   8.0000000000000000     
   4.0000000000000000     
   12.000000000000000     
   19.000000000000000     
   19.000000000000000     
   26.000000000000000     
   24.000000000000000     
   5.0000000000000000     
   8.0000000000000000     
   22.000000000000000     
   9.0000000000000000     
   18.000000000000000     
   19.000000000000000     
   15.000000000000000     
   5.0000000000000000     
   11.000000000000000     
   12.000000000000000     
   54.000000000000000     
   8.0000000000000000     
           1
   1.0000000000000000       0.34020618556701032     
           8
  0.59891156242907828       0.83987004004278298     
  0.60161164645897847       0.85053183262350318     
  0.59309117939058908       0.84790454630396150     
  0.58799975985791397       0.84388699021521363     
  0.58013568100137780       0.84819646428535467     
  0.57453724504062953       0.83924109641076150     
  0.58535414976136990       0.81969725429582541     
  0.59571939849476585       0.82755623117430166     
           4
   2.3683451567327166E-002  0.34660895997130814     
   1.3882892758277594E-002  0.35296586078171993     
  -4.0050198497351766E-003  0.32733564331150994     
   2.4233198262208176E-002  0.32645729299514503     
           4
  0.57093757044505200       0.59807303465610595     
  0.55985403843272297       0.59595442506418006     
  0.57653786822558806       0.57638191828791741     
  0.57546995043646998       0.58993356751122838     
           6
  0.31303231341675353       0.38658981652838115     
  0.30530275647663785       0.39106887615789299     
  0.29375534121374414       0.39666374086667311     
  0.28973423309633489       0.38835516551476701     
  0.30721228960749752       0.36969284380241491     
  0.31090185531698983       0.38019621682490135     
           6
  0.22631636215196160       0.40728628174353471     
  0.22198849681413940       0.41513956922988610     
  0.20181447585796847       0.39947082751281571     
  0.20860813156467034       0.39757444981506407     
  0.22561339234943617       0.39167884463663050     
  0.23176426932526151       0.39479694036297552     
           5
  0.97141831881057150       0.38589345246257833     
  0.96224969466756827       0.39079395049796578     
  0.94781921457406926       0.37630413131611229     
  0.94557075732881590       0.36871775471199070     
  0.96263154145488916       0.36693160563195187     
           4
   6.3383294949448221E-002  0.93583316604439570     
   6.1701954365500897E-002  0.95227979050144751     
   3.7410865530464583E-002  0.92589708748077504     
   6.4799531122828491E-002  0.92331915121090102     
           8
  0.27067829345293326       0.11394108929218566     
  0.27067524937815701       0.12471741394434725     
  0.25569650464470628       0.12431911422741129     
  0.24938380904643681       0.12679136542994915     
  0.24323599842596444       0.11327141470377060     
  0.24904128649632942        9.9288136847337158E-002
  0.25679334826100447       0.10141912708514593     
  0.26787682455026013       0.10260119898348241     
           6
  0.48987650016271506       0.38955183789663611     
  0.48320660137841376       0.39650481491203138     
  0.47616016629932306       0.39269740593455971     
  0.47051643343585936       0.39666311183335640     
  0.46982033983751009       0.37274785948110645     
  0.48665081213724853       0.37124143375415647     
           8
  0.90656696330585862       0.26936426324565582     
  0.90080301143041330       0.26579694082145811     
  0.89363708892099469       0.26675219637704600     
  0.89096003436915583       0.27151830506904945     
  0.88653357658539955       0.26368772329297474     
  0.88771595086505117       0.25372553854160079     
  0.88971106102305331       0.24606654477910786     
  0.90770074475818596       0.24789759207653980     
           5
  0.69728782281706103       0.68507200988544814     
  0.69297023502615684       0.67984576017123444     
  0.68171727703818619       0.67933689115286822     
  0.68214912207411371       0.65963090348948583     
  0.70239307495374359       0.67382178385670610     
           4
  0.72951081740571533       0.93276650733419264     
  0.72213066876664167       0.92563238796130098     
  0.74256237647513734       0.90560707210213987     
  0.74700546642817700       0.91425312064863340     
           7
  0.68904208171983172       0.16991254175939713     
  0.68204918504945589       0.16782287150720823     
  0.67600166094864200       0.16749004242122473     
  0.67660671837477082       0.14787449427208241     
  0.69198683347799383       0.14285285229956976     
  0.69988986127742137       0.14280832252648321     
  0.70181588239555437       0.15079353460527828     
           5
  0.47488506140348230       0.81805023666375254     
  0.45252333771992803       0.82488686951182055     
  0.45900444484259845       0.80375499573376918     
  0.46675265245687642       0.80304736966566503     
  0.47686532410244609       0.80860235651176959     
           4
  0.74243610838032303       0.59038638022824030     
  0.71684082857046272       0.60151866166645818     
  0.72101885195386295       0.58376426759901867     
  0.72174055158788764       0.57350449091910904     
           6
  0.30204859028331893        1.8496599637861696E-002
  0.29474828228094618        2.1575138832152341E-002
  0.28749888616061392        1.3196427642642150E-002
  0.30253959495161631        2.0771225420748718E-003
  0.31081817101402082       -3.8128719112538664E-003
  0.30975355963364054        3.3714995501867746E-003
           5
  0.61351252860191141       0.82650749388030020     
  0.59599085576362199       0.82439823386729971     
  0.59332904209244763       0.80659642151224387     
  0.60087814094114000       0.80412460076467907     
  0.61039320598731917       0.79967595720845319     
           7
  0.97383385557668833       0.85762907186884485     
  0.96580600520876692       0.86567573314360657     
  0.94823997814526140       0.86136208292907745     
  0.94477337410896156       0.85092114152456810     
  0.95663414451276274       0.84714852960186504     
  0.96147439736858953       0.84159782825523788     
  0.97173061775119651       0.84419095122575938     
           4
  0.48080539083563067       0.43326159093316657     
  0.47394116954298487       0.42598586459352183     
  0.46923653991301562       0.41924681449910539     
  0.49814947209045068       0.42361739959076444     
           3
  0.52177189066972396       0.43750892623430837     
  0.51235349366218108       0.42529792559971241     
  0.52577319587628868       0.42268041237113402     
           8
  0.25030730894441444       0.97039576264599958     
  0.24450299131213798       0.96972014874805268     
  0.22290949132757165       0.97400084704240530     
  0.22337702563639009       0.96571261939470843     
  0.22821378073009915       0.96331311955316101     
  0.22751486667032123       0.95393246138640553     
  0.22969603948704809       0.94555505725195532     
  0.25181012066087871       0.95741179912559682     
           7
  0.90837607725749669       0.98519002921834031     
  0.89721567158812143       0.99175574340596051     
  0.88667209103695099       0.99067124191682654     
  0.88222139671587851       0.97809475867716633     
  0.88809382012959093       0.97756958695362972     
  0.88799199812488239       0.96954461278463144     
  0.90738185591518994       0.96762702694862013     
           4
  0.40206185567010311       0.46391752577319589     
  0.38918412535445845       0.47055759216960813     
  0.38972107087019014       0.45203982019066158     
  0.40219570332065568       0.45275473862661958     
           6
  0.47303166541858077        8.0614853937087394E-002
  0.46621209444487294        8.0519964984473003E-002
  0.45443381867661453        7.7172904591891203E-002
  0.45743996716683527        6.0029615461514925E-002
  0.46750439157196721        5.9888394691424429E-002
  0.47862335121543775        6.9027351417360550E-002
           7
  0.88962802505351701       0.53557048460970746     
  0.88342402757760574       0.53775844048482091     
  0.87349606398938273       0.53968730261442899     
  0.86255248468669865       0.53610648617888412     
  0.86641007707951145       0.52148221258571015     
  0.86133698227563016       0.51575792625130246     
  0.87792067529738582       0.51648416640727579     
           7
  0.36888334778419779       0.97211330011061681     
  0.34664091440915723       0.97087424209703455     
  0.34835396537321117       0.96091021604707705     
  0.35684576035341498       0.94618138686038333     
  0.36019593655125098       0.95086946383893300     
  0.36841949970665994       0.94944888276562533     
  0.37553235194463236       0.95464387156169572     
           7
  0.49235628658418201       0.81597773657385286     
  0.49469168700924515       0.82927303494206950     
  0.47009630292146670       0.82946144069545946     
  0.47003811020844066       0.81145689882968541     
  0.46923978256613558       0.80356057338825160     
  0.47937598313521129       0.80196859639021734     
  0.49962513875302361       0.81069476326582901     
           3
  0.59461840372111630       0.95324640351249990     
  0.60824742268041232       0.93814432989690721     
  0.62228263136147766       0.93668310166010427     
           5
  0.86879951451259430       0.53734739431675416     
  0.85578157429527746       0.54112702741880314     
  0.84833362596230188       0.54033810685229033     
  0.84416143107681452       0.53217588650850245     
  0.86665349164901273       0.51710916679543573     
           3
  0.52054765515698542       0.66512321661643437     
  0.50515463917525771       0.67010309278350511     
  0.49878029713581090       0.65846209623513574     
           8
  0.23088839359501703       0.58016727699814019     
  0.22412407330315812       0.57959925662510703     
  0.21841946756797792       0.58245308296498322     
  0.21134552983534535       0.58094424653732035     
  0.20838045258144530       0.57608377621410511     
  0.21836745227102200       0.57536523886449242     
  0.21649484536082475       0.56701030927835050     
  0.23027057358056299       0.57109627141634300     
           8
  0.53903115852270667       0.22079637979351563     
  0.54073063653439291       0.23046410096795222     
  0.52722603662081169       0.23078202199749723     
  0.51129033709530014       0.21977873582552199     
  0.51212263198870855       0.21015080109850168     
  0.52443288261304077       0.20434534676744504     
  0.53489569551130922       0.21060587310925266     
  0.53905659798042649       0.21479071977144629     
           4
  0.72632874037627815       0.45338346715843769     
  0.70653183029419564       0.45813206571106768     
  0.70791786629235698       0.43354842130961779     
  0.72202141403836073       0.43480718954333658     
           5
  0.38144329896907214       0.42268041237113402     
  0.36627914041675669       0.43390558828900855     
  0.36808592886745356       0.41996622011341772     
  0.36992258830325669       0.41256378328332705     
  0.38141689288682351       0.41244002767324517     
           3
  0.39641184340133057       0.99415756286464640     
  0.38144329896907214       0.97938144329896903     
  0.39352128784084411       0.97205236069530909     
           5
   5.6255104704802189E-002  0.74538813445114016     
   4.1517698678614046E-002  0.74422463088256940     
   4.4822164852905924E-002  0.72392141515886277     
   5.6596455210049489E-002  0.72222376036171920     
   6.5811802183833853E-002  0.72836776155157978     
           4
  0.38994027633127937       0.49496947193774138     
  0.36774411938232654       0.49727218946797314     
  0.37307814525007732       0.49086051764984939     
  0.37994106577525627       0.47627424517373990     
           7
  0.87093065555169136       0.75105423439867425     
  0.85914804903059006       0.76782734510137074     
  0.84260643350521935       0.76200955839180351     
  0.84307500815112635       0.74023723148476461     
  0.85221808649532738       0.73955511889781067     
  0.85902659894824651       0.73960371720514728     
  0.86578522729544849       0.73741435785559795     
           6
  0.18753007050820400       0.73931501847615666     
  0.18738487309501853       0.74553662703903800     
  0.17601185549132134       0.74017370255669490     
  0.17525773195876287       0.73195876288659789     
  0.18361396237005598       0.73050554618274821     
  0.18810387783200358       0.72095276052403345     
           4
   6.6638346698347992E-002  0.74596938758314046     
   4.1386622882404987E-002  0.74003589830032790     
   3.6348294647118189E-002  0.73022148087163330     
   4.9651396019395638E-002  0.71894344937540178     
           3
  0.82562688285222607       0.18160132084484290     
  0.82532903711259020       0.16172417285400342     
  0.84838989796453212       0.16801798457474129     
           7
  0.62153120015097763       0.34481084352484709     
  0.61680527588507961       0.35180138387642246     
  0.60709100724025833       0.35289197357279334     
  0.59576984925790200       0.35200045312823453     
  0.59641363159536309       0.33288455086260837     
  0.60261178341227006       0.32535573822661779     
  0.61603564588512305       0.33072161805079969     
           4
  0.65919039881289654       0.90938366077358945     
  0.63706215819558287       0.90730150994924141     
  0.63417381307019871       0.89137804583486335     
  0.64215368843892939       0.88221073558251450     
           7
  0.23052303711676420       0.79829592299666885     
  0.22633167317678476       0.80861889559765188     
  0.22018067530900193       0.80346896874155516     
  0.21443549916737009       0.80577495743539229     
  0.20248296814813183       0.78481009642300092     
  0.21141024249405801       0.78048841572621253     
  0.22979272301863385       0.78764858028566709     
           6
  0.73464953964100876       0.53485284658781196     
  0.72108797681570791       0.53783549630901584     
  0.71819596171160616       0.52216878930612420     
  0.72148265189381833       0.51279492178324615     
  0.73168720712341884       0.51418507001154590     
  0.74586794191107209       0.51202656949144121     
           5
  0.22982292382838049       0.18117217333059243     
  0.23127162585925942       0.18783806543267814     
  0.21649484536082475       0.17525773195876287     
  0.21670041340898458       0.16170692376511484     
  0.22849133026792509       0.16072948229284639     
           5
   8.3847497117467779E-002   8.4544717670647571E-002
   7.8553353265665135E-002   7.9934447941359926E-002
   7.8748211733642381E-002   7.2201980134032270E-002
   8.1658979194978429E-002   6.2380063380489688E-002
   9.2783505154639179E-002   7.2164948453608241E-002
           4
  0.68071154405487555       0.45074911390144651     
  0.66985701545823928       0.45732936800404134     
  0.65792082778278937       0.43232568366703522     
  0.67951692341848668       0.44070104922245584     
           7
  0.26614438286521303       0.66340734332091478     
  0.25872416665408754       0.66417652406080308     
  0.24255114795271596       0.65955661660488596     
  0.24477602395476600       0.64244157519342004     
  0.25037718604862436       0.63527697283340689     
  0.25625141154998948       0.63407044358209719     
  0.27194737243090822       0.64176214218831318     
           4
  0.14501022444656439       0.59055242916066875     
  0.12247306779968366       0.59094649468834848     
  0.12729228939186119       0.57258283698242940     
  0.14863037012343927       0.58016796819605143     
           8
  0.49427808086781222       0.44372660996435004     
  0.49436689616406476       0.44993114807232559     
  0.49397664602290486       0.45643450380013406     
  0.47514854229799097       0.45419403061566660     
  0.47424511736294156       0.44516305440446641     
  0.47632872039057256       0.43828957448667971     
  0.47787409648810142       0.42839713522297473     
  0.49647386036913843       0.43309139622245163     
           6
  0.80383119265725278        9.6736216205505113E-002
  0.79991435423534851       0.10662190953069682     
  0.79091309672259458       0.10627029369319074     
  0.78188173086809254        9.5392493430787886E-002
  0.77989846197854340        8.5284373122980831E-002
  0.79840007777054567        8.1763071265976650E-002
           7
  0.59859263558652265       0.56927009466739531     
  0.59420783617915129       0.58027286120440635     
  0.57948316213974549       0.57631254652737618     
  0.57674470115045751       0.57099913639412481     
  0.57265852717311616       0.55304521795984440     
  0.58395760990620005       0.55454656038403971     
  0.59979310077149228       0.55367130850994239     
           6
  0.22942669565707491       0.34505836413313729     
  0.23171207473095287       0.35380902026116284     
  0.20266300533134043       0.35308945046279511     
  0.20996736072665234       0.32512831027122335     
  0.22556530251514373       0.32677249200158920     
  0.22584952557850999       0.33447663288940638     
           7
  0.28895451027384506       0.60273590945676825     
  0.27489628812851641       0.62000743876536435     
  0.26577599325308365       0.60101372972944600     
  0.26743760305242692       0.59361130022526665     
  0.27476050253566020       0.59859924335191428     
  0.28235588868393857       0.59985194903350680     
  0.29138459370400444       0.59697814963479467     
           4
  0.85567010309278346        9.2783505154639179E-002
  0.84082061825888255        9.7023221312528968E-002
  0.85280770822635121        7.9439431062867466E-002
  0.85963863537204699        8.4583234365647353E-002
           3
  0.66121812978295813       0.70697284023263107     
  0.64948453608247425       0.71134020618556704     
  0.64082330662458176       0.69656685106818861     
           8
  0.10419866515599807       0.36218692969131450     
   9.9675601301008818E-002  0.37205747825237473     
   8.0851236069388391E-002  0.37071177243422720     
   8.2551507904132321E-002  0.36275223303094234     
   8.4205616172201569E-002  0.35314774623861339     
   7.9543342192509275E-002  0.34599208205280618     
   9.6473478266182522E-002  0.34720629058968661     
  0.10107318485338025       0.35573930920823982     
           6
  0.26564486646862112       0.57817215500042707     
  0.25349482391993433       0.58228784706449810     
  0.24752224442527954       0.57181818064642043     
  0.24440017935290861       0.56083224550598532     
  0.24380998542206492       0.55153715653572299     
  0.25165592637496642       0.55207438316166912     
           7
  0.35133218703279301        3.4542534280291505E-002
  0.34759779741775976        4.4909898543627792E-002
  0.34144324629552325        4.1978513501893480E-002
  0.32679786872758826        3.9085072368778534E-002
  0.32836164530787171        2.8759099677329210E-002
  0.32790245923550454        2.2510913818682067E-002
  0.34626027729601183        1.7766625988007573E-002
           4
  0.55759584289289565       0.12875618180546816     
  0.53803620664678120       0.12635937407769085     
  0.54993458474602064       0.10430936050743046     
  0.55709188992153746       0.11336779760870964     
           8
  0.53522092909822738       0.51491469356071373     
  0.52689954847158371       0.51367640514276602     
  0.51926204871652304       0.51690833856529850     
  0.51082391553183937       0.50445962380458120     
  0.51370731654678359       0.49922551317122849     
  0.51070350558468924       0.49371754810500185     
  0.51997744505282451       0.49361617117824680     
  0.53333833184341783       0.49349727935316018     
           6
  0.10232540269850153       0.25007193488453050     
   9.3679923582979496E-002  0.25226221258320858     
   8.5848675552767012E-002  0.25091657992322641     
   8.1553234712771025E-002  0.24628559762185209     
   7.7767400486387708E-002  0.22818758605456682     
  0.10108198953160019       0.22516297230207655     
