   98.000000000000000     
   100.00000000000000     
          68
           8
   2.0000000000000000     
   1.0000000000000000     
   6.0000000000000000     
   9.0000000000000000     
   16.000000000000000     
   5.0000000000000000     
   3.0000000000000000     
   9.0000000000000000     
   12.000000000000000     
   1.0000000000000000     
   1.0000000000000000     
   18.000000000000000     
   10.000000000000000     
   5.0000000000000000     
   5.0000000000000000     
   9.0000000000000000     
   16.000000000000000     
   12.000000000000000     
   6.0000000000000000     
   6.0000000000000000     
   20.000000000000000     
   23.000000000000000     
   39.000000000000000     
   17.000000000000000     
   8.0000000000000000     
   2.0000000000000000     
   13.000000000000000     
   17.000000000000000     
   3.0000000000000000     
   2.0000000000000000     
   7.0000000000000000     
   23.000000000000000     
   10.000000000000000     
   7.0000000000000000     
   12.000000000000000     
   20.000000000000000     
   13.000000000000000     
   21.000000000000000     
   25.000000000000000     
   5.0000000000000000     
   4.0000000000000000     
   13.000000000000000     
   12.000000000000000     
   23.000000000000000     
   19.000000000000000     
   10.000000000000000     
   7.0000000000000000     
   15.000000000000000     
   5.0000000000000000     
   15.000000000000000     
   13.000000000000000     
   30.000000000000000     
   15.000000000000000     
   7.0000000000000000     
   9.0000000000000000     
   23.000000000000000     
   8.0000000000000000     
   5.0000000000000000     
   8.0000000000000000     
   25.000000000000000     
   12.000000000000000     
   25.000000000000000     
   24.000000000000000     
   8.0000000000000000     
   22.000000000000000     
   7.0000000000000000     
   24.000000000000000     
   18.000000000000000     
           1
  0.60204081632653061       0.44897959183673469     
           8
  0.10369740531015270       0.23727244966875466     
  0.10119503733553138       0.24506631438455659     
   9.3511785370294573E-002  0.24998037162247624     
   8.2602797385808543E-002  0.24883312756025641     
   8.1570211072023502E-002  0.23348619988040814     
   8.3115503387171524E-002  0.22751570027095327     
   8.9117173090861104E-002  0.22273253898337256     
  0.10708041300068086       0.22623202241233431     
           3
  0.85714285714285710       0.69387755102040816     
  0.86135473995110667       0.68593906536552474     
  0.87145172400995963       0.68585262043515638     
           5
  0.37073301085643373       0.95814395598138924     
  0.35816473880325805       0.95631215295760086     
  0.35594027675675077       0.94010617311821454     
  0.37151740958814888       0.93359519677667036     
  0.37875279058336281       0.94423582360846148     
           3
  0.88605209059553169       0.10738853572164725     
  0.87951691629379081        9.6911428314960663E-002
  0.89367056197964112        7.7853934572886002E-002
           8
  0.35867134943592566       0.17251459815566425     
  0.34259692286996285       0.17769108316372947     
  0.33504322171910844       0.16907544782144984     
  0.33186597836557186       0.16427115090260652     
  0.33202193541983038       0.15637308593985222     
  0.35027536782584118       0.15458248334869626     
  0.35538495439309953       0.14850690698377897     
  0.35932417446081300       0.15879521005590960     
           4
  0.39811723706284596        1.0114431910995301     
  0.39345157725018753       0.99827051849324355     
  0.40816326530612246        1.0000000000000000     
  0.41701078915747586        1.0014836367396287     
           4
  0.73469387755102045       0.43877551020408162     
  0.72898563204881073       0.42998700643199456     
  0.72361092142023842       0.42449980781434765     
  0.74469154095959178       0.42822379822965023     
           3
   1.6827283603074004E-004  0.62354759998944498     
  -9.2325490462614162E-003  0.61841823231283788     
   0.0000000000000000       0.61224489795918369     
           6
  0.66455534203088795       0.92607946004460340     
  0.64264666975920992       0.93307537327455015     
  0.63836117306810858       0.92442418609708132     
  0.64050948468487900       0.91270716758047021     
  0.65549993649943117       0.90485437568140936     
  0.66785657700115109       0.91781592494794195     
           8
  0.12672960353914858        8.6876375110600035E-002
  0.11385248833447510        8.9857412923202595E-002
  0.10990668260389369        9.4077601452006762E-002
   9.6934325844602334E-002   9.2553855447482777E-002
   9.9590583499760160E-002   7.3414007478441318E-002
  0.11419777943233179        7.1656569424603841E-002
  0.12051639505049257        7.3049977170809785E-002
  0.12342184986112385        7.9475284424644660E-002
           7
  0.48295245088261435        7.5492931864471785E-002
  0.48156746181555177        8.4014982448515435E-002
  0.46185378207423033        8.1399195409501052E-002
  0.45461687398082590        7.6391061146111730E-002
  0.45568914887394640        7.0218440889556505E-002
  0.46163832712969199        5.9567605969155044E-002
  0.47888657107945276        6.4727821309039521E-002
           4
  0.34570397343276005       0.56445408897839344     
  0.32823012881399954       0.55473368431056802     
  0.32999815003038319       0.53635600507432035     
  0.34726285617704800       0.53651047707772881     
           5
  0.24334088006995327       0.86869510031518737     
  0.23348206478317682       0.86548481999465132     
  0.22289915255347512       0.86746721182972297     
  0.24201362939051208       0.84607641226663854     
  0.24753537576451912       0.85021726779741014     
           3
  0.68994238435645250       0.19480573559163974     
  0.67695524023983045       0.19513832977727080     
  0.68367346938775508       0.18367346938775511     
           7
  0.35959869148988671       0.95744772061184980     
  0.35680946449141260       0.96396047722466938     
  0.34905328289356446       0.96378504153957256     
  0.33239898800011286       0.95692685359336449     
  0.33479522461076183       0.94939377037409223     
  0.34872229105410252       0.94062763417744399     
  0.35978559477455030       0.93758960851860251     
           3
  0.17830238571951249       0.26338288433911861     
  0.18859353979079016       0.24037649337401779     
  0.20551620548523442       0.25076854637118617     
           4
  0.15839387354970974        9.4852525725577910E-002
  0.13619485443822379       0.10454447180608174     
  0.14129581767165811        7.8730251282944641E-002
  0.15460893422466024        7.9790820575434573E-002
           8
  0.72632351346985102       0.65928861035703135     
  0.71200160160038850       0.66715522315129583     
  0.70316715669367913       0.66640039993583766     
  0.70464280307674565       0.64793269849518143     
  0.70864974893409505       0.63844636931635002     
  0.71600387304689006       0.64170293456217464     
  0.72558894740959223       0.64501898676742797     
  0.72905493038889524       0.65141323629617698     
           5
  0.60433758370472923       0.50560037300779781     
  0.58416690753998668       0.52165993405355771     
  0.57761422905432114       0.49867589412833574     
  0.58702943813734842       0.49522348971455560     
  0.59621035154031798       0.49756600439864435     
           8
   5.7118129783033392E-002  0.80925974882819185     
   4.6740019188408977E-002  0.81051571727087168     
   3.6177414526991698E-002  0.80952465884886771     
   3.5631332104693346E-002  0.80195792102578789     
   4.0602830323638830E-002  0.79111543189391742     
   5.7653162616083733E-002  0.78760819943889704     
   6.5706895213309524E-002  0.78097418473828528     
   6.5618556593155186E-002  0.79859172488216346     
           6
  0.98371621773498141       0.40629597097133086     
  0.97696208513636407       0.40900172694507292     
  0.95930600483751127       0.40369256883432952     
  0.96081028592577156       0.39701187974949337     
  0.96296035504849831       0.38353483198436567     
  0.98153243355355357       0.38519736869539356     
           7
  0.40239267090897801       0.55896600276106634     
  0.39423652524437314       0.56575734608997819     
  0.37568114349771103       0.56303134099156871     
  0.38061769139891366       0.55944906681574680     
  0.37843455699099610       0.54927120792588346     
  0.38467426662846438       0.53902593611649041     
  0.40318348905260382       0.54841300397123849     
           5
  0.51725723246338495       0.76004254731437215     
  0.50999810740063345       0.75721499150528504     
  0.49515052505949747       0.75629577021376548     
  0.49551268900447065       0.73999098150008269     
  0.51473803067207258       0.73529790975095310     
           5
  0.50514082234504076       0.47211043040733935     
  0.48997537976017880       0.48094594015383524     
  0.47806040163625180       0.47327562463220685     
  0.47884556889424307       0.46164348654968856     
  0.50205246107899848       0.45882264892910768     
           6
  0.66609558178603934        5.1534859730515234E-002
  0.65321279620966743        5.3109255975856778E-002
  0.64321748684649194        4.0628559088474243E-002
  0.64567496723752593        2.9571441559298972E-002
  0.65183500175589792        2.6059012898324511E-002
  0.65800293687479672        3.0138249866264462E-002
           8
  0.40942021871692380       0.30078063442758929     
  0.39926169602162220       0.29943546780635144     
  0.39337898400083265       0.30044076682451620     
  0.38246987688464457       0.29729127624596124     
  0.39305830008508735       0.29403647408811423     
  0.38429230303088591       0.28564272930909212     
  0.39795918367346939       0.28571428571428570     
  0.41033368975408546       0.28595831481356421     
           4
  0.80558875217991677       0.31893029333258088     
  0.79694819945254713       0.29058598342409608     
  0.81029104697308285       0.29056001435996437     
  0.81774570018464110       0.29329382230794321     
           6
  0.62326701537158669       0.37606271822386567     
  0.62021522664903084       0.38277946986240136     
  0.60778422027374313       0.37188795777279743     
  0.60816671891008589       0.35306557649312043     
  0.63367169495917219       0.35187533664241838     
  0.63748813501483914       0.36429647973186158     
           7
  0.29864605067719274       0.51806702051604070     
  0.28772070378505799       0.52366150230329755     
  0.27081648935262281       0.51039549133473239     
  0.28089064685042703       0.50224421712778389     
  0.28002056017164084       0.49506508342093697     
  0.29533420037853242       0.50441089051932930     
  0.30082234282415743       0.50714229513752251     
           3
  0.53117622088666572       0.93978289448983532     
  0.50947585645899884       0.94238437416705068     
  0.52040816326530615       0.92857142857142860     
           6
  0.70388730734609917       0.60694417124751432     
  0.68415522783436433       0.60806776142900509     
  0.68281379251014529       0.59743520344540002     
  0.68450405143349524       0.58664080313530631     
  0.70701841686785771       0.58753952201247783     
  0.70705425485815321       0.59519841964804987     
           6
  0.12934193456467177       0.10574938630975279     
  0.13115346071400541        9.8695182480163707E-002
  0.12809303828060428        8.5498883363999217E-002
  0.14066457599111823        7.9619725560441376E-002
  0.14605221609670332        8.3323621340438123E-002
  0.15506365382467860        8.5445765272225846E-002
           5
  0.97367628266679418       0.90064119500768980     
  0.95800363802641675       0.89810522247798430     
  0.95059973955461219       0.90334866546355841     
  0.94879624714357103       0.88893374949724258     
  0.95918367346938771       0.88775510204081631     
           7
  0.70248295278979400       0.29685231371097365     
  0.70364540656285490       0.30399139953412363     
  0.68200962151578359       0.29653341392873783     
  0.67827902334271939       0.28712892637825660     
  0.68702385338682848       0.28405148294827098     
  0.70040003452308675       0.28089181993025464     
  0.70104284767542746       0.28669348107503401     
           3
  0.13353700932649532       0.93422392351064010     
  0.10951205162196187       0.92782915491221063     
  0.13512991345565439       0.91470595373461472     
           8
   2.9127577119616596E-002  0.23242051040692294     
   2.8260141113913798E-002  0.23849280735620410     
   2.0392070056671582E-002  0.23569713898209593     
   6.5161427401055870E-003  0.22760248691883339     
   1.0748649609327135E-002  0.22200982972380942     
   1.4720026827125669E-002  0.20939158087226256     
   3.2955101422616671E-002  0.21204557543316657     
   3.2393383977349942E-002  0.22338689328257938     
           3
  0.25510204081632654       0.16326530612244897     
  0.24183246266571426       0.17409074699536634     
  0.26752045329819019       0.15028185645047720     
           4
  0.11224489795918367       0.58163265306122447     
  0.10256838776257764       0.57517771524982786     
  0.10792003694797378       0.56865242067393140     
  0.11721447225278311       0.56975319637660760     
           8
   4.0120900929513550E-002  0.52259704383861727     
   4.5037834803069589E-002  0.53364455742003303     
   3.1044991118176681E-002  0.53233770980079109     
   2.2230798761134776E-002  0.52768473843259234     
   1.8293337569377635E-002  0.51565943170192985     
   1.7462219549501876E-002  0.50615947933055427     
   2.9682105368759058E-002  0.50547060591835036     
   4.3470623872510529E-002  0.51551163822989998     
           3
  0.11924755454513766       0.54167242871221066     
  0.12446672050402570       0.53069020797532629     
  0.14798060250719508       0.52320599223336206     
           5
   8.8291951827896328E-002  0.79055884283409683     
   7.8818588474801096E-002  0.78686381774579639     
   8.0289087155743288E-002  0.77577398227015337     
   8.3754106893876759E-002  0.76597903746184537     
  0.10537837513797693       0.76766470666658138     
           5
  0.59988029224927342       0.19381813166835685     
  0.59217825644724054       0.19601656243232815     
  0.58334372332127582       0.19377903819370187     
  0.57954198877272678       0.17812589838905615     
  0.59396995127818297       0.16864170896075531     
           3
  0.40816326530612246       0.39795918367346939     
  0.39700791694709037       0.38762614346187207     
  0.41575481062926412       0.38535476755805542     
           7
  0.34024210671718286       0.90689712072852757     
  0.33677158705575511       0.91815015029799874     
  0.31412459074094851       0.91031288555626810     
  0.31830802181998974       0.89366265105132447     
  0.33536231249424053       0.89408707789636288     
  0.33289522818459588       0.90022329461496342     
  0.34119873903591175       0.89762252773125828     
           4
   9.4817015515069478E-002  0.95086431660148252     
   7.8986261929371041E-002  0.95135800780445379     
   9.0797092186983910E-002  0.93002888625345626     
  0.10724844924291013       0.93763991119203871     
           7
  0.37763657047718630       0.15686116359146829     
  0.36765479295378906       0.15272107486718561     
  0.36327696053636577       0.15710492818683897     
  0.35296759754733420       0.15575992516400525     
  0.35223062760345997       0.13238666150563647     
  0.36239816704120242       0.12878405905121101     
  0.38104920297482248       0.14294995970769159     
           4
  0.84650000598585051       0.12927702755456716     
  0.83673469387755106       0.13265306122448980     
  0.83041003628894061       0.12360756557991316     
  0.83979377191018023       0.12325403044876404     
           7
  0.11726339613781596       0.26761895377674205     
   8.7002389304641603E-002  0.27039476513767186     
   8.9858228530518475E-002  0.25669016767450320     
   8.9997494758192298E-002  0.24995526700470289     
  0.10400279647977910       0.24155531434759972     
  0.11062494050933484       0.24270633991588089     
  0.11703645317488097       0.24049883027851135     
           7
  0.99370174306373649       0.98677343317878619     
  0.99403545484872846       0.99304810135399724     
  0.96993131959743895        1.0017488742239866     
  0.97029573200389996       0.99193554588122257     
  0.97803818841707635       0.98052082577834765     
  0.98138801190932867       0.97512535150266144     
  0.99196928704732934       0.97692679130391658     
           6
  0.20269704204384256       0.22950465973476797     
  0.19232066703517445       0.22863218948917488     
  0.19544866101661598       0.21946151785641135     
  0.18990047184996686       0.20907469237115439     
  0.20724873177519340       0.20508808715155741     
  0.21720762486232917       0.20019063789894592     
           8
  0.42262343169386957       0.92826456114128431     
  0.42099288473058644       0.94108805491035497     
  0.40522523424846330       0.93800892480632792     
  0.39434743365810560       0.92895487231018936     
  0.39680097258829111       0.91425048601257564     
  0.40370985401776355       0.91463848618997856     
  0.41206781914808599       0.91959626275127349     
  0.41834165478595720       0.91953490631025026     
           4
  0.33667957844883589       0.32895448975333164     
  0.32407609220717287       0.32994802608267443     
  0.32282857157799810       0.30151972306286229     
  0.34096675123291492       0.30317890789399876     
           5
  0.74395309430146317       0.75895479242236685     
  0.72671046303765618       0.75423169433953363     
  0.72407129483535937       0.74760965798614798     
  0.72973592486373995       0.74321683967799002     
  0.74255168763536894       0.74193371092703020     
           4
  0.42979008882076591       0.24233978028672046     
  0.41836734693877553       0.24489795918367346     
  0.41193091188098369       0.23511445035479778     
  0.42014515480033732       0.23451228005966418     
           8
  0.93300263015140683       0.20491064660716554     
  0.92972370423198003       0.21254121684020316     
  0.91745347239935193       0.21212230363303344     
  0.91143856606173490       0.21352638149306213     
  0.90589947832976059       0.19961520930875348     
  0.91129576793033995       0.19219900817865918     
  0.92225333159670875       0.19599850939401822     
  0.92916047324277806       0.19844440177123007     
           3
   4.0865437174806910E-002  0.46062297444847272     
   4.0816326530612242E-002  0.44897959183673469     
   5.4918577926362067E-002  0.44249437021908150     
           7
  0.55357256657899567       0.23976466055536277     
  0.54611063669988913       0.23992562854493715     
  0.53774420889010421       0.21792932568076392     
  0.54200649785409327       0.21210942555110304     
  0.55256922303178702       0.21512600103251189     
  0.56593229487124552       0.21072740969010234     
  0.56240552631825924       0.21555827450882170     
           4
  0.45088197633870480       0.60431166035617057     
  0.42892315247705998       0.61346746111990136     
  0.42400819519286431       0.60434205306285260     
  0.44344541553660272       0.59267265957929505     
           4
   3.7629645782757216E-002  0.72325116636698972     
   3.0298266497394030E-002  0.72668573349737731     
   2.1477421522377804E-002  0.70411750740209311     
   4.2314435021998734E-002  0.71364936114163902     
           7
  0.97038654504258737       0.15856180636244699     
  0.97349351968244702       0.17170024303311784     
  0.94548908733139703       0.16702396624514729     
  0.94887568106979514       0.15365738182771244     
  0.94548421172001729       0.14767642949720067     
  0.96730208871377654       0.14830744122178327     
  0.97457047010864950       0.15021401171860721     
           4
  0.97423497105663737       0.56425271248905862     
  0.95656992910683314       0.56481724611506812     
  0.95308587425349955       0.53637489645611636     
  0.96307487157487071       0.53666440230539292     
           3
  0.14396417029893560       0.42270497106232630     
  0.12969275422465248       0.40289832147415144     
  0.15394496799541857       0.41037710883888517     
           4
  0.39315698024674817        8.5080694927481531E-003
  0.38575307636781592        1.3660634883807905E-002
  0.37004144748842166        1.3183626170825564E-002
  0.37739407821377080       -8.6591713852577183E-003
           3
  0.90077387803104747       0.57586203739993103     
  0.88339040996573781       0.55147720564712510     
  0.91007671961212777       0.56175493911096486     
           5
  0.80166582827223365       0.26523182673332107     
  0.80343055270021535       0.25404188853497839     
  0.80416915594642890       0.24226920089914877     
  0.81767761001419537       0.24003203597945841     
  0.83194094488114345       0.24921156131008845     
           4
  0.37965803840961365       0.66718635985542418     
  0.37041753730849203       0.66490322171459404     
  0.36755942675378689       0.64043359556078028     
  0.38376078425689975       0.64029200504066108     
           6
  0.90190060726600563       0.48020979382319312     
  0.89369457861888058       0.49367551004141341     
  0.88545387473252313       0.48772625388513596     
  0.87831311944777857       0.47123991826614781     
  0.88493514966531306       0.47047810519409855     
  0.89756649246674491       0.46819329106231200     
           6
  0.19050666998331328       0.70553349557022293     
  0.16999595541730630       0.70288224431772139     
  0.17291366264803587       0.69614495317281633     
  0.17390739216195300       0.68439428258835511     
  0.18779767142361589       0.68331462104875018     
  0.19763570848881032       0.68158808165425400     
