   99.000000000000000     
   100.00000000000000     
          60
           8
   23.000000000000000     
   17.000000000000000     
   12.000000000000000     
   6.0000000000000000     
   22.000000000000000     
   3.0000000000000000     
   24.000000000000000     
   24.000000000000000     
   11.000000000000000     
   7.0000000000000000     
   12.000000000000000     
   8.0000000000000000     
   14.000000000000000     
   20.000000000000000     
   16.000000000000000     
   16.000000000000000     
   4.0000000000000000     
   9.0000000000000000     
   18.000000000000000     
   14.000000000000000     
   10.000000000000000     
   19.000000000000000     
   22.000000000000000     
   19.000000000000000     
   9.0000000000000000     
   18.000000000000000     
   2.0000000000000000     
   18.000000000000000     
   11.000000000000000     
   19.000000000000000     
   18.000000000000000     
   15.000000000000000     
   4.0000000000000000     
   12.000000000000000     
   8.0000000000000000     
   18.000000000000000     
   12.000000000000000     
   72.000000000000000     
   2.0000000000000000     
   5.0000000000000000     
   14.000000000000000     
   11.000000000000000     
   19.000000000000000     
   16.000000000000000     
   19.000000000000000     
   3.0000000000000000     
   12.000000000000000     
   10.000000000000000     
   20.000000000000000     
   7.0000000000000000     
   13.000000000000000     
   16.000000000000000     
   23.000000000000000     
   22.000000000000000     
   18.000000000000000     
   6.0000000000000000     
   12.000000000000000     
   27.000000000000000     
   9.0000000000000000     
   15.000000000000000     
           1
  0.61616161616161613       0.37373737373737376     
           8
  0.94726676775943885       0.57702050618617395     
  0.95012444101244442       0.58531120339229536     
  0.93717237909836404       0.58736766411196029     
  0.92807707753119428       0.58521977724653784     
  0.92778290676372632       0.57807790184485575     
  0.93671659740412994       0.56250787908719169     
  0.94708543017063185       0.56506620470706981     
  0.95186770729989223       0.56911552235504903     
           5
  0.16464998586308946       0.68011646124767944     
  0.15696212848293875       0.69054532029012572     
  0.13944420039891428       0.67669469014211714     
  0.14955681015805852       0.66594442104345275     
  0.16248159785628108       0.66545787403612988     
           5
  0.24542407349929451       0.44899468131401910     
  0.22594378239385510       0.44872220150856867     
  0.22438699303493784       0.44059102418638735     
  0.23661731523711546       0.42073692927857093     
  0.24028129672571913       0.42693643822429167     
           5
  0.54640153642019240        6.0647051446094044E-002
  0.52794870375837044        6.4749141826483364E-002
  0.52012688738270729        6.2238440189249414E-002
  0.52428228141324940        4.8190668036068300E-002
  0.53938157560220445        4.2538024984528577E-002
           6
  0.14143023970723731       0.76110503859523992     
  0.13824697188488491       0.76949381937373851     
  0.11821322851231975       0.75869581064457758     
  0.11986364029808098       0.74578456252683234     
  0.12803553811581136       0.74452801763949927     
  0.14277565687762417       0.74312256716776437     
           7
  0.30658047207677203       0.74087305593239616     
  0.30763914594480085       0.74858858327852551     
  0.29728509976790629       0.74923238404876558     
  0.29052709053130327       0.74871856405360249     
  0.28206955214254514       0.73287769189816543     
  0.28524722156074583       0.72239006446971255     
  0.30358250241447776       0.73578792727854669     
           3
  0.46961230572119295       0.38754902108403799     
  0.46220211509332054       0.37305285737570654     
  0.47474747474747475       0.37373737373737376     
           7
  0.24191819023568217       0.71496789673406791     
  0.24660768284598533       0.72347784703222340     
  0.23946665059268404       0.72504342030174806     
  0.22026371136721878       0.72521836957116170     
  0.22334214391879742       0.70274029951743167     
  0.23402281507183870       0.70273506784791284     
  0.24533884087505398       0.70988573808384814     
           8
  0.68736833524904151       0.45900573187646948     
  0.68646560582004146       0.46576498667999572     
  0.66152110329589631       0.46870056678913208     
  0.66768746280357238       0.46065884086030201     
  0.66205097712353012       0.45091739088148541     
  0.66592027197555304       0.44272889621899536     
  0.68190277833704249       0.43960008601216660     
  0.69161335785018541       0.44878432434759830     
           3
  0.21129339222051005       0.50346826911800113     
  0.19788244576846564       0.48984447153002425     
  0.21212121212121213       0.49494949494949497     
           7
  0.94758289893885328       0.44386275604730679     
  0.93042710767519776       0.44487255863797581     
  0.92526579811552734       0.44864339671447695     
  0.93038406175679456       0.42668355281195325     
  0.94026722953254238       0.42343020971635614     
  0.95388180837741410       0.42507844159935992     
  0.94847607046339621       0.42978635424659878     
           4
  0.68435275875455170       0.14141535770351110     
  0.67159766356753681       0.14212445083226835     
  0.66906053878782368       0.12433807118353113     
  0.68001266550816253       0.11767447336086095     
           6
  0.70705279497112095       0.26706756594447950     
  0.70025986829369724       0.26232202028092105     
  0.68282323019743230       0.26547374614038977     
  0.68495738756801328       0.25677922184135427     
  0.68296620755497672       0.24599785363725685     
  0.69593803301446677       0.23879768355025391     
           8
  0.54039698503607703       0.36208676591528255     
  0.54674849834033590       0.36880932426589041     
  0.53438003731311945       0.36680248492820694     
  0.52179635793167689       0.36603302192129872     
  0.52370947682956936       0.35275067488149792     
  0.52169651859386268       0.34391684596881256     
  0.52908376322563455       0.34073378092645168     
  0.54955752589997620       0.35678912978482419     
           3
  0.25491797949426193       0.40732812344435854     
  0.25252525252525254       0.39393939393939392     
  0.26072296185330535       0.39719376764803105     
           6
  0.87221495177800101       0.69724449189469495     
  0.86046229213216008       0.71107138283284876     
  0.84872576005696843       0.68930924725156417     
  0.86158268898248691       0.68290720117628534     
  0.87226710423296250       0.68449999380069149     
  0.86968764712736035       0.69118246835436592     
           3
  0.82093587806226487       0.28746513755461489     
  0.81171690047709144       0.26121662914414301     
  0.81818181818181823       0.27272727272727271     
           7
  0.78723437318033795       0.80082008265138516     
  0.78842816425019491       0.81027663358195112     
  0.76834745526954129       0.80740492641422945     
  0.76979919646796624       0.79786877696176350     
  0.76727164611383192       0.78767721480365660     
  0.78483225410986979       0.78290087074192793     
  0.78410103510092155       0.78977175496691054     
           5
  0.46728034783391126       0.43141066281704860     
  0.44678966201908532       0.43757319826334756     
  0.44132302657912803       0.43070524364592433     
  0.45250863611792197       0.42313001336593042     
  0.46540608060282734       0.42305373977333216     
           7
  0.32777538009663248       0.76704684108822907     
  0.31415717594361942       0.76579707655779850     
  0.30769309198517986       0.76829919322329143     
  0.30101729933280330       0.76969652541284650     
  0.31291162395653543       0.74500108778092289     
  0.32136809041436054       0.74282601674475390     
  0.32658520922293632       0.75710590574661585     
           7
  0.50572163172254159        1.0040319252397150     
  0.48842413679843766        1.0152601367827951     
  0.48047657836495622        1.0152539037219641     
  0.48087661359625938       0.99245369489774915     
  0.48680463780212269       0.99576144556000923     
  0.49122325801073996       0.99006651580486582     
  0.50669719922184930       0.99488169239917379     
           4
  0.63927807118531965       0.10259165656788737     
  0.62765710808374198        9.1333090040979364E-002
  0.62148072435330848        8.4220257300588880E-002
  0.64835059056823752        8.9813500422325013E-002
           5
  0.48921628443940779       0.38145248512025859     
  0.48192228266277831       0.38787817377753492     
  0.46240899362240745       0.38497059314293880     
  0.47007401218669964       0.35866388367635560     
  0.48478696064294241       0.36057476712510889     
           4
  0.31992585179665889       0.48869401274098184     
  0.32348396680804953       0.46347274578625686     
  0.33661694801384034       0.46634026724139055     
  0.34563946601469703       0.47179518078124627     
           5
  0.40518646845458706       0.71050748743186021     
  0.39739918235146859       0.70572137424663117     
  0.38477832250678512       0.69335007839768614     
  0.37866041101018416       0.68771573912122097     
  0.40508875745706641       0.69349781615154060     
           5
  0.50795826575600589        3.0753108346903261E-002
  0.50215699682251302        4.1969986086310841E-002
  0.48027227873014305        1.5653653030603319E-002
  0.48822163900828358        1.5278978635077966E-002
  0.50701588137955367        1.4986384813679889E-002
           3
  0.50369270815731382       0.88163727763543664     
  0.48683031596624010       0.87681907967494488     
  0.49714025530311989       0.87081987419455242     
           4
  0.88575079754776154       0.40394239334441029     
  0.87857885324753626       0.40726587488476690     
  0.86568704000911623       0.37932846558680972     
  0.87878787878787878       0.39393939393939392     
           6
  0.38669772564825222       0.93380740568753651     
  0.37555512584417733       0.92829899197185917     
  0.35907247273630000       0.92753735166612761     
  0.36204040875558241       0.91847921249891540     
  0.38509965921618527       0.90655169407142966     
  0.38249474229086755       0.91463412765874008     
           3
  0.20428051060192284       0.33795684507334317     
  0.19191919191919191       0.33333333333333331     
  0.18814174362968630       0.32129697506142602     
           7
  0.99309038103906744       0.36796299593320692     
  0.98610406437890341       0.36335013845247860     
  0.96991679883267712       0.35951652274066981     
  0.97197817457892643       0.35416166399861643     
  0.97023361371808203       0.34859944995674630     
  0.98120760724971634       0.34147722186717117     
  0.99497739776403560       0.34528457754866493     
           7
  0.32224532229779906        6.0426466254727230E-002
  0.31157771314058641        6.5313087319170418E-002
  0.31259723386346294        5.8936427582455479E-002
  0.30775032083681825        4.1809455081051702E-002
  0.31858218797005267        3.7800679194930062E-002
  0.32543341581558832        4.1149616756715038E-002
  0.32396689288250974        4.7565237025434921E-002
           4
  0.36800910648399870       0.25132814754174554     
  0.34854599570307476       0.26382478608573151     
  0.34654868012810053       0.24191656032195907     
  0.36869458010606770       0.24222731209847020     
           8
  0.80879229492515547       0.62390772329653799     
  0.80781649710113390       0.62918688867007400     
  0.78348623164945308       0.62166485918661141     
  0.78529024041846685       0.61443921462935625     
  0.78279728235177071       0.60301452523876597     
  0.79687530535002349       0.60498293981714080     
  0.80425380346861053       0.60811978088842455     
  0.80682123508243442       0.61397644051669908     
           7
  0.75237557728431725       0.74969062596221459     
  0.73768655688134788       0.75129989552830401     
  0.72683396674962397       0.74432685286837197     
  0.72629524638248033       0.73608428180417651     
  0.73344478321520157       0.72413262163405934     
  0.74053697452032430       0.72963901967292688     
  0.74530301756981920       0.73682275448517243     
           4
  0.36503364105985847       0.96356832890478594     
  0.35888926458250109       0.97310471769218876     
  0.35353535353535354       0.95959595959595956     
  0.36749923096734310       0.94431951542198000     
           8
   6.5130684196545732E-002  0.44065159111854030     
   6.4556297383463843E-002  0.44625327601944270     
   4.9449555524223948E-002  0.44939096716455595     
   4.0521692813046538E-002  0.44025295385686780     
   3.6582142183457220E-002  0.43290399937367435     
   3.9380665793800285E-002  0.42833099290913013     
   4.1288638940574607E-002  0.42055753875465490     
   6.1493622697812472E-002  0.42692869228850011     
           6
  0.20485899362509380       0.46108326306651409     
  0.19310760363531376       0.46558475277923045     
  0.17797714137202486       0.46869225142439186     
  0.17845072319700706       0.45540921686603392     
  0.18129643934168488       0.44672385826259509     
  0.20632342737165221       0.45021919559584023     
           4
  0.72044748324844166       0.40694325587368807     
  0.71289585688216717       0.40716846695058961     
  0.70282409104862942       0.39909884894165043     
  0.71717171717171713       0.39393939393939392     
           6
  0.36438634707905476       0.64716734837027856     
  0.35284079895723908       0.64616341036373592     
  0.34118583554414783       0.64608731043568635     
  0.34230572452348268       0.64005185165969092     
  0.36695554889466331       0.62144676810763921     
  0.36839383955817312       0.63116356347508606     
           8
  0.28766844653613122       0.74200430553188301     
  0.28015911451287284       0.74778679490484146     
  0.27146744809659584       0.75267803711409997     
  0.26448857168149331       0.75045533581240553     
  0.26664190866079129       0.72680287815373767     
  0.27640477245516709       0.72545822253995140     
  0.28262297520009355       0.73013948708900478     
  0.28308132990553980       0.73691485027183412     
           7
  0.32765670632302801       0.22023537442210162     
  0.32277829085853427       0.22560812055555574     
  0.31553871384081550       0.22681541295171082     
  0.30566772517329172       0.22011145347168512     
  0.31414705198012272       0.20351162982665308     
  0.32522560089445152       0.20577461206495862     
  0.32804476485483747       0.21079435170387500     
           6
  0.48784798198839990        9.9947890031976849E-002
  0.47884588692133728       0.10043160770081294     
  0.47178859469388706        9.8848305896827526E-002
  0.46459476934592875       0.10239114589599217     
  0.48213956450082857        7.7164465967787213E-002
  0.48565804145715002        9.1030152241007578E-002
           8
  0.89194155879511750       0.46798812846878102     
  0.88198129408374570       0.46338272151419257     
  0.87540765756735517       0.46450563524389960     
  0.86506601269849071       0.45892664558074042     
  0.86784428399810287       0.45128266972791625     
  0.88797556994413407       0.44559513600919737     
  0.89337089955144200       0.44994187634401062     
  0.89087346531741485       0.45527977454815716     
           4
   2.2856397948106774E-002  0.49915915341757272     
   6.2318412413653055E-003  0.50525555711242309     
   2.6717690004622423E-004  0.49942726269377230     
   1.8804844579682220E-002  0.47991531651930797     
           7
   2.0893370055065658E-002  0.78439108916754008     
   1.1744725986057303E-003  0.79091256191978310     
  -2.7198115995634171E-003  0.77774375425449260     
  -1.8521109897331172E-003  0.76488083787168204     
   6.9001033244225768E-003  0.76568926410937832     
   2.0175255865493326E-002  0.76619858750356717     
   2.0374494225382293E-002  0.77236604213171978     
           8
  0.64648802240469361       0.74056038813413905     
  0.64666749007953528       0.75175155623790590     
  0.63819796593822276       0.74911771539775174     
  0.62808489811419954       0.75216928807520977     
  0.62350288769541229       0.74090640268146979     
  0.63196749948036490       0.72230729146495742     
  0.64802143763199294       0.72381666306252734     
  0.65059428541785458       0.72870939420040148     
           6
  0.79894579478674810       0.73115393533354622     
  0.78308532928058627       0.73090118798752268     
  0.78431089379466201       0.72241282434127718     
  0.78612893465064460       0.70570838032856775     
  0.80388129158368504       0.70388280301376538     
  0.81149507840642121       0.70579502184608467     
           6
  0.22332251878822568       0.56648588772406339     
  0.20792926742120563       0.56858645247072581     
  0.20376687825917808       0.55706058167605421     
  0.19810859463678612       0.54893524233570901     
  0.20713072298477272       0.54784126008885459     
  0.22562943371650193       0.54819912457855036     
           8
  0.66793430511810237       0.23463365384808374     
  0.66543723414884415       0.24607694302312980     
  0.64632360006839040       0.24464244302177179     
  0.64484100755280027       0.22629267515763271     
  0.65034698172565364       0.21970747942492644     
  0.66112802958848438       0.22018552385192791     
  0.66869780080149699       0.21827564547853978     
  0.66908869709656571       0.22586439921770893     
           7
  0.66461508445644002       0.46966109430726821     
  0.67173301489818649       0.47846201258851256     
  0.65656565656565657       0.47474747474747475     
  0.64690832730450643       0.47126942662455118     
  0.64210576974862166       0.46367659576668430     
  0.65657597443376570       0.46417283380414981     
  0.66598118794185757       0.46204390253417021     
           3
  0.97979797979797978       0.23232323232323232     
  0.96587116173935628       0.22650186837155853     
  0.99058751763886199       0.22216979825025718     
           5
  0.24586167746161894       0.72715020474383951     
  0.23655516708938923       0.73229916575740273     
  0.22758761083387799       0.73065098696474529     
  0.22441758663973871       0.71630934198117968     
  0.24269695243513381       0.70987813859630622     
           7
   6.3999489600828130E-002  0.82449900304314272     
   4.7679543682535394E-002  0.82921565090865956     
   3.6025456759933322E-002  0.81320621598973442     
   4.1860023964359394E-002  0.80967218626071980     
   4.7557704236388852E-002  0.80531778192459780     
   5.3996697194519862E-002  0.81041437206740152     
   6.3478622569013127E-002  0.80967233242338388     
           8
  0.53564967178384137       0.28224154640738858     
  0.52632829034581052       0.28276858963995938     
  0.52062653176990348       0.27990796199057211     
  0.52376056158026330       0.27191770099814633     
  0.52230032449849706       0.26132158170488579     
  0.53021484755678672       0.25806345548037207     
  0.53405389169225148       0.26274784854729266     
  0.54604457016832231       0.26291705376394442     
           4
  0.58115895414371532       0.87260090641563659     
  0.56189570922544241       0.87114692786892878     
  0.58845165791992193       0.84435972465121634     
  0.58360838325267639       0.85771814792974865     
           3
  0.90767105747929122       0.23481234041799653     
  0.89898989898989901       0.23232323232323232     
  0.90703714500738497       0.22123061801471533     
           3
  0.52321565696467276       0.65346008432960490     
  0.50616058298580680       0.66067720704379607     
  0.50017342678646559       0.64480238255521116     
           5
  0.14661229372714837       0.50605046408905108     
  0.13959715691964289       0.50768956051996372     
  0.11997549957303520       0.49264198486734589     
  0.11622547014211809       0.48146670965433541     
  0.12331737163506508       0.48210223445635636     
           8
  0.92941863720396112       0.42000890526333778     
  0.92917089594346192       0.42659498742490898     
  0.91487743607523009       0.42219135491521520     
  0.90676131866226850       0.41034933283590935     
  0.90653454616086959       0.40138322148600736     
  0.91272877073226555       0.40170196186031804     
  0.91988275141831732       0.40310912333196125     
  0.92973380606016121       0.41209153027674755     
