   100.00000000000000     
   100.00000000000000     
          62
           8
   11.000000000000000     
   20.000000000000000     
   26.000000000000000     
   17.000000000000000     
   5.0000000000000000     
   17.000000000000000     
   1.0000000000000000     
   15.000000000000000     
   16.000000000000000     
   22.000000000000000     
   2.0000000000000000     
   22.000000000000000     
   25.000000000000000     
   20.000000000000000     
   20.000000000000000     
   21.000000000000000     
   26.000000000000000     
   12.000000000000000     
   5.0000000000000000     
   11.000000000000000     
   5.0000000000000000     
   21.000000000000000     
   17.000000000000000     
   12.000000000000000     
   12.000000000000000     
   15.000000000000000     
   21.000000000000000     
   12.000000000000000     
   2.0000000000000000     
   17.000000000000000     
   16.000000000000000     
   15.000000000000000     
   26.000000000000000     
   12.000000000000000     
   22.000000000000000     
   16.000000000000000     
   21.000000000000000     
   16.000000000000000     
   2.0000000000000000     
   6.0000000000000000     
   2.0000000000000000     
   6.0000000000000000     
   10.000000000000000     
   11.000000000000000     
   1.0000000000000000     
   63.000000000000000     
   10.000000000000000     
   21.000000000000000     
   7.0000000000000000     
   1.0000000000000000     
   6.0000000000000000     
   26.000000000000000     
   17.000000000000000     
   10.000000000000000     
   25.000000000000000     
   25.000000000000000     
   25.000000000000000     
   16.000000000000000     
   5.0000000000000000     
   22.000000000000000     
   17.000000000000000     
   6.0000000000000000     
           1
  0.76000000000000001       0.75000000000000000     
           8
  0.61332398193401771       0.14498721800237599     
  0.61045074273060063       0.15210338185871244     
  0.59936983855496739       0.15233406173462208     
  0.59125235091280992       0.15077422276496327     
  0.58896139546604775       0.12748266636413949     
  0.59711263143083049       0.12989378571534488     
  0.60551439767465309       0.12675573546472385     
  0.60896122933991503       0.13194285214235471     
           7
  0.47491373043947310        6.0728987707569716E-002
  0.46300545231286500        6.2490999550401029E-002
  0.45134878236085274        4.5355766961248850E-002
  0.46063956040017418        3.8312878025199421E-002
  0.46557793559433774        3.4852526527311870E-002
  0.47502282827382991        3.7944628578814560E-002
  0.47363971948773459        4.4127423379679544E-002
           8
  0.91841364477128640       0.14771878212911782     
  0.92550923151530273       0.15367915816060243     
  0.91282359397906965       0.14803173146615967     
  0.90810257848677467       0.15480180082896589     
  0.90014174305499595       0.14309736444701704     
  0.89591968507575315       0.13488748227845412     
  0.90298817973077017       0.12601083470663560     
  0.91240483472024569       0.12647606229958555     
           3
  0.69999999999999996       0.94999999999999996     
  0.68671058403917884       0.95960634344217199     
  0.71066825623126284       0.93653373060559608     
           3
  0.85999999999999999       0.31000000000000000     
  0.85884802692504847       0.29931179096328236     
  0.86790325310838257       0.29784630432284953     
           4
  0.20000000000000001        0.0000000000000000     
  0.18882971470296095        8.2869276492520769E-003
  0.19629054317971392       -1.4130921130156876E-002
  0.20598623965600138       -1.1990975762243901E-002
           8
  0.41524260083335185       0.56244897845850095     
  0.40232517153373132       0.56264629949767009     
  0.40062488512322897       0.55548562083173469     
  0.39787443372222275       0.54965486053944612     
  0.39866594202014716       0.54315054117742045     
  0.40261576707982866       0.53826023357868880     
  0.40916269679543726       0.54197170808974948     
  0.41903398919467916       0.53771137886967468     
           7
  0.22140849504125479       0.14934255997925328     
  0.21934442440421753       0.16359214741247055     
  0.20050138962952221       0.15653837736927381     
  0.19483960638837258       0.14688614434124037     
  0.19582926539208423       0.13548860014102271     
  0.21525251632084619       0.14031298411463222     
  0.22265445594717506       0.13500672044777914     
           4
  0.47224415144627185        2.1157371324800590E-002
  0.45491782695480265        1.9398322273534899E-002
  0.44524331280820889       -4.3013932544315233E-003
  0.47387690146148764       -5.5168550698386030E-003
           7
  0.96365358616982599       0.45693489118640351     
  0.95525189428333201       0.46132266505819713     
  0.93701724558865207       0.45352747271471988     
  0.93669844775102196       0.44441734105067082     
  0.94234046923176829       0.43657632141382408     
  0.96209117458311577       0.43868073317994510     
  0.96107698132390063       0.44676649589791567     
           5
  0.17253027873961935       0.89606617776946729     
  0.16720845688232647       0.90511287795836215     
  0.15112493522748283       0.89886884962636859     
  0.14651860919669751       0.88244024108939234     
  0.15583586399797833       0.87989257419637257     
           7
  0.42421538750803550        1.9850349440709052E-002
  0.41438701979974146        2.1867854221969296E-002
  0.40441051980970799        1.9903069841582528E-002
  0.39445107298068832        2.1372373628297373E-002
  0.40134080677181344       -2.8328962483945199E-003
  0.41785095612670875       -1.0963425291499358E-004
  0.42142896622185355        7.2947724250362759E-003
           8
  0.61490387087748088       0.94234065652169241     
  0.60908236973556540       0.95423649345846728     
  0.60188570722139334       0.94856598236654033     
  0.58924937659382104       0.95354886800409910     
  0.58798697920188248       0.94335081057360637     
  0.59065605927572373       0.93453708927200685     
  0.58466853909778393       0.92500634677106819     
  0.59518232265367499       0.92685184025333012     
           7
  0.56225499466414797       0.25461374150684934     
  0.54833836355371735       0.26314397506107440     
  0.54231183678125838       0.25877897278782747     
  0.53544116923479534       0.25732369682249456     
  0.53507758306981068       0.25059851795327975     
  0.54209929886277630       0.24211617196916721     
  0.55331295069363307       0.23901248695059402     
           4
  0.70340715138049748       0.42113615778700647     
  0.69498471253928884       0.42293678364696558     
  0.69448881712695953       0.39498866569721253     
  0.72111070394746102       0.40718585209590813     
           7
  0.39678686518802597       0.35888099662491107     
  0.38071159769481039       0.36550760100194124     
  0.37654529978542600       0.35052924964028281     
  0.37951413870437928       0.34547996718661012     
  0.37627512009514463       0.34047341893725891     
  0.38643502513931766       0.34142893478459346     
  0.39660956029190825       0.33655855925751393     
           6
  0.59869713001848923       0.71389898221818227     
  0.59602704571779097       0.70583466273255557     
  0.60158078112332158       0.69299005278821368     
  0.62491621494125871       0.68955747833119796     
  0.61948750281979514       0.69556263888059766     
  0.62496917727084333       0.69869591924411945     
           6
  0.81254197368955927       0.37383760874875910     
  0.80490943462510078       0.37356376531539370     
  0.79188716701589257       0.37374248194583248     
  0.78432368801995600       0.36998338875248082     
  0.79030963872347637       0.35313597468664243     
  0.81367866589310989       0.34795008420897755     
           3
   1.0134605413437012       0.26324983918209288     
  0.98897802727375017       0.27529933487169306     
  0.99808233757214149       0.24925540302453705     
           7
  0.64968227452608263       0.85891309921106862     
  0.64081032257194481       0.85717054249806490     
  0.64060778087177095       0.85119285556768143     
  0.63950420074119196       0.83577394711464514     
  0.65109067815157950       0.83736095402510424     
  0.65717113054365739       0.83559014737327064     
  0.66553767747909787       0.83834222456979401     
           5
  0.41340853880239686       0.52024255989521218     
  0.40401828678896806       0.52303243451155290     
  0.39218645206929348       0.51954390350551105     
  0.38731447632854815       0.50626631263909982     
  0.39956100040445430       0.49437192538452396     
           3
  0.19920178849899209       0.71759466198989597     
  0.19000000000000000       0.70999999999999996     
  0.18890971515673563       0.69778514129565494     
           6
  0.35265740785253480       0.50315512838461052     
  0.35543815018748925       0.51465736845068233     
  0.33144817238077434       0.49819776328109167     
  0.33941907334800830       0.49028806139886227     
  0.34989510130000634       0.48686042911817273     
  0.34805706522045088       0.49289670549168779     
           4
  0.36851016676677550       0.60382215725719590     
  0.35999999999999999       0.60999999999999999     
  0.34520239580908729       0.60022044226548033     
  0.35302177986619915       0.59437153288039091     
           7
  0.70334481684282957       0.50905261052611195     
  0.68894313988212763       0.51466198842168576     
  0.67510819830427327       0.51172051647209460     
  0.67895441904903231       0.49608708736057866     
  0.68578915584498445       0.49147528291625181     
  0.69912206425625023       0.48916846285359766     
  0.70435694233828794       0.49767820779171235     
           5
  0.62035830715015894       0.94028758810267488     
  0.61482517506882239       0.95330534789956944     
  0.59727691661775506       0.93428556220916870     
  0.60331791032275606       0.93008217616829714     
  0.61881319389119716       0.92958803557427017     
           3
  0.19074209565450972       0.12255256369692254     
  0.17741383776302186       0.10862787333630075     
  0.19642062971904256        9.9093230892377912E-002
           6
  0.52088300475283100       0.91888587204813599     
  0.50494428546075587       0.92358671562060779     
  0.49604070484403678       0.92515373944222901     
  0.49535233487867480       0.90310514934694008     
  0.52544773239298304       0.89691990352340201     
  0.51943354155261368       0.91109931922039489     
           3
  0.60876144733220872       0.55298904994799980     
  0.60999999999999999       0.54000000000000004     
  0.61788884337603978       0.53737605638417174     
           4
  0.76000000000000001       0.90000000000000002     
  0.74800995031249684       0.91185508134716986     
  0.74515916250958547       0.88727648273724857     
  0.75489419723605511       0.88982482460433965     
           8
  0.41577219569026747       0.75896261814434063     
  0.40023233809009495       0.76544337807177731     
  0.39497899660719499       0.76126190927473603     
  0.39699488236201902       0.75523990801383278     
  0.39843202828174856       0.74479552034320651     
  0.40865502624446670       0.73636869310096054     
  0.41474683012155916       0.73659670242792041     
  0.42439019213714885       0.74015079926480587     
           8
  0.36076273028673239        1.0011459087093484     
  0.35315724058694414        1.0149910210804016     
  0.34866771704049682        1.0108773093184520     
  0.33851336519209291        1.0088615584324376     
  0.33825364116782597       0.98574851377281458     
  0.35541918316670795       0.99116303804713402     
  0.36272381458784303       0.98653957274735071     
  0.36212882336153451       0.99215844319472513     
           3
   7.7895657811719830E-003  0.40852958682045643     
   1.8856150355913669E-003  0.38765834902510088     
   2.2132405567961699E-002  0.38943605572933965     
           3
  0.15431003370884874       0.91799750776944067     
  0.14999999999999999       0.91000000000000003     
  0.15836009446936763       0.89869829019793857     
           3
  0.20999999999999999       0.11000000000000000     
  0.20091235136129981       0.10143380579765959     
  0.21241990020364215        9.7967518196727110E-002
           6
  0.79956330615298377       0.82101864204373021     
  0.79135212647467790       0.81799002370065788     
  0.78165044281955298       0.80961635994105341     
  0.77848211473359485       0.79706334954989067     
  0.78766306951871823       0.80061268847010791     
  0.80468767022688148       0.79704684789315372     
           5
  0.34821701951158895       0.36678591395633287     
  0.32528440794258179       0.37563495583879830     
  0.32625832180028463       0.35132286621652148     
  0.34088481148470612       0.34842908266196404     
  0.35417288289570192       0.34768916970556568     
           3
  0.73113248308972545       0.99986870856549115     
  0.74622400557287361       0.97817907779254065     
  0.75524172177325177       0.97556861647986348     
           7
  0.75670069609159496       0.14799320330793736     
  0.75258804070186835       0.15358524741867211     
  0.74568555299523109       0.15222105194289492     
  0.73747204538310274       0.14153111528956844     
  0.74107905650668016       0.13292755973917528     
  0.74558282331296455       0.12471361603413515     
  0.75489474459126971       0.12691822482063095     
           7
  0.66282997301473201       0.54874538863739264     
  0.66219011952863938       0.55550662953626384     
  0.63881112503383108       0.55049301301845044     
  0.63914380665207537       0.54123372191590946     
  0.63850312714763546       0.53411207245205150     
  0.65289191450352080       0.53211696450840207     
  0.66260622919043088       0.53253052137687917     
           5
  0.56457434989257727       0.10179218129145860     
  0.55988895012479867       0.10933468917646971     
  0.54049248487423562       0.11419748248309271     
  0.54254292976157759        9.1189778026710688E-002
  0.54743248572859393        8.5295577394995326E-002
           4
   1.0085162267645140        6.1279742919277146E-002
  0.98682793260666812        5.9634994297838799E-002
  0.98708169493138720        4.5478285541483067E-002
   1.0008809392041131        4.6276193624497093E-002
           6
   1.0022781189728365       0.92569281231646816     
  0.98180823487283475       0.91862910220024074     
  0.97481299906520047       0.90019657999510339     
  0.98609048949773137       0.90024324823689261     
   1.0010014135459380       0.89526946941608221     
   1.0000246226383613       0.90269124725533478     
           8
  0.26156659501446122       0.87353051241037449     
  0.25476529514875917       0.87376002558683263     
  0.25240051415653464       0.86825314433839018     
  0.24556208744957941       0.87377714544234086     
  0.23504009160659128       0.85976480449426929     
  0.25172183241629781       0.85171322670464500     
  0.25695406507703467       0.84722564128379818     
  0.26507573535189022       0.85615445712219074     
           3
  0.73833949550199296       0.17281036316305431     
  0.75000000000000000       0.16000000000000000     
  0.76269985299365717       0.15285251003033190     
           6
  0.31214436518603622       0.45165576404712660     
  0.30756562323336073       0.45833304009381931     
  0.28841761123821225       0.45420239317556999     
  0.28753171491954416       0.44754052007000611     
  0.29234619522957350       0.43842037019546165     
  0.31198664221547434       0.44380409506357066     
           7
  0.21857652768624808       0.85790084031196956     
  0.21013362564961194       0.86188346049925690     
  0.19890214378116361       0.84849609270729243     
  0.20016358998536418       0.84270753782516872     
  0.19963529650623782       0.83660188919956535     
  0.20504951650890363       0.83874181156432448     
  0.22022296589666338       0.84103425253132036     
           7
  0.75975725309833553       0.79840134645271954     
  0.75562455384455940       0.81322308736131677     
  0.73552347629216497       0.80623073052292749     
  0.74074231264867763       0.79684131810996295     
  0.74160110271016177       0.78842804293406132     
  0.74782186531535133       0.78503107979140319     
  0.75832246856223751       0.78560497793146400     
           6
  0.72060625506877307       0.36426521771646908     
  0.70137721726262159       0.35129717933920723     
  0.69654201962359552       0.35832810064270754     
  0.69747150186399720       0.34239618968345592     
  0.69665670373723820       0.33503954114258450     
  0.70695721570590431       0.33935572868675318     
           4
  0.57550905052297174       0.82063722005373629     
  0.56053401738823527       0.81791460664463389     
  0.54622883149330426       0.80910752389206997     
  0.55511486933347287       0.79587744357847501     
           7
  0.26071018684897507       0.75904778273816609     
  0.25286106350870852       0.76849680723829417     
  0.24187361169687283       0.76616809328660407     
  0.23728166265190243       0.77112362723651384     
  0.23590987462622695       0.74732458430995041     
  0.24413771310064894       0.74715919998515234     
  0.26116447554851097       0.74846145308102141     
           4
  0.84593462749696857       0.77366889866607025     
  0.83962347572758111       0.76817992042063732     
  0.86257789201543666       0.74823160290103330     
  0.86254680120175664       0.76058080992031385     
           4
  0.60637714741406312       0.35342850174516049     
  0.58914405035364104       0.34532961413087787     
  0.59965281904617018       0.32581882997470590     
  0.61567054993741976       0.32756678510302184     
           5
  0.42394169108973118       0.44361740174258207     
  0.39840837484191427       0.44628760781347893     
  0.40012049915889936       0.43215812263039177     
  0.39735691056881295       0.42578048357070247     
  0.41871026479942480       0.43019338954557296     
           8
   7.2661487410591113E-002  0.55879172975089131     
   6.7541640819122881E-002  0.56429605476287215     
   5.9090960712885138E-002  0.56340972093007824     
   4.4876293473791330E-002  0.56566494554864466     
   5.0752912443370074E-002  0.53620647484528017     
   6.2794155099522395E-002  0.53521646456729222     
   7.5251573672409935E-002  0.54382815841374610     
   6.9940715631056430E-002  0.54835812043510790     
           7
  0.61107760144204337       0.54718882152205583     
  0.59974403232399554       0.54855564910074728     
  0.59153895693548819       0.55372903307134336     
  0.58493608180613810       0.55367095311144043     
  0.59037537029424125       0.53663719401257870     
  0.59114051979096527       0.52762021908517087     
  0.61564268990937376       0.53128727538522702     
           6
  0.40557021745014971       0.97245500437640764     
  0.39729948505332963       0.97538034015567787     
  0.38625577014980217       0.97136580744396028     
  0.38849956283092218       0.95713513233939784     
  0.39606026571247999       0.94570033661204222     
  0.40245552974470261       0.94897217137405820     
           8
  0.21455028882806551       0.71643332080810640     
  0.21193171708684269       0.72460542145393603     
  0.20473718082597531       0.72320658421010720     
  0.19244309973674287       0.72241688457544739     
  0.18572406263635052       0.72080901480075110     
  0.18442786514271292       0.70888942609664796     
  0.20836579722959192       0.70015178495727459     
  0.21413239517645616       0.70942591209774108     
           3
  0.93629011026621889       0.46005736720298374     
  0.93999999999999995       0.45000000000000001     
  0.95421768479052171       0.43553224529954049     
           5
  0.32096314489845523       0.41283788548692296     
  0.31088610681134721       0.42019963751923139     
  0.29626466633384996       0.41356264551863681     
  0.31447165709124897       0.39701060218990686     
  0.31965970856137627       0.40511211683761889     
           5
  0.41183155077641087       0.48871631052905073     
  0.40511546867288489       0.50530880764371156     
  0.40000000000000002       0.48999999999999999     
  0.40951716991407144       0.48074924528644220     
  0.41512563171270578       0.47522742637594995     
           3
  0.56460611020323015       0.81280120877226736     
  0.56000000000000005       0.80000000000000004     
  0.57103238232568898       0.80233350359576339     
