   97.000000000000000     
   100.00000000000000     
          59
           8
   16.000000000000000     
   2.0000000000000000     
   7.0000000000000000     
   11.000000000000000     
   9.0000000000000000     
   17.000000000000000     
   21.000000000000000     
   23.000000000000000     
   10.000000000000000     
   6.0000000000000000     
   19.000000000000000     
   18.000000000000000     
   20.000000000000000     
   13.000000000000000     
   5.0000000000000000     
   11.000000000000000     
   24.000000000000000     
   2.0000000000000000     
   3.0000000000000000     
   1.0000000000000000     
   5.0000000000000000     
   20.000000000000000     
   23.000000000000000     
   24.000000000000000     
   18.000000000000000     
   19.000000000000000     
   2.0000000000000000     
   17.000000000000000     
   17.000000000000000     
   9.0000000000000000     
   11.000000000000000     
   2.0000000000000000     
   6.0000000000000000     
   9.0000000000000000     
   5.0000000000000000     
   9.0000000000000000     
   2.0000000000000000     
   14.000000000000000     
   19.000000000000000     
   11.000000000000000     
   21.000000000000000     
   20.000000000000000     
   21.000000000000000     
   18.000000000000000     
   48.000000000000000     
   1.0000000000000000     
   17.000000000000000     
   42.000000000000000     
   2.0000000000000000     
   4.0000000000000000     
   24.000000000000000     
   18.000000000000000     
   21.000000000000000     
   11.000000000000000     
   9.0000000000000000     
   18.000000000000000     
   22.000000000000000     
   9.0000000000000000     
   23.000000000000000     
           1
  0.27835051546391754       0.95876288659793818     
           8
  0.35196401373148289       0.28601597988571975     
  0.34806273443857771       0.29286815313101722     
  0.33315227599437791       0.29304724562630169     
  0.32624679098243659       0.28600523502436948     
  0.32530090566363501       0.27461438166309005     
  0.32724669375682675       0.26544071886865200     
  0.33349541261678145       0.26959902582467138     
  0.34390894454403109       0.26983650386969077     
           7
  0.30962842630431547       0.41072238231758645     
  0.30213363367840612       0.41284362019470305     
  0.29250673424988438       0.41533012635146677     
  0.28700279511454352       0.40776704030981420     
  0.29403851917389112       0.39059631975113196     
  0.30280687722325955       0.38949294781812033     
  0.31158117404596325       0.39725156395083416     
           7
   7.7122396511274241E-002  0.84378761679583658     
   7.2441799040779353E-002  0.84957963403491876     
   6.0615809944967618E-002  0.84837909819149082     
   5.8340437627891234E-002  0.83592321655337820     
   6.1927862344951845E-002  0.82927375913855073     
   7.2434767407448614E-002  0.82234994802550454     
   8.7024510887134740E-002  0.82833898617242563     
           8
   2.0364434877296857E-002  0.61835092538687897     
   1.2719794913766668E-002  0.61829827872151277     
  -1.1910801492189000E-003  0.62286180574613992     
   2.5281477298229257E-003  0.61828769083208268     
  -4.4607868527534993E-003  0.60329036906268318     
   6.8128681444489872E-003  0.59841119835784484     
   2.5303732335730800E-002  0.59488278719113974     
   2.1294626787550987E-002  0.60851859563882771     
           5
  0.51529621652990387       0.10014625570111169     
  0.50818733566407082       0.10045020139449160     
  0.49936309705107723       0.10219568607520724     
  0.49574602797723544        9.5684307762740992E-002
  0.50616038194944812        7.9420903707480811E-002
           6
  0.23008178871999738       0.55456661582582933     
  0.21271630253014062       0.55452021786828321     
  0.20275688819405419       0.54675516256923906     
  0.20586418305820800       0.53488308439155730     
  0.21481466886860631       0.53278482095518054     
  0.22324598301969259       0.53626211595744733     
           8
  0.82838058050481533       0.92370405262462318     
  0.82373963460160160       0.92894614170318079     
  0.81295279334962223       0.93011614415756705     
  0.80228463364095715       0.92504538673234760     
  0.79971323285143447       0.90922562280551011     
  0.80716102892582431       0.90547513016884118     
  0.81707846972713427       0.90508179772676278     
  0.82537974035748896       0.90574104891690321     
           8
  0.84398260531330260       0.86055104195795196     
  0.84923043535149412       0.86870136687076760     
  0.84140906328787224       0.86937750971621097     
  0.82143858170583361       0.86490970501276876     
  0.82564410250915410       0.84787298423472957     
  0.82908546551089402       0.84204061268996833     
  0.83893262894305709       0.84285821693866025     
  0.84749542144184797       0.84295170089588545     
           6
  0.88851852721386371       0.11157944488685000     
  0.88637061098550440       0.11908862077964708     
  0.86752433873419188       0.12172115030873880     
  0.86577941129744029       0.11125678503191529     
  0.87053006668133059       0.10056543828783943     
  0.89112637575669329       0.10331977098242909     
           3
  0.46391752577319589        9.2783505154639179E-002
  0.46119241374875364       0.10080032361322325     
  0.45118015545594520        8.4079649695633529E-002
           3
   7.5205192893230133E-002  0.68336023109364907     
   6.4779100798277520E-002  0.68424295701895521     
   7.2164948453608241E-002  0.67010309278350511     
           3
  0.98592454661828988       0.28855878211088026     
  0.96784940582152379       0.27592518063120897     
  0.98421145737584370       0.26749309624619910     
           5
  0.84891422372629233       0.88022470264868535     
  0.84733812390263819       0.88776579391588395     
  0.82604012199597021       0.88496985310257892     
  0.82278842368034100       0.86489547401026812     
  0.83658972656896313       0.86808891185676440     
           3
  0.39585620587168191       0.84001344281538237     
  0.37229478953701284       0.84383591129153934     
  0.39374110175811211       0.82297298790138118     
           5
  0.72346069070389740       0.72045565942465328     
  0.71749216739920629       0.72641032180808573     
  0.70877597524546365       0.72507313951518237     
  0.69630705353107214       0.71095316164760691     
  0.72300327695652333       0.70290173103510201     
           8
  0.16515734113826197       0.97981626355711748     
  0.16162587799075132       0.98718507480307738     
  0.15896738004871394       0.99305606643779443     
  0.15270077079449626       0.99138382103770384     
  0.14188208149423165       0.97267253644967588     
  0.14693425225258211       0.96661245876074808     
  0.15785476941679716       0.96867612054032781     
  0.16331124671772018       0.96678994214914626     
           6
  0.92969446383467602       0.77395281783516456     
  0.93242252157002303       0.78512758420727102     
  0.90996465691173178       0.78234410001017729     
  0.90740627150706898       0.77305496686982511     
  0.90720882884042842       0.75918817412150763     
  0.92106068152965259       0.76309634047094388     
           3
  0.33901625974131422       0.96889413120781787     
  0.32549145379149630       0.94396800766203015     
  0.34264261259107726       0.94953598066803657     
           4
  0.59394302871063986       0.86833186393510620     
  0.57761308089984931       0.87062571353705343     
  0.58839465727494211       0.84160290883609234     
  0.59848626027820140       0.85792249239196938     
           8
  0.12788543689652090       0.98633865919770791     
  0.12013993154027279       0.98879289755206246     
  0.10992327556289112       0.99289740345887556     
  0.10330588696502306       0.97717313724460253     
  0.10511619842295167       0.96481805008725940     
  0.11938662528560785       0.97016025324199362     
  0.12584410592904391       0.96620680713582852     
  0.12796752092862471       0.97134336427052348     
           4
   4.0772141386434452E-002  0.60106123336124584     
   1.8088550118618520E-002  0.59411459705713521     
   1.6707583276290523E-002  0.57670359999378495     
   4.1765183292162236E-002  0.58645406477019513     
           4
  0.47821690930969513       0.12034722704310374     
  0.46391752577319589       0.11340206185567010     
  0.45878842601801278        9.9830158547884892E-002
  0.47089043986629758       0.10167896481752305     
           3
  0.45842487833717255       0.64204682223727416     
  0.44329896907216493       0.62886597938144329     
  0.45320166431674092       0.62318002270625883     
           6
  0.37342713480262169       0.45720564259081370     
  0.35050360342072279       0.44974541741512147     
  0.34627985660901395       0.43331054135084079     
  0.35389922889331854       0.43312718837872705     
  0.35989503303964177       0.43092675440554978     
  0.37163974597439348       0.43038348201538218     
           6
  0.20942155569885282       0.86068186543952985     
  0.20377072541980221       0.87031265412654812     
  0.19140358320297932       0.86904915146575246     
  0.18442800396756256       0.86629620685526076     
  0.19545707858622816       0.84354850618842481     
  0.20669882056664313       0.84801311461661077     
           8
  0.86282661053581045       0.72325437020859407     
  0.85567262120026244       0.72334506023787182     
  0.84054348774194221       0.71660919741143436     
  0.84410552507792347       0.70771191130336630     
  0.84109251722798828       0.69746527240453116     
  0.85701699012197385       0.70167764957304768     
  0.86520616711679177       0.69803265948771176     
  0.87069717115320766       0.70041448045111232     
           3
  0.87179252066974755       0.80746472916553336     
  0.87493852949077844       0.77928430476643096     
  0.88603953398251678       0.78309930089072077     
           8
  0.20492064275300176       0.40112426160619902     
  0.21079076788690757       0.40882609147031940     
  0.19234324652417509       0.41320961902412340     
  0.18107923262965642       0.39822485177544703     
  0.19159338916240648       0.39190853403590881     
  0.19732570997598675       0.38762452848656964     
  0.20284003352595897       0.38781652047657161     
  0.20771084238079382       0.39562310153313124     
           4
  0.86362166189080258       0.90145612298687083     
  0.85758822573480931       0.90783219809694027     
  0.85380623156265156       0.88827094558621211     
  0.86470682755162021       0.88900632472712804     
           3
   1.0309278350515464E-002  0.13402061855670103     
  -3.4831730181110569E-003  0.12800973175718630     
   2.6872191547888174E-003  0.11936205649841138     
           7
  0.15651928621540276       0.41078128597771557     
  0.14971884516356701       0.41082758885423976     
  0.13973669861393809       0.41512311386114459     
  0.14166088939534724       0.40676733345738725     
  0.14102150104715211       0.39278246020204749     
  0.15088095476373731       0.38794393218002771     
  0.16579385787018550       0.39853528630034446     
           3
  0.86806802897905022       0.17851351992222445     
  0.84596572606334408       0.17920886005657707     
  0.85352823136959688       0.16308895256195824     
           5
  0.43558531454390320        1.0049315412673872     
  0.41648146999239488        1.0138762478598637     
  0.41216033999804513       0.99783977799251766     
  0.42138659373627646       0.99207333325662916     
  0.43456510870314208       0.98743233885997661     
           3
  0.32855342900943152       0.64161979068105834     
  0.31958762886597936       0.62886597938144329     
  0.32576679434820505       0.61608636844139031     
           8
  0.61826809375112302       0.71786949278536327     
  0.60710605812786100       0.71908199011781615     
  0.60388120820815283       0.72581071616415949     
  0.59845702683159829       0.72478864313541902     
  0.59390836699179039       0.70459902662099227     
  0.61216991038386170       0.69713390088331351     
  0.62295343256700975       0.70081429216719504     
  0.61950158589085147       0.71234949852418561     
           4
  0.29714243073481866       0.16538935921736106     
  0.28489737016430122       0.15439664406147366     
  0.28904755312110508       0.14712348247418652     
  0.31410099587282031       0.14763679215908820     
           8
  0.97129424371280704       0.85804715746093363     
  0.95702117163541578       0.86888081384108984     
  0.95017851765921346       0.85674530813694283     
  0.94945114325330016       0.84951136068776611     
  0.95212048185769960       0.84393743061220994     
  0.96001603706638072       0.84706074324742930     
  0.96229033196795133       0.84140850247988841     
  0.97206920967838106       0.84659366970586825     
           7
  0.65815219612186382        1.0042167282291599     
  0.64198505800841399        1.0143238996309520     
  0.63890908407521851        1.0069010121443440     
  0.63500282478143877       0.99068829427836469     
  0.64735356665843391       0.98916421159477164     
  0.66434564664962292       0.98898992977567324     
  0.65899571005491187       0.99280324166001088     
           7
  0.68187719345430076       0.59593341803358846     
  0.66340077621372107       0.59973579530393806     
  0.66214983240770564       0.58479856042045686     
  0.65575710082492344       0.58557776437376330     
  0.65795188465601906       0.57753060104269827     
  0.66210942201340006       0.57259488278121895     
  0.66765808968965668       0.57398576116009214     
           4
  0.15992691607995219       0.72329727226213725     
  0.14454310524561675       0.71089459361572060     
  0.14720830019508097       0.69631223863025193     
  0.15352570026299736       0.70274991964968125     
           4
  0.33158017135886575        1.0113002489323561     
  0.31838863643308662        1.0093337364233976     
  0.30691786283529532        1.0057926925111822     
  0.32951002917588579       0.99201016660676478     
           3
  0.58619740793012520       0.10595956870325668     
  0.57683364516625812       0.10470319587677000     
  0.58762886597938147        9.2783505154639179E-002
           7
  0.88925291101812487       0.38339362030859225     
  0.88267129790062182       0.39292500851415035     
  0.87727255333033705       0.39498145335475809     
  0.86478555619839026       0.38023785057008419     
  0.86251009786369448       0.36633627080285858     
  0.86806794943491772       0.37049591291665801     
  0.88172823244352228       0.36829358719113936     
           6
  0.22909288448340628       0.30034193380464475     
  0.22436901406573675       0.30645333092104787     
  0.20416323761752875       0.28859364364938139     
  0.21777304439156026       0.28691301367019373     
  0.22839564947675595       0.28427200928091578     
  0.22949283113407065       0.29187311338801059     
           7
  0.56072935981402938       0.12611612882224382     
  0.54100615087872161       0.12413182203061812     
  0.53324394411391918       0.11873841295270207     
  0.53849057788179810       0.10678302272246025     
  0.53774526156704883       0.10116933140115825     
  0.54623939369523344        9.9333654726545886E-002
  0.55600383929240038       0.10449422869209440     
           8
  0.16371972983712008       0.79495857428765315     
  0.16936830787475804       0.80810834776509854     
  0.14790608360817195       0.80407345700611443     
  0.14249296894257979       0.80714764436196673     
  0.14271938581067700       0.79259498050438926     
  0.14295148849565054       0.78265286550731050     
  0.15395311647735785       0.78368140617727688     
  0.16062184816354644       0.78313619578600357     
           8
  0.43220492750269457       0.71614936667201268     
  0.42882689762378273       0.72532682082043543     
  0.41775822810527807       0.71925986755246285     
  0.41482964467821359       0.70303588955234653     
  0.42347147923757444       0.69764164659904493     
  0.43276124550318129       0.69823553669474625     
  0.43146098804867095       0.70335958177400593     
  0.43440696521812738       0.70875027022177206     
           4
  0.47438054391278339       0.18865121579083016     
  0.45006135769652272       0.18977183758118910     
  0.46391752577319589       0.17525773195876287     
  0.47448826705420738       0.18013454610049587     
           5
  0.14457333400063965       0.26281844715532754     
  0.13614802635841103       0.26934157114336915     
  0.12370119187364974       0.26263776015059948     
  0.12921459921527123       0.24743103839018210     
  0.14287546485101385       0.25502092697428003     
           3
  0.63492307732839048       0.60226634757822939     
  0.64572843331883401       0.57878664476320385     
  0.64948453608247425       0.58762886597938147     
           5
  0.97323639085289781        6.1640984160247415E-002
  0.96627314280015419        5.3919284183695265E-002
  0.97490366500493253        4.0300248522385909E-002
  0.98530997664737474        4.0454366981392945E-002
  0.99189601870523114        4.4726195708251044E-002
           8
  0.57779018797993786       0.94122272362366377     
  0.57708369257586245       0.95141525033882468     
  0.57197512106822768       0.94937468040069417     
  0.55431221729125291       0.95293454165890246     
  0.55446869700661705       0.94531083176002495     
  0.55437928306771089       0.92806335844049015     
  0.56909499680279629       0.92904505354505884     
  0.57914939136222088       0.92634215743865722     
           4
   4.2759849043393527E-002  0.33109763044324020     
   2.6799723900259111E-002  0.33401773769719562     
   1.6802435595536812E-002  0.32636171919647999     
   3.0927835051546393E-002  0.31958762886597936     
           5
  0.49611527683346440        7.8914235837201113E-002
  0.48273485708359870        8.5644623210876250E-002
  0.47401818225425996        7.6195112174435420E-002
  0.47362586110155414        6.1240717813518197E-002
  0.49094247921785505        5.8520181939933427E-002
           4
  0.63260615980637580       0.72542863377635924     
  0.61372171056949287       0.72307739448367747     
  0.61854648266172541       0.71506890131716150     
  0.62886597938144329       0.71134020618556704     
           4
  0.87628865979381443       0.36082474226804123     
  0.86686749353860593       0.36493164130055344     
  0.87126619929875770       0.35083636809420282     
  0.88861169549080210       0.34839778254661119     
           4
  0.92570485252183687       0.84359700002893612     
  0.91332734391836556       0.85000758772881413     
  0.90609993898936658       0.82888207036287476     
  0.92937494149817301       0.83170412576119690     
           7
  0.47399386534932375       0.48685919402574351     
  0.47877075358010501       0.49262541987057862     
  0.46655889486480362       0.49395043304912833     
  0.46016795567575369       0.49453740666753399     
  0.44911559340661517       0.48969346735655950     
  0.44970296635119544       0.47833122227244740     
  0.46780571928377945       0.46997012175022379     
           6
  0.68414308675113034       0.97179438596791845     
  0.66867534197646983       0.97361258656717375     
  0.65943868362153701       0.95609359736851796     
  0.66865016783946407       0.94463175922681808     
  0.67696799189926815       0.95065157303233050     
  0.68331919062345781       0.94912042596292412     
