   97.000000000000000     
   100.00000000000000     
          64
           8
   12.000000000000000     
   24.000000000000000     
   16.000000000000000     
   7.0000000000000000     
   9.0000000000000000     
   20.000000000000000     
   10.000000000000000     
   18.000000000000000     
   26.000000000000000     
   17.000000000000000     
   2.0000000000000000     
   11.000000000000000     
   9.0000000000000000     
   12.000000000000000     
   11.000000000000000     
   12.000000000000000     
   23.000000000000000     
   7.0000000000000000     
   1.0000000000000000     
   26.000000000000000     
   10.000000000000000     
   9.0000000000000000     
   22.000000000000000     
   21.000000000000000     
   17.000000000000000     
   2.0000000000000000     
   15.000000000000000     
   16.000000000000000     
   14.000000000000000     
   23.000000000000000     
   24.000000000000000     
   2.0000000000000000     
   12.000000000000000     
   18.000000000000000     
   5.0000000000000000     
   19.000000000000000     
   15.000000000000000     
   8.0000000000000000     
   6.0000000000000000     
   14.000000000000000     
   13.000000000000000     
   5.0000000000000000     
   24.000000000000000     
   25.000000000000000     
   2.0000000000000000     
   8.0000000000000000     
   14.000000000000000     
   2.0000000000000000     
   13.000000000000000     
   10.000000000000000     
   6.0000000000000000     
   6.0000000000000000     
   24.000000000000000     
   21.000000000000000     
   20.000000000000000     
   24.000000000000000     
   4.0000000000000000     
   19.000000000000000     
   14.000000000000000     
   23.000000000000000     
   2.0000000000000000     
   16.000000000000000     
   23.000000000000000     
   14.000000000000000     
           1
  0.25773195876288657       0.52577319587628868     
           8
  0.37190473891319858        7.7895444213366402E-002
  0.37311002719360470        8.6166292791088742E-002
  0.36698184151744240        8.7415075822710131E-002
  0.36323854893418095        8.0401502542730208E-002
  0.34575091671572278        7.3720671563991716E-002
  0.34918066518659430        6.8855471668787444E-002
  0.36123357881401702        5.8191699907587165E-002
  0.36726331124752687        6.0968003089651036E-002
           8
  0.97069368073905182       0.77565663920598782     
  0.96886185781561562       0.78422906134111114     
  0.96145983382440769       0.78306700157968645     
  0.95087907912654257       0.78056194469624918     
  0.94351555032267986       0.76915635817534123     
  0.95337141871350661       0.76294023566294600     
  0.97309139326087035       0.76377304455746886     
  0.96873427151178648       0.76806631726452335     
           8
  0.56071042021910888       0.99237479478408197     
  0.55266032851542701       0.99041416212438971     
  0.54558599539381503       0.98852127514804211     
  0.53679892901436688       0.99374763004256561     
  0.53460312831290602       0.98781541271390649     
  0.53521482938427389       0.97203845182339865     
  0.55500539531810766       0.97002348655411286     
  0.55861476769543505       0.97960749745475240     
           7
  0.53669262351528657       0.83362085469847591     
  0.52890609573340874       0.84853468407012111     
  0.52184672532095766       0.84774590121081228     
  0.51605620091738158       0.82805580852100025     
  0.51258860624031277       0.82277519273402921     
  0.52315630175742744       0.82487197890160402     
  0.53036642303899806       0.82429236295335384     
           8
  0.53147015832500022       0.57904307013188083     
  0.52066622171963384       0.58113192513511025     
  0.51307789872055154       0.57851929941145241     
  0.51204369834482599       0.56642015416603253     
  0.51488080060090491       0.55332243509011314     
  0.52048205068962439       0.55285274596198042     
  0.52893817040718816       0.55623065447865727     
  0.53621766128962933       0.56356548238965209     
           6
   2.4843083585303936E-002  0.68910736962155017     
   1.3872374302198807E-002  0.70495700331344202     
   1.0519483275166046E-004  0.69698187449220261     
  -1.9215833041588155E-003  0.68380595752363937     
  -4.0951231696405715E-003  0.67645038737010810     
   2.4095724977992825E-002  0.67825546266910297     
           6
   9.2783505154639179E-002  0.23711340206185566     
   8.3724747285834469E-002  0.24534912392020697     
   7.8161050020287254E-002  0.25103374022881192     
   7.9491321349363181E-002  0.23171442342041684     
   8.6086697712502963E-002  0.22705059936884217     
   9.3064024307448395E-002  0.22598675953980971     
           7
  0.78257013450966262        7.7389781394626891E-002
  0.77872706970618688        8.3530007040280560E-002
  0.76823045558684078        8.6821066603227498E-002
  0.76229566758980105        8.3640708889421392E-002
  0.76170802879409938        6.5677576588571498E-002
  0.77854315512946304        5.9561038237448780E-002
  0.78710349880597019        6.2011983463060520E-002
           7
  0.16265773411487444        1.0040331608479309     
  0.15902314644954124        1.0088105647470766     
  0.15117278607933407        1.0149802142573883     
  0.14342231096290836        1.0098958200066985     
  0.14459687571123855        1.0025445624859914     
  0.16109620464740629       0.98609948273959525     
  0.16878867585137300       0.98651194670058429     
           8
  0.82062132198309923        5.9685206331115209E-002
  0.80003745678774907        6.1142904265486304E-002
  0.80531410143268334        5.0667256765262805E-002
  0.80392277566933379        4.5341291739144786E-002
  0.79948684572504092        3.9569508507963799E-002
  0.80909367078108285        4.1449049843040368E-002
  0.81504690436686500        4.1676731611606940E-002
  0.82819143462742695        3.7907317037994860E-002
           4
  0.10438343549989007       0.20833404421293519     
   8.4190522225924908E-002  0.20819928016099662     
   7.9638811966644102E-002  0.19690739574637506     
   8.9147872474496528E-002  0.18309014253780306     
           6
  0.41496332798913843        2.1341740212571327E-002
  0.39486557721782012        2.4467959861019233E-002
  0.39134756646556473        1.6857120447093865E-002
  0.38926720253341346        1.0671032087348056E-002
  0.39129446668843043        7.1868677787876971E-004
  0.41048381729426447        2.9339596244826009E-003
           8
  0.49505004417755605        1.6908159329074645E-002
  0.47960206110122761        2.0648849881367084E-002
  0.47075881384722151        2.0546303893778865E-002
  0.47484937526481080        1.1611448675558557E-002
  0.46929632389295028        8.4409886128644016E-003
  0.48843471755010875       -7.6442289788731729E-004
  0.49367150226873824        7.3630572609245746E-003
  0.49988744170639504        1.0043619758197037E-002
           7
  0.35555410123942233        1.0044519697724583     
  0.33976185162622868        1.0120071650901068     
  0.32963768031279500        1.0155907448571317     
  0.33388845730990130        1.0078770355115576     
  0.32601157713123047        1.0064830244868750     
  0.33152420403561877       0.98747160021452374     
  0.35568919886863276       0.99037371656284257     
           6
  0.29164482798866492       0.86554972905895233     
  0.27081158491939444       0.86948049158807084     
  0.26607376213722200       0.85987229431676448     
  0.27069072686724427       0.84121239910456314     
  0.28601259824977887       0.84609273533991336     
  0.29271407780592545       0.84078946630569040     
           3
  0.85567010309278346       0.81443298969072164     
  0.84236353066528324       0.81757858607680167     
  0.84174827152864884       0.80485191262679323     
           7
  0.18136413805791557       0.61651052585654831     
  0.18739397650047238       0.62106852309064076     
  0.17640747304984139       0.62183973192637687     
  0.16321437678619544       0.62307631610609970     
  0.16217626939268473       0.60790546013437008     
  0.16481269293776549       0.60205165344513345     
  0.18608527640934375       0.59607764435964605     
           8
  0.49583374905194977       0.19826341557118304     
  0.48656289925245977       0.20970166421688408     
  0.47488554052661941       0.21036941091893374     
  0.46911627519247456       0.20371604362849591     
  0.47289003508770550       0.19074866308386065     
  0.47043346940058328       0.18368693488097090     
  0.48252075878598250       0.18743469274192295     
  0.48790207531233182       0.18356031492961422     
           6
  0.60183159005166775        9.7512936818584750E-002
  0.57953639596331386        9.8396267768193699E-002
  0.57340755308644054        8.8599478449494631E-002
  0.58056677234758658        7.7522357258832025E-002
  0.59053107682999018        7.8579047437836266E-002
  0.59921839188790060        8.6857735525945112E-002
           7
  0.90854938149147169       0.42515027593342064     
  0.89312221680522874       0.43452119411972540     
  0.88449246824493888       0.42356280513110728     
  0.88395562097191727       0.41424004247980750     
  0.88877459079393584       0.41062872031716630     
  0.89832182965703555       0.41253971187240068     
  0.90864926027453330       0.41378747878238609     
           5
  0.58183668162993651       0.25970054168492357     
  0.57458420629471907       0.26826125564983672     
  0.55523901530705877       0.24446847873606986     
  0.58097347262274524       0.24215061676374489     
  0.57927751301580532       0.24951369190310077     
           3
  0.23091778941228072       0.95109225739439895     
  0.21649484536082475       0.93814432989690721     
  0.22227024065926773       0.92263694665272189     
           6
  0.20350143747386573       0.14266552405622673     
  0.20495527719775147       0.13457349162342105     
  0.20089366167139253       0.12925364324935812     
  0.20770136256947963       0.12529665836086140     
  0.21349221923869519       0.11927437105901668     
  0.23182177721715572       0.13006204598734150     
           6
  0.70445915110545476        2.0237118335921501E-002
  0.69884880851847120        2.4373032111428224E-002
  0.67573793383732350        2.4097284071729744E-002
  0.67771305360826106        1.4063796167390827E-002
  0.69072164948453607        1.0309278350515464E-002
  0.69861712643133345        1.1291499220817789E-002
           6
  0.61078241535052835       0.22721460968177576     
  0.60417005212335562       0.22805112727526175     
  0.59723184802582097       0.22941464061639746     
  0.59819783918730451       0.22180519147454283     
  0.60188003052558869       0.20338673542274321     
  0.60811276426506555       0.20665821126434933     
           3
   2.4646392688647906E-002  0.78325516727367406     
   1.0309278350515464E-002  0.77319587628865982     
   2.1619130736681265E-002  0.76131250554225582     
           6
  0.35474024949943317       0.87902231107154338     
  0.35330306297486641       0.88533374711377189     
  0.33584205064242556       0.88789858011452594     
  0.32632978730308715       0.87918261313135804     
  0.32492129482175236       0.86700653627238011     
  0.33126534450209549       0.86335891462421266     
           7
  0.26580517168158141       0.23149252949817167     
  0.25719253093240740       0.22639420458900403     
  0.24971820128030353       0.23056487730861200     
  0.24887580267681361       0.21851095286437777     
  0.24329257202746310       0.20886567352934834     
  0.25710192993754966       0.20590817651883739     
  0.26853891666169910       0.20259134600209663     
           6
  0.47392323090467453       0.30731757616518024     
  0.46272663893175159       0.31366584194220143     
  0.45337640230312343       0.30531393420400510     
  0.45072965978144991       0.29422054426805960     
  0.46644376498745499       0.28775657827307033     
  0.47381066541532246       0.29323551225532019     
           5
  0.66247005363892530       0.80904061337561606     
  0.64245924335870619       0.80242754301825814     
  0.63460437114785750       0.79536022405504536     
  0.64222150447367277       0.78143971367721321     
  0.65327705250266055       0.78312029531216787     
           6
   1.7555330715673712E-002  0.80248994949780428     
   7.4273098339549077E-003  0.80396737228516468     
   4.7743206214273005E-004  0.79691205360727579     
   8.0703654491823540E-003  0.78312116394802511     
   1.8573122496953053E-002  0.78918399663527750     
   2.5878543317611049E-002  0.79416853584345248     
           8
  0.80168958128080092       0.42626337164046912     
  0.80075547855586671       0.43777670777369260     
  0.78240424131924224       0.43818696400956558     
  0.78640181887020855       0.43131069214901496     
  0.77952728234307100       0.40734816037174376     
  0.79009149103113330       0.41343534784326580     
  0.79533114855995823       0.40725261176823346     
  0.80047099535029675       0.41357629802005663     
           7
  0.36797804379993643       0.12805275340305061     
  0.36393137544718107       0.12357590303391994     
  0.35202229672802593       0.11052502772942206     
  0.35558946186709545        9.9260894294322291E-002
  0.36436416749548317       0.10536477648561623     
  0.36875101474096067        9.9919624164724968E-002
  0.37386688372476085       0.11010630764613055     
           3
  0.10814870648094951       0.80711547048703591     
   7.9004924764050341E-002  0.78200464798455638     
   9.2783505154639179E-002  0.79381443298969068     
           4
  0.64216035081306000       0.90777689021442354     
  0.61935863777433853       0.90831727985684374     
  0.62774999602006654       0.88733926342088265     
  0.64249974397966758       0.88464918871754550     
           4
  0.61817150628172990       0.95173759460879515     
  0.60985533597999397       0.95323187337384663     
  0.59291518120322884       0.94675443834212303     
  0.60269372268363341       0.92407244471287397     
           6
  0.64767158805153247       0.82726805792234659     
  0.64074626896453646       0.82611256323095406     
  0.63864321242158695       0.81409298831204790     
  0.65474442015557632       0.80393334263189620     
  0.66170288477678074       0.79882399607550081     
  0.66289739001046999       0.81364479004794255     
           4
   1.0085828363281168       0.69564538107039875     
  0.99511094065768357       0.70561562444951709     
  0.98857602330599348       0.69362069033819040     
   1.0007498162485853       0.68028561002535881     
           8
  0.10075586098737123       0.47383567020089856     
   9.7806564317325623E-002  0.47908798936926095     
   8.7588672917991328E-002  0.47235651509687965     
   7.7648754509577436E-002  0.47429857874321879     
   7.8012218958393872E-002  0.44887892561061471     
   8.4125602338040215E-002  0.44922209378649114     
   9.5304113676654895E-002  0.45196029312860297     
  0.10385182510876448       0.46117848691992752     
           5
  0.96691049191184120       0.22993477200864409     
  0.95856638783274517       0.23139758358975848     
  0.94982722601472525       0.22803991896816697     
  0.94353436012259806       0.21562394853271036     
  0.96104525775630600       0.20646862189538537     
           5
  0.87012039794470986       0.73514006498220752     
  0.84315190088503267       0.74670952741150665     
  0.84649386203119337       0.73735088501162871     
  0.86260945073621775       0.71851807076844609     
  0.87006545539689351       0.71932695305381600     
           6
  0.98786363522960696       0.59104771320276861     
  0.98367043449449587       0.59624583149315358     
  0.96919446279757593       0.59966856978424421     
  0.96780072851276033       0.58515935307308353     
  0.98678836357674160       0.57719252213404049     
  0.99457256350254730       0.58574795294558057     
           5
  0.33431015919140894       0.72065489675136563     
  0.31662381381600291       0.72295627648837080     
  0.30539607663575463       0.70659534024980608     
  0.33215992859342092       0.69820019364530594     
  0.33226667365561319       0.70834864406181863     
           5
  0.80916112750317204       0.19048245217718324     
  0.79488958134099563       0.18704060758437904     
  0.78528864969717083       0.19032133960140141     
  0.78812123651290600       0.16392615185525006     
  0.80830694121539992       0.16809352956476023     
           5
  0.66325544304283635       0.59565841130285535     
  0.65038662499983413       0.60140131451590084     
  0.63414149985589807       0.60259223294499997     
  0.63604354712733202       0.58500322104250180     
  0.64007993217989645       0.57313248807203809     
           6
   4.2346883897176862E-002  0.65765348111662869     
   2.8569383206788156E-002  0.66399020349361915     
   2.2428768545532315E-002  0.64412564562052876     
   2.5852682117566327E-002  0.63508360674480857     
   3.6155868055049285E-002  0.63570902836571430     
   4.3716775459019662E-002  0.64699927595051743     
           7
  0.12725893885945105       0.72461691593284427     
  0.11697252393502579       0.72419099342818016     
  0.11147340362378014       0.71983357989917751     
  0.10027106014269421       0.72340655376273089     
  0.11310723556050534       0.70108411505783785     
  0.12187990680328814       0.70429284698059713     
  0.12670504545118474       0.71047067556835530     
           5
   8.3846950962198713E-002  0.10757029182768575     
   7.8764858874159335E-002  0.10173006070888337     
   7.1880947439724147E-002  0.10798407354204641     
   6.6049172633740758E-002   8.3527376657537164E-002
   7.7436087819393110E-002   8.3670950652968951E-002
           8
  0.39628455992258732       0.67193025957862074     
  0.38727043908463821       0.67925809889347477     
  0.37573832939627250       0.67997846811334217     
  0.37046429959258392       0.67180821524238854     
  0.37554724511611809       0.66069536812848340     
  0.37328072195238732       0.65540793399525987     
  0.38395667227890473       0.66173072335283400     
  0.39011262834674865       0.65776738440681415     
           8
  0.78541003995740288       0.86361369061474114     
  0.77692462694090170       0.86865160435789512     
  0.76831429386323424       0.87104154586568683     
  0.75799355440736527       0.85706505807663236     
  0.75843995835831979       0.84855179924958546     
  0.75997587499656916       0.84286864839873621     
  0.76462041464132136       0.84950558473868187     
  0.78351378532109506       0.85337244670776435     
           8
  0.16878017680848448       0.54654412841973177     
  0.16605628836708919       0.55332354666080863     
  0.15722832985034257       0.55980465904348065     
  0.14108046561689408       0.53693096456482370     
  0.14928494786764601       0.53610172854244009     
  0.15614848441863813       0.53167150421374909     
  0.16497882500559691       0.53392907729334937     
  0.16372788994951618       0.54089208479716255     
           3
  0.71134020618556704        5.1546391752577317E-002
  0.70176444808257676        3.9764078145227574E-002
  0.71680674051145565        4.0276229361797464E-002
           7
  0.71972736303136098       0.28064988999831308     
  0.71992336320781070       0.28866415323824457     
  0.71049369181716637       0.29101324982750487     
  0.70561737072183373       0.26962477921576500     
  0.71802077723436808       0.26590243188659135     
  0.72606501545775315       0.26337392697952405     
  0.72519593612307531       0.27234848236722037     
           3
   6.1229939835362276E-002  0.20407224199804630     
   5.1546391752577317E-002  0.19587628865979381     
   5.2076390547408945E-002  0.18398699803534516     
           8
  0.52009447855945301       0.31949374462845542     
  0.51462556587153130       0.32208755880335194     
  0.50356716345349684       0.33502679764774107     
  0.49420067677763463       0.33523126339130532     
  0.48957601757462416       0.31846045687199415     
  0.49531994941353474       0.30619176147974331     
  0.50976475659298548       0.31103204417726982     
  0.51911412403195600       0.30477548134122373     
           6
  0.80735071869869279       0.18340074849749610     
  0.79867548874500283       0.19045579547801600     
  0.79333454645060397       0.18437098061837903     
  0.78241449322769729       0.17528749743725877     
  0.78311794050933636       0.16794743147847255     
  0.79272435254690288       0.16288537129657202     
           4
  0.16700211666322365        7.6874470003772025E-002
  0.16080000028646516        8.7440711867822693E-002
  0.14630752162266733        6.3805006594382457E-002
  0.14029057882944557        5.6906807577140450E-002
           6
  0.94710763211156712       0.41693494924292140     
  0.93906884471189944       0.41718514258786477     
  0.92581399176598200       0.41327053142750114     
  0.92287305152065979       0.40248543795209007     
  0.94005022413439598       0.38653527894436934     
  0.95292528633469820       0.39184762169136517     
           4
  0.82670333646379779       0.18856769619318153     
  0.80569998275801591       0.18145493291204504     
  0.80976228681852702       0.16705020618803007     
  0.82719992500139039       0.17849403295866181     
           5
  0.70413332271017448       0.78386038071961728     
  0.69245389760947185       0.78109533370465778     
  0.67738730216208287       0.77898034210823686     
  0.69945242617411718       0.76081177549614887     
  0.70247544056480138       0.77395921194066442     
           5
  0.96839802671477204       0.53409244891416285     
  0.96043032630917125       0.53982454497560239     
  0.94988876133716527       0.53874907013630147     
  0.94662308245907234       0.51571951101061853     
  0.96597784527377784       0.51260537350793123     
           5
  0.27116995253087661       0.35508528498809155     
  0.24785778462436808       0.35172530644287897     
  0.24287803337003269       0.34460519472653406     
  0.25155996782028117       0.32504554702883764     
  0.26957487806425962       0.33670264087347390     
           8
  0.10689863526598077       0.19936214263654115     
   9.5495478019478441E-002  0.20790916927993780     
   8.7317129694932105E-002  0.20981654272628822     
   7.9065905265976552E-002  0.20746920452602424     
   8.1503130743603602E-002  0.20244771768187564     
   8.2999576602313607E-002  0.19061131558241229     
   9.7756416849885050E-002  0.18193425042178721     
  0.10204355015534880       0.19062241235703029     
           3
   2.6463001121852903E-002  0.67929033830828622     
   2.2199839516549906E-002  0.66663654925511873     
   4.6052071795212063E-002  0.67079553837576389     
