   100.00000000000000     
   100.00000000000000     
          79
           8
   24.000000000000000     
   22.000000000000000     
   23.000000000000000     
   5.0000000000000000     
   11.000000000000000     
   23.000000000000000     
   26.000000000000000     
   9.0000000000000000     
   23.000000000000000     
   9.0000000000000000     
   14.000000000000000     
   16.000000000000000     
   12.000000000000000     
   2.0000000000000000     
   2.0000000000000000     
   6.0000000000000000     
   20.000000000000000     
   26.000000000000000     
   12.000000000000000     
   15.000000000000000     
   13.000000000000000     
   26.000000000000000     
   17.000000000000000     
   7.0000000000000000     
   12.000000000000000     
   4.0000000000000000     
   4.0000000000000000     
   20.000000000000000     
   10.000000000000000     
   9.0000000000000000     
   2.0000000000000000     
   9.0000000000000000     
   1.0000000000000000     
   2.0000000000000000     
   2.0000000000000000     
   12.000000000000000     
   14.000000000000000     
   23.000000000000000     
   21.000000000000000     
   13.000000000000000     
   13.000000000000000     
   23.000000000000000     
   3.0000000000000000     
   6.0000000000000000     
   23.000000000000000     
   11.000000000000000     
   2.0000000000000000     
   7.0000000000000000     
   13.000000000000000     
   10.000000000000000     
   3.0000000000000000     
   6.0000000000000000     
   13.000000000000000     
   2.0000000000000000     
   14.000000000000000     
   7.0000000000000000     
   21.000000000000000     
   7.0000000000000000     
   22.000000000000000     
   13.000000000000000     
   22.000000000000000     
   18.000000000000000     
   22.000000000000000     
   6.0000000000000000     
   2.0000000000000000     
   11.000000000000000     
   5.0000000000000000     
   9.0000000000000000     
   9.0000000000000000     
   5.0000000000000000     
   12.000000000000000     
   2.0000000000000000     
   12.000000000000000     
   19.000000000000000     
   6.0000000000000000     
   14.000000000000000     
   2.0000000000000000     
   2.0000000000000000     
   24.000000000000000     
           1
  0.92000000000000004       0.92000000000000004     
           8
  0.88287492925775246       0.59539560153012472     
  0.87277757428479241       0.59329364640205884     
  0.87073377549710529       0.58469941837385331     
  0.86738044324667762       0.57415731545633175     
  0.87370572125985413       0.57148896627525192     
  0.87809191948757737       0.56716136534282913     
  0.88073152616007744       0.57191417475197126     
  0.88609928411051719       0.56695129639482877     
           8
  0.71090961222543092        6.4750677353586486E-002
  0.70937720943953131        7.3632290131636260E-002
  0.69695888589638011        6.8981373248724234E-002
  0.69060734372525201        6.8497343303846270E-002
  0.68883382209711219        6.3233341701001589E-002
  0.68870863189128373        5.6593315126006918E-002
  0.69241288793159328        4.8475686436933542E-002
  0.70188407327115943        4.5008378716981809E-002
           3
  0.57451573069947248       0.60268299949271542     
  0.55782415350618675       0.59101714639051450     
  0.58552849201094748       0.58798305783564897     
           6
   1.1946731102084621E-002  0.97874954964892436     
  -5.0214629199664819E-004  0.99276423880063458     
  -1.3378444182425425E-002  0.99195658132569464     
  -5.0819058291822839E-003  0.96831693498276772     
   7.7774994454025198E-003  0.96695496311816931     
   1.2587019500108579E-002  0.97117327616702098     
           3
  0.61371091220803475       0.38983774110377689     
  0.59781652706625077       0.37805937711931203     
  0.61964226897507613       0.37187981331527853     
           4
  0.64512819637010499       0.23335000986978502     
  0.63478620848718725       0.22065140759982899     
  0.63604283441483278       0.20992098728008737     
  0.65892136260609058       0.21062277122904580     
           8
  0.91851427602240410       0.52450297786155486     
  0.92186568414433223       0.53401120477025377     
  0.91288764646825016       0.52999909658123379     
  0.89617576270970123       0.52139526961643412     
  0.90424390246332254       0.50956941648226317     
  0.91394419390709469       0.50617934510218043     
  0.91983561848798145       0.50579010164591554     
  0.91978215600188251       0.51508969659865889     
           8
  0.60077917833102268        2.3894831868815990E-002
  0.60146694226336395        3.1616071573549023E-002
  0.59178526320190517        3.4774935662561304E-002
  0.57649998444798556        2.3528432061206674E-002
  0.57963792385640545        1.4032482938721638E-002
  0.59071663298011923        1.2044112661379792E-002
  0.59689290846366383        9.4863826252784451E-003
  0.60408504942055219        1.9380995653662209E-002
           8
   3.8553783347201505E-002  0.55109860038234759     
   3.0956045292263739E-002  0.54881302740614557     
   2.4045896195885402E-002  0.55130790978407396     
   1.5520263385861984E-002  0.54376112638889362     
   1.4441340498638823E-002  0.53587118548576429     
   2.4215959982745616E-002  0.52951442067597232     
   4.2719089865127818E-002  0.52822833152794402     
   4.0216238009436703E-002  0.53665225534251404     
           3
  0.96119456292568195       0.38425948892123185     
  0.94480581321952595       0.39081303930742201     
  0.94748476364264989       0.36810732841862009     
           7
  0.81562543562030843       0.27945681282977386     
  0.80277416624027309       0.29233895765505735     
  0.79136495222618741       0.28050808340163935     
  0.79310593568438315       0.27108724137046342     
  0.78555642027542560       0.26535093561718415     
  0.80589265637186880       0.26900852978114570     
  0.81489859852497448       0.27243690805771775     
           5
  0.66482130657091665       0.43448459478439172     
  0.64888658946950528       0.43355592237777196     
  0.64754031145427815       0.40883643582902102     
  0.65505765918055836       0.40611467744261975     
  0.66239078824687070       0.40642011762665559     
           8
  0.80488255837241574       0.74459462915178221     
  0.80141115581698286       0.75316181774663515     
  0.77959814549207418       0.75418645065573886     
  0.77474715793390347       0.74173274390947708     
  0.78122510382976695       0.73794746101379316     
  0.77847187985701871       0.73323073901783009     
  0.80316416453528894       0.72671486060493784     
  0.79862183495567796       0.73655877176206286     
           8
   1.0036554115109000       0.25990048698181611     
  0.99177224931004393       0.26518511693374969     
  0.98093268377676401       0.24812104448070993     
  0.97698924510746465       0.24333004320616347     
  0.98344277673064762       0.23617845125336107     
   1.0016665202918713       0.23498921489684299     
   1.0052766712252648       0.24179959011770563     
   1.0006576021071250       0.24538509623519111     
           8
  0.21241303863585237       0.43974234884698060     
  0.20802126513964098       0.44428126734894052     
  0.18464906558806396       0.44225712660251393     
  0.18890673531778573       0.43779272591083712     
  0.18763979424619179       0.43168128030531877     
  0.19953183128985799       0.41903137504790411     
  0.20518090722652546       0.41513218703373095     
  0.21404971586842056       0.43032406696080838     
           7
  0.41425648234117562        3.0598537703849533E-002
  0.40875095630619390        3.6659643732818742E-002
  0.39735930195996255        3.8209541958089635E-002
  0.38554468331461406        3.7222497041282755E-002
  0.38485493067543008        2.7382013113683188E-002
  0.38790515871396752        1.5053799493785209E-002
  0.41073371213071658        2.1063243722850296E-002
           8
  0.50869345400011434       0.43067188763840186     
  0.49705578619597635       0.42972722102751626     
  0.49059964777977649       0.42437139442890526     
  0.48554435220118575       0.42165747365216449     
  0.48504240694108569       0.40649548997022938     
  0.49400190980175362       0.41204247232773017     
  0.50250057147403127       0.40455466719634259     
  0.51094613292576452       0.41245505419313983     
           7
  0.98181130342124956        7.8779907382053350E-003
  0.97527742775298465        1.0800139382487858E-002
  0.97033615295080067        1.4831354991283205E-002
  0.95534958486565358        1.5222792114098511E-002
  0.95712718708705302       -4.8455304193133217E-003
  0.95544473035446031       -1.3524465043944786E-002
  0.98075624803368278       -5.8352553227852093E-003
           3
  0.22550429619674356       0.18828838039380413     
  0.20999999999999999       0.19000000000000000     
  0.22457415606870035       0.17659413836038557     
           7
  0.36930411303794120       0.21599418425641109     
  0.35370702972204526       0.22348029032138500     
  0.34621565437039437       0.22445042553751310     
  0.35782922572059650       0.19606541104734548     
  0.36492029438367835       0.19770537297060403     
  0.36818959258540951       0.20461004519664694     
  0.37535503901269246       0.20411902271459903     
           7
   1.0086818654966048       0.61373361925089931     
   1.0059928886661562       0.62445026065136411     
  0.98613356401320795       0.62217566637252009     
  0.98451063864406896       0.61228190344586575     
  0.99085267043694025       0.60944976444618570     
   1.0033854164542015       0.59629219932839861     
   1.0153755891826268       0.60515126028484756     
           5
  0.10865395431291830       0.86049021816115456     
   9.7999951091892329E-002  0.86298171110902566     
   9.8530336566869534E-002  0.85525915929772556     
   9.5506776993360118E-002  0.84622998939330862     
  0.12508447234391368       0.83592301463440466     
           8
  0.69004552335058478       0.36379212676436279     
  0.68440920544142647       0.36298082134190757     
  0.67500127187760217       0.36515236671943080     
  0.68110732736351198       0.34069034871877862     
  0.68732646019891785       0.33842224269750493     
  0.69195149928604704       0.34125915033406090     
  0.69844045928802589       0.33475823881956512     
  0.69867023158416963       0.34603216305600465     
           6
  0.70393810543858526       0.22278467371981076     
  0.69815111508838967       0.22532273813434942     
  0.68844521496448985       0.22836257766036022     
  0.67970792689704662       0.23229037471148559     
  0.68060969334194144       0.20537744763643806     
  0.68635430073599191       0.21052292800834305     
           8
  0.30338486688330740       0.35207492511824351     
  0.30263089017801276       0.35849387098610053     
  0.29822232390728304       0.36254119330833845     
  0.28062442678160965       0.36386770635631249     
  0.27652603832544048       0.35314662687845483     
  0.27983872244475427       0.33791957551566898     
  0.29229225112680340       0.33946917987303460     
  0.29876538102348010       0.34865625369552855     
           7
  0.15115705095506918        8.9894832498159841E-002
  0.14379665491514268       0.10088764203166652     
  0.13401983139987997       0.10150620688729554     
  0.13149359072603478        9.2493684186440953E-002
  0.12552710472515932        8.3523709225837864E-002
  0.14800289194501490        7.7227550418524818E-002
  0.15413262064160643        7.4981764144986474E-002
           6
  0.51378021988816336       0.34012312086370633     
  0.50816032089885310       0.33352003617687143     
  0.50000000000000000       0.33000000000000002     
  0.50031778299238061       0.31783202897362550     
  0.50655943197823472       0.31833344333560348     
  0.51035407170732461       0.32665679117664936     
           7
  0.90142024892876205       0.17946498900297803     
  0.89442792795779436       0.17831504922428057     
  0.88579319820034874       0.18416801982166153     
  0.87967401223169983       0.17577572452620185     
  0.88007384332919736       0.16517236824839909     
  0.87759221803963117       0.15469176872450924     
  0.88753111815232388       0.15456378042507751     
           7
  0.58171428988360141       0.44522895102110782     
  0.57367746648641749       0.45120462818205509     
  0.55614459045189180       0.44966731123205606     
  0.55559654268343128       0.44228426161955015     
  0.55623287324535775       0.43079854021368830     
  0.56164395857012372       0.43402495343918795     
  0.56458640911486813       0.42596759927472755     
           7
  0.61008642677853886       0.25626151547730841     
  0.59163587987770028       0.26477112829546118     
  0.58878198009010230       0.25846337701955729     
  0.58753083973556219       0.23617001778822019     
  0.59427713246703406       0.23457695856167751     
  0.59875522933607439       0.24084718976187627     
  0.61465615710951915       0.23736775733408128     
           4
  0.49030455240693155       0.42961960492127127     
  0.46662448121652123       0.41851385805519548     
  0.47170345658024798       0.41224955573000199     
  0.48376379086509425       0.41072573148456415     
           5
  0.18159187234820914       0.94388424478253918     
  0.16228391662732716       0.94220159346942178     
  0.15537711451131422       0.93833927148207696     
  0.16068462107164008       0.92248973334653472     
  0.18349599385021900       0.92148875700060306     
           8
  0.22175162864431053       0.50668246859107147     
  0.19969686579305806       0.51421611007474943     
  0.19658600895282533       0.50931450746893447     
  0.19952841513822481       0.50051160579311160     
  0.19670023363935962       0.48818180968310038     
  0.20286367586089638       0.48907010686406061     
  0.21159378857469069       0.48976594776867977     
  0.22430247187387922       0.49092082177012231     
           3
  0.78168319874960257       0.19486444051735152     
  0.75609918295519474       0.17782235464319079     
  0.76580301982289567       0.17141031986798827     
           8
   3.4089452497357620E-002   5.0773604155847377E-002
   2.4124524746717356E-002   5.1724405038771126E-002
   1.2777498583813600E-002   5.2021340050923390E-002
   8.7911512935710135E-003   4.6079035301325268E-002
   6.4848892383979947E-003   4.0262857989027151E-002
   1.1705455360146071E-002   3.4538097793930488E-002
   2.3577588848227578E-002   3.1723602341063424E-002
   3.3283303400500036E-002   2.5564860475373340E-002
           4
  0.63977681564987299       0.82924925542537842     
  0.61453857399624634       0.83221709224162221     
  0.61701531649250196       0.82324248796134991     
  0.63085988746868427       0.81924102235617569     
           4
  0.69335751415023672        7.1931815647700154E-002
  0.67850512127592677        7.3449500110803312E-002
  0.66884493509701548        6.2179820974757195E-002
  0.68945766711625789        4.8466588806128065E-002
           4
  0.42538580524327990       0.96032783326409021     
  0.40944206335485112       0.96424432387183279     
  0.39831954265043484       0.94990534599820664     
  0.41570274159590365       0.94021596183659983     
           4
  0.49284698886276940       0.54909007042267388     
  0.47145114720036008       0.54915923688950941     
  0.47004223569965037       0.53612711706929506     
  0.48864939304204907       0.53015325415162140     
           8
  0.98916425876678660       0.73333482521162141     
  0.98680294119586587       0.74134914522825079     
  0.98183180220447119       0.74433215970444533     
  0.96694542231666147       0.73811923857677941     
  0.96900496316152585       0.72954565643440028     
  0.98316961945089232       0.72076635997978000     
  0.98942205045441889       0.71465143526339903     
  0.98874661343448045       0.72627890221122082     
           6
  0.27113932261091478       0.39498406912839068     
  0.26010680939363029       0.39076324667882700     
  0.25332154866128037       0.39482510049856867     
  0.24657116688159655       0.39030342979334032     
  0.24891356223993152       0.37731299968148579     
  0.26000000000000001       0.38000000000000000     
           4
  0.70270019587458998       0.77503150107597063     
  0.67551414892465189       0.75491023188144279     
  0.69347851313311604       0.74572049767902682     
  0.69784495164148752       0.75364576211954248     
           3
  0.40000000000000002        1.0000000000000000E-002
  0.38585656655138001       -1.8782543515974935E-004
  0.39663559338651755        1.1608012054866029E-003
           3
  0.66284642643350600       0.40963732179191914     
  0.65000000000000002       0.40999999999999998     
  0.63661649931872510       0.39958190852863240     
           5
  0.15212255949005635       0.87123180805508216     
  0.14084461741651239       0.87434182065374200     
  0.12567092474799618       0.86022555342714269     
  0.12667965345434432       0.84664510864722731     
  0.14202001701021738       0.84455332817970286     
           5
  0.33059498500675699       0.39734784758507891     
  0.30699920572651329       0.39421340913920028     
  0.30612833410036960       0.37688642466478822     
  0.31591081874561966       0.37749961645648855     
  0.33384615772938936       0.38136215774780508     
           3
  0.14000000000000001       0.23999999999999999     
  0.12766141210168194       0.22935315732834133     
  0.14779072949249469       0.23017770281263403     
           8
  0.96900774969718995        5.2502833902668605E-002
  0.96109384025772315        5.8166587315966002E-002
  0.95127435362126400        6.1759962938690967E-002
  0.94443070193818424        5.4898610025614449E-002
  0.95023219582623075        4.5681892804786864E-002
  0.96287348819858398        4.1175720085584538E-002
  0.97181394224104289        3.9618731639288689E-002
  0.97492485354283098        4.5435669605751093E-002
           8
  0.82937144285587927       0.99062817374155432     
  0.82022443855420613       0.99554459242690829     
  0.80876553271496621       0.99377690825824538     
  0.80989937661130673       0.98557569889543073     
  0.80576950851607654       0.97796050433763515     
  0.82111850978250056       0.96451796668249590     
  0.83505096114014787       0.96618934324372452     
  0.83050864316423023       0.97622827767362141     
           3
  0.23209254195906903       0.86389197956248576     
  0.22014270334774153       0.84421948763669685     
  0.24017086619846961       0.83540706881865545     
           8
  0.63795748313634237       0.69666549514296716     
  0.62402340873396522       0.69902055749229819     
  0.61573320124498065       0.70384323269488025     
  0.62150391643867375       0.67820822640920986     
  0.63058058171739095       0.68069201287206993     
  0.63662847267036471       0.68041714368210904     
  0.64535666264052238       0.68010238396850020     
  0.64263954443403082       0.68742119346506347     
           3
  0.87661313659667683       0.20440831835859072     
  0.85578325903837538       0.19993087082989333     
  0.87000000000000000       0.19000000000000000     
           6
  0.57153722554194419       0.75327897070287364     
  0.56489181342467731       0.75990512197213433     
  0.54625664032058852       0.76459235341489440     
  0.55565194752092073       0.73803922692592461     
  0.56359801232507378       0.74062650917807138     
  0.57069237069350742       0.73494664558188538     
           3
  0.14224500423962727       0.64560507874807849     
  0.13914218164500797       0.61921028374995868     
  0.15682410105533201       0.62132348307546470     
           6
  0.11188609763558802       0.46274628379086891     
   8.9575496657183576E-002  0.45918690284941088     
   9.0833683471081311E-002  0.44338534608757835     
   9.6311210566812688E-002  0.43632034332839226     
  0.10825450167759315       0.43986384860984784     
  0.11180698632256336       0.44793041648577892     
           4
   8.4007448497305529E-002  0.30995024934751259     
   7.2788905102772819E-002  0.30961540622107342     
   5.4683809101139361E-002  0.30139726887738982     
   7.6916974494348728E-002  0.28699978846223989     
           6
  0.32040701484068468       0.11993338642604451     
  0.31111834913840530       0.12312297305686443     
  0.29866081724048843       0.11690122297637122     
  0.31798612500183382        9.7170101524420363E-002
  0.32442357144254780       0.10141941296518997     
  0.32305693684664077       0.11022629513055170     
           8
  0.37445965401599546       0.93306514291628428     
  0.36677116032726009       0.93939226518781538     
  0.36117393394874964       0.93818833001320134     
  0.34790653708986830       0.93822016325877944     
  0.34492968639058019       0.93160325030781632     
  0.35535946146097930       0.91710343177586828     
  0.36469494577693085       0.91817049305004228     
  0.37497089341165635       0.91660395286911056     
           4
  0.50785527604215119       0.32064320565561916     
  0.49037142967881059       0.29791387686318604     
  0.50635992667689522       0.29487767384134977     
  0.51379198429841511       0.29871290218160423     
           7
  0.49952729469870322       0.52041415468252283     
  0.50129154224992789       0.52633350398858647     
  0.48000118721196372       0.51493412155348295     
  0.47445231202386473       0.51243989985719562     
  0.47831883565606320       0.50802289159348513     
  0.49419579646754097       0.50869510127063444     
  0.49866638025131721       0.51391271517082826     
           5
  0.39953145724669092       0.10776419534458950     
  0.39193785402790549       0.11236291021445022     
  0.38327493943887719       0.11408769165148155     
  0.38282258355323240        8.7140628989012398E-002
  0.40379255422051574        9.8291582925681367E-002
           8
  0.77404048460563490       0.40169899173956847     
  0.77383781898887016       0.40773770425863148     
  0.75099095635816060       0.40705481782796682     
  0.74871240570096942       0.39740983114610756     
  0.75256938294847597       0.38907149378237887     
  0.76483824560153368       0.38612936553167271     
  0.77221987804740033       0.38770236211832837     
  0.77032595865537212       0.39373500226143565     
           3
  0.82827028178104534       0.35092602174278886     
  0.82133623528654964       0.32743675416250151     
  0.83547152843009898       0.32603029289241453     
           6
  0.32869888604361391       0.52433897556226550     
  0.31510174392809959       0.52331872852851247     
  0.31616090499681049       0.51212130252917643     
  0.31690525824614896       0.50048569082368266     
  0.32268840251139352       0.49591638000411559     
  0.33964423049487380       0.50354212487015593     
           5
   1.8036968640183625E-003  0.16153997796422701     
  -6.1328903466846734E-003  0.16171785040982456     
  -1.3915914688836120E-002  0.14451586488438706     
   4.8345320844049673E-003  0.13632618651682840     
   1.4301095597139017E-002  0.14909469028053202     
           3
  0.53433536496231582       0.83157078050737709     
  0.52374814443634388       0.82950076862673527     
  0.51285978668484322       0.80631462830537215     
           3
  0.53084976079829715       0.82058619538302491     
  0.50647955343456985       0.82449885809854162     
  0.51038468557181749       0.81157100884737987     
           4
  0.45207910861309386        7.3537983417838251E-002
  0.44440288173371179        6.6898708706772905E-002
  0.44639701513983721        5.4695612594690406E-002
  0.46849848294396235        4.9508321958466675E-002
           7
   4.4617980827466631E-002  0.26314297022816974     
   3.8641511262551130E-002  0.27420894454633832     
   2.4366295202380418E-002  0.27180232241047697     
   1.4506764191294926E-002  0.25977387903981497     
   1.7484189739880009E-002  0.24474733244120511     
   3.1435192589606177E-002  0.24516411953753448     
   4.2447148931304371E-002  0.24824000252554940     
           8
  0.46773054530467467       0.81172546367169696     
  0.45921650666881003       0.81121225526340135     
  0.44755452860248335       0.80864938393110908     
  0.44964361793155216       0.79581794887809154     
  0.45788168721322092       0.79124707045204279     
  0.46330738467824345       0.78962011150209499     
  0.46787057946222999       0.78610322176932756     
  0.47485967275512586       0.79561547956199707     
           6
  0.95447665419924221       0.30704265759474603     
  0.93417424645474412       0.30844904427174452     
  0.93012522063453129       0.31343704354607904     
  0.93109464282120102       0.29663590788159111     
  0.92766320818138537       0.28823491722155176     
  0.94725620569734159       0.29095741079521764     
           3
  0.26892393155590683       0.76249415910694729     
  0.26293246544195154       0.77195274717971951     
  0.24688295080182704       0.75122389430509617     
           6
  0.75814527271629373       0.92104484536846298     
  0.74177156272316724       0.92993123917426712     
  0.73598759316710516       0.92062988722410888     
  0.73921662003704869       0.90809827144447364     
  0.74445264313830373       0.91171935235720614     
  0.75628943772430968       0.90975801170255655     
           7
  0.58121524219399268       0.51746148290312211     
  0.57944994892551094       0.52527171534034867     
  0.56750672318025885       0.52282680849495922     
  0.55562310334781639       0.52042002437387225     
  0.56162388333527313       0.51097494982233704     
  0.57242088738171515       0.50141705002466175     
  0.58349194751409406       0.49609188911559238     
           8
  0.34964914893018190       0.22359636372699010     
  0.34288588477687887       0.22169530138710455     
  0.33809912369010697       0.22432754220713202     
  0.32793788499202464       0.21290017618289001     
  0.33913880723079065       0.19882081948823910     
  0.34531354086630339       0.20165420126387681     
  0.35017282943841271       0.19709829085869243     
  0.35424487408514788       0.20332828874523418     
           7
  0.28045512516598503       0.81088046785879542     
  0.26600151727832294       0.81551776267637488     
  0.26449558256050237       0.79967392040901220     
  0.27794687273861496       0.79114688683204171     
  0.28049639835131995       0.78454500506626812     
  0.28796368513546461       0.78568268765676508     
  0.29009505100489852       0.79468412948653544     
           7
  0.59838745753852185       0.66180143372108335     
  0.60315447511612663       0.67169450284600718     
  0.58605553895849005       0.66933095455252045     
  0.57754524453997780       0.66913690381793522     
  0.57677908124533495       0.65856555261075134     
  0.58065298608011784       0.65298460945010317     
  0.58431818758748511       0.64588143094823236     
           6
  0.52478819926706788       0.17525368142255313     
  0.50284824436286657       0.17145748462651705     
  0.49608332518178977       0.17304532217651120     
  0.49837533301816456       0.15842550593112004     
  0.52237434782621495       0.14556494493743213     
  0.51918632750447880       0.15858467940402973     
           4
  0.88171824788005149       0.11914109399029311     
  0.86893532333498780       0.12241166789856368     
  0.85966384688618347       0.10145152085094537     
  0.88543918227604979       0.10959202420960298     
