 nroutes = 4
 
 RouteID =            1
 Route number of clients =           24
 Route length =    162.18202211227734     
 Route demand =          360
 Sequence =           89          18          83          60           5          93          85          61          84          17          45           8          46          47          36          49          64          11          19          48          82           7          52          27
 Visit points =    25.897874221774561        35.825111465030368        20.192024243577020        39.003427181504954        14.825555232478511        35.912485372373567        16.128672558649441        33.403929001322048        16.081352734558205        29.485511958277339        17.440045571321313        23.743622462210478        16.691017095986552        23.082724216922355        12.793453225819331        25.087350749649662        10.608534282128389        30.366610690328226        5.3728651911959426        30.855094347648297        6.9850226707048950        37.026489010533332        8.9734225477734810        42.990747807166933        3.0464646234962354        48.890916254297238        7.0060461379243986        56.002622516015350        3.0102503287198110        59.745691839949700        7.0067096492043941        67.453114159759025        14.312780248186963        76.137275877757034        19.362326778631680        65.653920746475137        15.964075404703911        60.066355724652965        13.751271155902245        52.527605658390364        16.061472523161399        47.913995646190656        18.998947833899855        49.132672646438621        27.671385227406049        43.375789961059162        33.916743960167658        39.230035322398948     

 RouteID =            2
 Route number of clients =           28
 Route length =    181.88825397602091     
 Route demand =          398
 Sequence =           69           1          70          31          88          62          10          63          90          32          30          20          66          65          71          35          34          78           9          51          81          33          79           3          77          76          50          28
 Visit points =    37.573845083067269        46.047287270478897        40.072875300673395        49.296696285346130        36.840996946151598        54.918220696147785        31.136298231782924        53.093629045476554        25.841240273074824        52.814645074911709        24.535749120884496        57.174447055061577        29.265357756158480        60.421776373227665        27.587683516720425        68.153692377002542        30.534315903377159        67.675472607237040        34.780473951420682        68.198358981176071        39.999999999999993        60.000000000000000        44.054087791584543        65.184500198223347        49.344043670773424        71.949468969047160        61.165409073171887        77.553415807712810        57.781408315375529        68.420293145002773        63.000000000000007        65.000000000000000        63.926101969791929        55.794946469687488        61.928897855134181        52.993509460299961        53.957857966460921        59.384204846862808        49.845411641020426        57.277118322213894        54.391952007478615        53.338160327694389        54.061460633478610        52.714165747682166        57.000000000000000        48.000000000000000        54.493205960736844        45.589600898111215        52.607410692016224        44.003702158949061        49.460957897558963        43.038636805424666        46.523512009467240        45.934467689286123        40.034817753747262        38.069501288310242     

 RouteID =            3
 Route number of clients =           24
 Route length =    144.27602173404640     
 Route demand =          361
 Sequence =           26          12          80          68          29          24          54           4          55          25          39          67          23          56          75          41          22          74          72          73          21          40          58          53
 Visit points =    44.151076047777522        30.866369241231325        50.351594237681333        34.547330804598872        55.758599480639191        37.757378379156172        56.449363310127097        38.167473183174991        64.435965197874495        41.615429354660762        64.328381173610595        35.354654312912686        57.642353219765205        28.048650341622700        55.995933076441510        20.364466979839726        62.227167461873883        21.963496522392589        63.941149488796881        19.290736885586497        60.858822000136080        12.961559556201802        66.055166891700210        5.9427525699523240        55.000000000000000        4.9999999999999991        52.797290420161822        11.054997029168094        50.016749019762557        10.310631203853969        42.944597712481929        6.4872943046538083        44.501583652795830        10.822811897648473        45.508728380342575        13.627454985580503        46.144461670320055        15.397811249914781        44.319125960949641        17.228522077242886        44.474715921035482        19.064645633383360        38.923698503404829        24.876968858684119        36.488085669248086        26.795481859795053        35.939827930436607        30.011017722685999     

 RouteID =           4
 Route number of clients =           24
 Route length =    122.68863612369483     
 Route demand =          339
 Sequence =            6          94          96          99          59          92          37          98         100          91          16          86          38          44          14          42          43          15          57           2          87          97          95          13
 Visit points =    25.273971075684919        28.972308365416200        24.966906106972385        27.127488254628624        22.800650754873907        26.238633259387637        20.978513356360285        25.283003812211842        21.004751788341995        24.978673645123205        21.191261985318363        22.815408727115944        19.879962024542252        20.813753758113332        19.506621197721500        20.243462898008069        18.728988518797497        19.055602429904347        14.177659501841015        19.023467194637551        10.839131552856028        18.999895094996827        4.9896025464868430        17.239468583645468        5.2463017831747960        6.0799789716871251        10.639917705675972        13.056275780789514        14.193084399374319        10.740324687926437        23.600894313512892        10.948318425217131        23.687351482887181        3.8835590111195568        28.929375485827173        5.9836499781299466        31.591619662808593        11.303430561028973        33.986287528712701        16.088531689496147        28.849936363870842        18.756313794846104        26.035980956469512        21.145622122654206        26.018814040742907        22.926699303288071        28.957557279631040        25.910074956399949     

