 nroutes = 5
 
 RouteID =            1
 Route number of clients =           13
 Route length =    106.17423320004339     
 Route demmand =          275
 Sequence =            7          35          53          14          59          66          11          65          38          10          58          72          26
 Visit points =    50.616336949713428        49.161618295037428        54.749377014112689        49.763757903277799        56.069111191150164        56.151753496755525        61.006734992498643        57.499653570856687        69.746895632370411        64.686156125544812        57.942318031974516        71.738008710057201        55.491791414761771        66.031064450213677        49.150101876202633        69.406702928027642        46.395020493578883        66.673285035413585        40.824911066464324        65.227751745710080        39.026035176775068        60.737436703557933        36.016259719303299        59.579923097052664        40.131977442769035        45.610136886216068     

 RouteID =            2
 Route number of clients =           16
 Route length =    122.24749685861698     
 Route demmand =          273
 Sequence =            2          74          28          61          21          47          36          69          71          60          70          20          37           5          48          30
 Visit points =    37.017477764233639        26.731976916807810        39.056786438015088        20.237197117479298        36.053909635921194        15.107620499580415        36.348998907377194        7.0444316019806541        43.970049590959945        11.933786654950904        49.292876092901260        14.085924217451360        53.214201155296216        9.1174069941742566        51.067416941643664        4.7292556569803779        58.745132607722347        4.4180655028348941        63.062917447357904        4.2430587445422310        65.420491461293338        7.4387877550037489        65.283932185375178        13.029438506857455        60.560599822777213        15.462963749317668        54.921407524863341        19.270805176580250        48.383730850829046        21.902134943316970        43.000000000000000        26.000000000000000     

 RouteID =           3
 Route number of clients =           15
 Route length =    87.661404602781730     
 Route demmand =          277
 Sequence =           75           4          27          45          29          15          57          13          54          19           8          52          34          46          67
 Visit points =    40.303390432213618        37.848006736008820        44.093339839105681        35.655385377097311        54.141318782370668        33.906387715957983        50.866437681874771        29.512368005863109        51.915500698874482        26.886167921181556        60.975593586269113        24.882602093078592        64.062310512058133        27.775423452483928        63.016805103216143        35.159689487093523        66.137434968423321        40.029884451533889        61.869168958928746        47.266958152921269        55.863340503369038        43.977095058862901        53.722643094432414        38.932550075967498        50.294048727757882        40.545623803361380        50.477825068831706        41.209988681772685        43.984559198116095        41.157247066996369     

 RouteID =           4
 Route number of clients =           17
 Route length =    137.44413479423756     
 Route demmand =          276
 Sequence =           68          62          73           1          22          64          42          43          41          56          23          24          49          16          63          33           6
 Visit points =    37.487499695159237        33.814538997029125        30.314248318381292        20.873352601748838        27.051939477976685        23.270327183719189        22.611372964702976        21.450307297589426        26.000000000000000        13.000000000000000        15.220627533295332        5.8651319859941315        15.052110674034800        14.047199755343106        14.963878566850369        18.331169226310756        12.674666000195829        17.636851974201697        7.0672104622102934        24.405581078630799        10.416558152138046        27.877043788955632        7.5805995683143204        42.578521440544591        12.723603577124077        38.973233483558388        20.063630647164835        35.350056349761218        20.931915379768686        30.923904266238605        25.849194829148452        29.581924486508377        32.427318527306234        34.424856644578121     

 RouteID =           5
 Route number of clients =           14
 Route length =    119.12671059680974     
 Route demmand =          263
 Sequence =           51           3          44          32          50          18          55          25          31          39           9          40          12          17
 Visit points =    29.195193852670581        39.579688124780752        22.058105366140019        45.933250022074276        21.635720001481548        48.928285406491618        21.198613722371341        52.027703336714218        14.666715725569809        55.036499473330665        9.8556664880407201        56.944060191322912        10.190629078024593        68.991404689752997        16.927896533050223        65.000302859104352        30.908240202189059        75.070014593363709        29.145289952386218        60.104459160498884        26.946740906363321        57.941374522727749        30.831661509109260        51.057927848125615        34.409233216220471        50.124485544616014        34.021260581567340        43.911030095571434     

