 nroutes = 4
 
 RouteID =            1
 Route number of clients =           22
 Route length =    137.89747943915566     
 Route demand =          350
 Sequence =           67          46           8          19          54          13          57          15          37          20          70          60          71          69          36          47           5          29          45          27          52          34
 Visit points =    44.501587889207570        41.108985544162998        50.474969007908300        42.580553682662995        54.609187601071355        44.205286147905603        62.107747004761528        47.152191985413452        65.957633226226136        40.550367010888152        62.648599609578028        35.450577551288639        64.336018845053786        27.773447602583293        63.072525318914792        24.720742121357951        60.000000000000000        15.000000000000000        65.500236121845006        13.566304085946827        65.414201384558098        9.0527309802399465        64.000000000000000        4.0000000000000000        58.225702035352796        4.3758838889991862        50.804061700671873        4.8590032307499440        53.341664581145942        9.5093858090858934        50.000000000000000        15.000000000000000        54.263148467331611        19.617406449276039        51.852360703322560        26.606742407667230        50.868094972160463        29.460317479735483        54.088947297587417        33.815198861395942        53.033085484510480        37.020944348486488        48.965280478256524        39.280216388241563     

 RouteID =            2
 Route number of clients =           19
 Route length =    167.06161298342036     
 Route demand =          334
 Sequence =           51           3          44          32           9          39          31          55          25          50          18          24          49          56          23          63          16          33           6
 Visit points =    30.027827525589370        39.803770101276122        21.647992742251066        45.984084678401771        21.585684919792964        47.183013410596438        22.776112057125921        52.073650460459604        26.689544050787259        58.537093044858224        29.328838576286966        60.305684902704812        30.598776470998821        75.186085307211854        10.753375042163269        69.031935958181037        15.961216456370403        63.668208813516436        14.223252340924113        56.976915762095352        10.047680109973022        55.592615544619164        7.9923020104695528        43.488259286183101        12.000000000000000        38.000000000000000        6.2732434553334393        25.771327266459554        10.566729853743480        27.381528926562844        19.617897877764484        30.712405333058118        22.006644443242891        34.972872721283792        26.283987122174935        30.023614175416391        32.318857108658598        33.983928619038728     

 RouteID =           3
 Route number of clients =           16
 Route length =    111.72219158000786     
 Route demand =          344
 Sequence =           17          40          12          72          58          10          38          65          11          66          59          14          53          35           7          26
 Visit points =    33.673644528796778        44.454263434366261        30.653796236560019        49.778651647831090        34.362211454199539        51.934451566602775        35.994797948398308        59.504982889010584        39.789057519749420        60.914662069991699        40.066111155031514        65.178299774476912        46.783817927948135        66.864478255406766        49.840144999663899        68.997037138590315        54.569767473065639        66.062415933437990        56.992019529659693        70.963001956387799        69.172431056249579        63.033811777081887        61.323129201341729        57.946356820950719        55.677921120229456        57.608098461390348        54.552264887968420        50.984128589842548        50.000000000000000        50.000000000000000        41.867304193375688        45.049449993699476     

 RouteID =           4
 Route number of clients =           18
 Route length =    125.19382775285847     
 Route demand =          336
 Sequence =            4          30          48          21          74          28          61          22          64          42          41          43           1          73          62           2          68          75
 Visit points =    43.976024424986086        34.537207376139634        43.783107283887006        26.724662686609253        47.154601678829508        20.903001637976857        43.432974640541687        14.020931328228579        39.201565352078866        19.263362890588418        35.995296203157075        15.292649586476239        34.940344255709107        6.9156746580797668        26.706146310904835        12.509995263671064        14.899033584714982        6.0380385614184124        14.471811453545556        13.030543706912011        12.996041319201387        15.936063393532704        16.264727163813038        18.315282729974829        22.913075493193151        21.037959450830243        27.973828051803483        23.110473178856068        29.532955598333025        20.593311689013966        34.933938232338406        26.580902781066143        37.972421005882985        33.617553459271917        39.018015350728930        36.038986359878869     

