   69.000000000000000     
   35.000000000000000     
          15
           8
   19.000000000000000     
   30.000000000000000     
   16.000000000000000     
   23.000000000000000     
   11.000000000000000     
   31.000000000000000     
   15.000000000000000     
   28.000000000000000     
   8.0000000000000000     
   8.0000000000000000     
   7.0000000000000000     
   14.000000000000000     
   6.0000000000000000     
   19.000000000000000     
   11.000000000000000     
           1
  0.43478260869565216       0.57971014492753625     
           8
  0.54113441633332093       0.75757930187163069     
  0.54194803138032577       0.76135711061745526     
  0.53425116644056847       0.76175141962723758     
  0.52863448203727903       0.75639544250085211     
  0.52939105448072199       0.75032082945343903     
  0.52971588637580846       0.74502468165329250     
  0.54365560409583069       0.74865183296709825     
  0.54363279122414743       0.75180955706732611     
           5
  0.71331631202739776       0.71715379784171096     
  0.70802399962845664       0.71634381920858181     
  0.70183424621494572       0.70861538944033098     
  0.71475636731917735       0.70659484195932287     
  0.71677228966008877       0.71029191882322895     
           5
  0.75416411236213310       0.93436419952619620     
  0.74535792229520781       0.93372435294068379     
  0.74579529544753487       0.92218388304188870     
  0.75161337870824463       0.92114518016185498     
  0.75829421804941177       0.92393572851129069     
           6
  0.45740972260205165       0.90624114971972580     
  0.44607555211154409       0.90579369697831846     
  0.44175314499197427       0.89980197283580476     
  0.44071135368850195       0.89165934658376278     
  0.44770686371642243       0.89408961798532849     
  0.45140467616822055       0.89272212965541753     
           4
  0.75361413824572954       0.48429860648135825     
  0.74954624056837860       0.48596530449589359     
  0.74846850062746872       0.47106594648197475     
  0.76166498314457576       0.47649682329348231     
           6
  0.61399229101875075       0.59744134143650596     
  0.61227267337164804       0.60099428296266488     
  0.60683504012246980       0.60021943479430728     
  0.60060551527118300       0.59177058770244184     
  0.60401764194354823       0.58590987558550511     
  0.61139271664934869       0.58921832319048029     
           4
  0.75462713480860422       0.59886136463068818     
  0.74766684978468834       0.59102571788067704     
  0.75340630070523196       0.58627801864922646     
  0.76221767007220664       0.58610871150837562     
           4
  0.82518308136894125       0.84852341511912521     
  0.81780912602926059       0.84645662396131849     
  0.81976229223888908       0.83213166827664609     
  0.82745205044505188       0.83529519726088164     
           8
  0.89588935759146882       0.61621491842586495     
  0.88982629287875303       0.61158836127988347     
  0.89207603106785616       0.60900569417304373     
  0.89068222233307337       0.60611168660861992     
  0.89371511711318619       0.60496592633598989     
  0.89617293828149491       0.60289943448150696     
  0.90041536573363701       0.60010916291748195     
  0.90666346580953927       0.60446427136557168     
           6
  0.61318222118480026       0.83241739667294568     
  0.60101579976668018       0.83126642856830291     
  0.60383705163442924       0.82248728624630130     
  0.60781489287819379       0.81839368300457049     
  0.61489505531055033       0.82028299135800986     
  0.61673641863283990       0.82461214071063660     
           6
  0.39781347639826148       0.98408581673310824     
  0.39728906811571313       0.99126383727046774     
  0.38935290543507378       0.99366136945908834     
  0.38799920445030101       0.97956864900747409     
  0.39348370559377871       0.97733334977562247     
  0.39861703996266562       0.97707212678777533     
           4
  0.62052065421062863       0.97665797043340685     
  0.61667793534620374       0.96745451221488443     
  0.62199921055185337       0.96303954513126622     
  0.62888197049998129       0.96820445800140564     
           7
  0.84664403799182919       0.70393670518570794     
  0.83305570126932149       0.70193592230388935     
  0.83436133334987461       0.69885341642888577     
  0.83255848798182985       0.69174891662448312     
  0.83650602661123252       0.68793364180225314     
  0.83983803319014294       0.68850232367330133     
  0.84856087822532622       0.69408461624355733     
           7
  0.84888220739846432       0.39585651429196433     
  0.84240019066743332       0.39608688762416877     
  0.84063142934396884       0.39954396729269631     
  0.83193347639718629       0.39060628612995402     
  0.84163110670846641       0.38516728850143161     
  0.84603878489413631       0.38344436625237771     
  0.84854820022289101       0.38751596239878378     
           6
  0.54202205903634837        1.0043381118866459     
  0.54498835775911603        1.0084903313920479     
  0.53731534918194046        1.0056933379036364     
  0.52961003441980048        1.0046437215762314     
  0.53052447037932993       0.99848020382266978     
  0.54260068727912769       0.99471540654404600     
