   77.000000000000000     
   400.00000000000000     
         100
           8
   10.000000000000000     
   7.0000000000000000     
   13.000000000000000     
   19.000000000000000     
   26.000000000000000     
   3.0000000000000000     
   5.0000000000000000     
   9.0000000000000000     
   16.000000000000000     
   16.000000000000000     
   12.000000000000000     
   19.000000000000000     
   23.000000000000000     
   20.000000000000000     
   8.0000000000000000     
   19.000000000000000     
   2.0000000000000000     
   12.000000000000000     
   17.000000000000000     
   9.0000000000000000     
   11.000000000000000     
   18.000000000000000     
   29.000000000000000     
   3.0000000000000000     
   6.0000000000000000     
   17.000000000000000     
   16.000000000000000     
   16.000000000000000     
   9.0000000000000000     
   21.000000000000000     
   27.000000000000000     
   23.000000000000000     
   11.000000000000000     
   14.000000000000000     
   8.0000000000000000     
   5.0000000000000000     
   8.0000000000000000     
   16.000000000000000     
   31.000000000000000     
   9.0000000000000000     
   5.0000000000000000     
   5.0000000000000000     
   7.0000000000000000     
   18.000000000000000     
   16.000000000000000     
   1.0000000000000000     
   27.000000000000000     
   36.000000000000000     
   30.000000000000000     
   13.000000000000000     
   10.000000000000000     
   9.0000000000000000     
   14.000000000000000     
   18.000000000000000     
   2.0000000000000000     
   6.0000000000000000     
   7.0000000000000000     
   18.000000000000000     
   28.000000000000000     
   3.0000000000000000     
   13.000000000000000     
   19.000000000000000     
   10.000000000000000     
   9.0000000000000000     
   20.000000000000000     
   25.000000000000000     
   25.000000000000000     
   36.000000000000000     
   6.0000000000000000     
   5.0000000000000000     
   15.000000000000000     
   25.000000000000000     
   9.0000000000000000     
   8.0000000000000000     
   18.000000000000000     
   13.000000000000000     
   14.000000000000000     
   3.0000000000000000     
   23.000000000000000     
   6.0000000000000000     
   26.000000000000000     
   16.000000000000000     
   11.000000000000000     
   7.0000000000000000     
   41.000000000000000     
   35.000000000000000     
   26.000000000000000     
   9.0000000000000000     
   15.000000000000000     
   3.0000000000000000     
   1.0000000000000000     
   2.0000000000000000     
   22.000000000000000     
   27.000000000000000     
   20.000000000000000     
   11.000000000000000     
   12.000000000000000     
   10.000000000000000     
   9.0000000000000000     
   17.000000000000000     
           1
  0.45454545454545453       0.45454545454545453     
           8
  0.54284441517872029       0.64079528474523306     
  0.54532772716123645       0.65060111188898462     
  0.53749131254107796       0.64818475316585988     
  0.53280864970781172       0.64448974031991257     
  0.52557592619268056       0.64845323496608465     
  0.52042695195679733       0.64021683487462511     
  0.53037543830362566       0.62224203973085301     
  0.53990852916167387       0.62947007087229845     
           4
  0.46684590306400825       0.22666795839755663     
  0.45783216687789124       0.23251450531215262     
  0.44138035751574939       0.20894196999345643     
  0.46735151420041321       0.20813413666630010     
           4
  0.71789768139701238       0.59402125925204108     
  0.70770397351606296       0.59207273893650925     
  0.72304836797937710       0.57407158042916828     
  0.72206618630921737       0.58653525656903605     
           6
  0.72721991008365594       0.26447359714077567     
  0.72011090860208338       0.26859306243341052     
  0.70949055961594643       0.27373875212973625     
  0.70579227991043492       0.26609721782912027     
  0.72186713783508649       0.24893317159328138     
  0.72526049249931224       0.25859329764667038     
           6
  0.20383820639439942       0.39441538076112898     
  0.19985779699487125       0.40163817927444867     
  0.18130341593812868       0.38722737811934849     
  0.18755165356137268       0.38548324815596463     
  0.20319167342926686       0.38006096247090387     
  0.20884873681244423       0.38292872673087452     
           5
  0.33631473519349153       0.39370326945119555     
  0.32788219978149197       0.39821033862267791     
  0.31461024834116103       0.38488381204042160     
  0.31254230498922042       0.37790649588423053     
  0.32823339059331064       0.37626374500540521     
           4
  0.27062685557178318       0.64722503369389794     
  0.26908049880193047       0.66235126648290166     
  0.24673958225843970       0.63808665774595608     
  0.27192939142640182       0.63571568708050674     
           8
  0.14177708821269935       0.55893731089858600     
  0.14177428852673260       0.56884847508453451     
  0.12799808902045082       0.56848215224096865     
  0.12219219837128473       0.57075592260035979     
  0.11653795516588936       0.55832140009307707     
  0.12187717471144879       0.54546074795366239     
  0.12900687425273871       0.54742065495417569     
  0.13920053088425505       0.54850782604841875     
           6
  0.71919738484507645       0.78667833671030063     
  0.71306296851217499       0.79307310477873338     
  0.70658224551535198       0.78957136771003744     
  0.70139161096814562       0.79321869307790061     
  0.70075140216183018       0.77122343956964690     
  0.71623066616640019       0.76983795488951123     
           8
  0.39849461867075298       0.78991920222778700     
  0.39319341670798685       0.78663827673679909     
  0.38660279914336243       0.78751684108564424     
  0.38414066775307493       0.79190031015318452     
  0.38006958124881141       0.78469839445750211     
  0.38115703044815591       0.77553600821649238     
  0.38299196628976001       0.76849190485756136     
  0.39953737624234725       0.77017594937021849     
           5
  0.26577927805797508       0.85792300502673058     
  0.26180832108849339       0.85311633664337350     
  0.25145878933287896       0.85264832138279401     
  0.25185596436166824       0.83452439829377667     
  0.27047466296614736       0.84757598589924665     
           4
  0.64709923336584874       0.46856261004465755     
  0.64031158848324110       0.46200124235120160     
  0.65910296831213200       0.44358362783400979     
  0.66318935169783311       0.45153554181859729     
           7
  0.38806566333174397       0.33872249269933224     
  0.38163418049575082       0.33680058837365084     
  0.37607217246274077       0.33649447995324611     
  0.37662865379435018       0.31845373558271245     
  0.39077400027444648       0.31383524832670356     
  0.39804254577715920       0.31379429355720012     
  0.39981393928501818       0.32113842530221781     
           5
  0.20489221889324546       0.13319697179518669     
  0.18432577142044571       0.13948473620683685     
  0.19028655293667646       0.12004940205244179     
  0.19741270775204028       0.11939858664277139     
  0.20671349928097049       0.12450760000861161     
           4
  0.39924657771468802        6.7471196440721665E-002
  0.37570617514061261        7.7709739975713593E-002
  0.37954877241400725        6.1380729825752579E-002
  0.38021253151524426        5.1944643361398243E-002
           6
  0.13270241366538940       0.26727027467032427     
  0.12598819953812695       0.27010165813290132     
  0.11932080991162948       0.26239561874133366     
  0.13315399878746401       0.25216900975890377     
  0.14076794224488348       0.24675188435060816     
  0.13978880153357787       0.25335946972183193     
           5
   6.9777470015531723E-002  0.40071551100841946     
   5.3662497432748021E-002  0.39877558965540877     
   5.1214383332722310E-002  0.38240296812131147     
   5.8157414520107413E-002  0.38012959365848531     
   6.6908577366128805E-002  0.37603810253199327     
           7
  0.27360127941172691       0.52128221549482756     
  0.26621793252631765       0.52868286308267476     
  0.25006216662831326       0.52471552756737228     
  0.24687387350608000       0.51511282090659982     
  0.25778242040294169       0.51164308726524399     
  0.26223408108541585       0.50653801534422016     
  0.27166689676426603       0.50892295346967253     
           4
  0.19137401594312756       0.78895246431696897     
  0.18506087798226908       0.78226085835186987     
  0.18073395222587496       0.77606284241424728     
  0.20732565460654429       0.78008254187860993     
           3
  0.58073551777501609       0.85779387384364247     
  0.57207326212447951       0.84656321440541515     
  0.58441558441558439       0.84415584415584410     
           8
  0.59655023900219484       0.27043920842532898     
  0.59121191198461109       0.26981783513851754     
  0.57135201256580659       0.27375486422731071     
  0.57178201160971387       0.26613204404711466     
  0.57623045534246253       0.26392518431883399     
  0.57558765251107813       0.25529763770494068     
  0.57759371326020104       0.24759280043355014     
  0.59793239981705637       0.25849764222453120     
           7
  0.59496368552736922       0.13521238250201670     
  0.58469927567138169       0.14125097853656191     
  0.57500217008822152       0.14025354456295233     
  0.57090879283934937       0.12868674472223865     
  0.57630975787161909       0.12820373559382084     
  0.57621611048821308       0.12082303399617696     
  0.59404928369939525       0.11905939855693244     
           4
  0.71428571428571430        6.4935064935064929E-002
  0.70244185252203606        7.1042043926945991E-002
  0.70293569020205227        5.4010942473958441E-002
  0.71440881618579155        5.4668464795069996E-002
           6
  0.85253826927338661       0.46231697250781556     
  0.84626619695004679       0.46222970156719806     
  0.83543352173520247       0.45915135471315177     
  0.83819832626880963       0.44338438789072376     
  0.84745474401197030       0.44325450481054463     
  0.85768103527178929       0.45165975460791985     
           7
  0.85642427921999464       0.26875098838368255     
  0.85071836003347201       0.27076328762389806     
  0.84158744756274773       0.27253729405704397     
  0.83152245650579271       0.26924395790042510     
  0.83507034809237035       0.25579377137016829     
  0.83040453881554388       0.25052905046216228     
  0.84565683583269236       0.25119698555660441     
           7
  0.59182721731998067       0.40188898593570743     
  0.57137048311878647       0.40074940376786089     
  0.57294600445019228       0.39158532405406093     
  0.58075604887617671       0.37803897601351355     
  0.58383726138789782       0.38235067802236600     
  0.59140060856400822       0.38104414609135373     
  0.59794241652139879       0.38582206329076635     
           7
  0.46173782572980338       0.52090124876240629     
  0.46388573216356987       0.53312915477692457     
  0.44126495023848755       0.53330243466739735     
  0.44121142943693009       0.51674335944608096     
  0.44047719428789162       0.50948097821297333     
  0.44979962575729449       0.50801681061250992     
  0.46842310940621207       0.51604241075075596     
           3
  0.51993269810061382       0.49440910764039275     
  0.53246753246753242       0.48051948051948051     
  0.54537594624608210       0.47917556471928302     
           5
  0.84324416821062209       0.55609952737249380     
  0.83127135307918409       0.55957571850873056     
  0.82442135169566289       0.55885013520303350     
  0.82058411498829020       0.55134320602630871     
  0.84127043545531865       0.53748609447483764     
           3
  0.53363773111215207       0.77464070466747326     
  0.51948051948051943       0.77922077922077926     
  0.51361793157883828       0.76851436197714096     
           8
  0.41583538719531776       0.68742535635175472     
  0.40961412983875611       0.68690293861103024     
  0.40436750950367434       0.68952764994125393     
  0.39786149186107911       0.68813994809976320     
  0.39513446122345536       0.68366969307782921     
  0.40431967017394449       0.68300884238191784     
  0.40259740259740262       0.67532467532467533     
  0.41526716789993945       0.67908260234658346     
           8
  0.46673902227853714       0.90006008853406361     
  0.46830206034094862       0.90895165174848402     
  0.45588165623014620       0.90924404898257760     
  0.44122532955910398       0.89912414452948120     
  0.44199080495131410       0.89026917356941893     
  0.45331274624819751       0.88492980111114894     
  0.46293556848386563       0.89068771083147869     
  0.46676241936895535       0.89453658358733990     
           4
  0.70209689134387809       0.68459955516470350     
  0.68388934540115065       0.68896691986717951     
  0.68516410565465302       0.66635693512596550     
  0.69813537200258802       0.66751464510957681     
           5
  0.84415584415584410       0.71428571428571430     
  0.83020911649080431       0.72460969441152578     
  0.83187084974051106       0.71178942673251222     
  0.83356005582973791       0.70498128303164243     
  0.84413155804484419       0.70486746294826108     
           3
  0.83194863630222626       0.85774568594084066     
  0.81818181818181823       0.84415584415584410     
  0.82929014449975069       0.83741516555141082     
           5
   3.0304707229498511E-002  0.79157199457355609     
   1.6750470927677535E-002  0.79050190107959950     
   1.9789643174010180E-002  0.77182869745631943     
   3.0618652940273272E-002  0.77026733623450638     
   3.9094160113244299E-002  0.77591807584350259     
           4
  0.26755507048876759       0.26933602075587604     
  0.24714089748275808       0.27145386819019685     
  0.25204668937877056       0.26555694747306757     
  0.25835863100225537       0.25214171119928808     
           7
   7.8970447671810551E-002   6.3534258271924229E-002
   6.8133789391880473E-002   7.8960765866066554E-002
   5.2920191744755235E-002   7.3610051115116357E-002
   5.3351147603905795E-002   5.3585681615212502E-002
   6.1760188121833079E-002   5.2958331376534815E-002
   6.8022089740528299E-002   5.3003028044343162E-002
   7.4238112121358169E-002   5.0989438005454260E-002
           6
  0.79050785215474639       0.16260982589357226     
  0.79037431169007899       0.16833194228833509     
  0.77991435911827933       0.16339957185806198     
  0.77922077922077926       0.15584415584415584     
  0.78690614266844872       0.15450760838344735     
  0.79103559224989439       0.14572175326560766     
           4
  0.53336084029328057       0.33756112815631795     
  0.51013641185442193       0.33210399983328398     
  0.50550257796629650       0.32307751764524828     
  0.51773766053282910       0.31270492536899130     
           3
  0.53678652637080027        9.6743394626498461E-002
  0.53651259271318508        7.8462052550739014E-002
  0.55772204821405102        8.4250575385114393E-002
           7
  0.32390562174253013       0.16007913599864665     
  0.31955911095693701       0.16650845168922987     
  0.31062473726340484       0.16751148508782621     
  0.30021248084389474       0.16669153897573691     
  0.30080457811755207       0.14911032719597103     
  0.30650512095471288       0.14218595357424846     
  0.31885126950465942       0.14712104208133678     
           4
  0.30762794133619714        5.0435831313240996E-002
  0.28727623210475928        4.8520842729829788E-002
  0.28461977327604121        3.3875769168965737E-002
  0.29195899676046283        2.5444442163952682E-002
           7
  0.15575910305348822       0.18593988236920767     
  0.15190423624935318       0.19543409116838925     
  0.14624706167984111       0.19069761818117636     
  0.14096312807029779       0.19281847415881961     
  0.12997018741631053       0.17353674440991843     
  0.13818074942436326       0.16956202312713656     
  0.15508742108699972       0.17614734500985552     
           6
   8.0396829849243595E-002  0.50185719858059508     
   6.7924036005504757E-002  0.50460039090731246     
   6.5264201836603253E-002  0.49019146111252737     
   6.8287025208736460E-002  0.48157015996622804     
   7.7672323591043702E-002  0.48284870230586702     
   9.0714580139024614E-002  0.48086349364329006     
           5
   3.8232080388584874E-002  0.62881623302058587     
   3.9564475629821239E-002  0.63494696434152254     
   2.5974025974025976E-002  0.62337662337662336     
   2.6163090311122409E-002  0.61091372074565986     
   3.7007391746341906E-002  0.61001475164195307     
           5
   9.5677509367625632E-002  0.73865860597021216     
   9.0808397621932199E-002  0.73441846457661442     
   9.0987612180836341E-002  0.72730678592227727     
   9.3664693203133781E-002  0.71827340648102667     
  0.10389610389610390       0.72727272727272729     
           4
  0.17858793708963955       0.68217669686221249     
  0.16860484744128199       0.68822866549727002     
  0.15762693803114297       0.66523236307351308     
  0.17748922471326395       0.67293532543002110     
           7
   8.5659123637684034E-002  0.89592191942783128     
   7.8834627945736854E-002  0.89662934768818658     
   6.3960034899808532E-002  0.89238034231785401     
   6.6006290191984757E-002  0.87663935539015225     
   7.1157771697620872E-002  0.87004995198879131     
   7.6560394139738641E-002  0.86894028706212423     
   9.0996229210446672E-002  0.87601446960726004     
           4
  0.62049693286076979       0.61307845984738163     
  0.59976913678728483       0.61344088843699107     
  0.60420145466840569       0.59655152843228731     
  0.62382644077174032       0.60352769918221838     
           8
  0.64532351356617623       0.75364006165494246     
  0.64540519846448763       0.75934647806972499     
  0.64504627894902467       0.76532772199642951     
  0.62772976025169147       0.76326712171737077     
  0.62689886538261763       0.75496118338702867     
  0.62881518958142957       0.74863953011535045     
  0.63023649756221467       0.73954128995399482     
  0.64734300832494063       0.74385867950927131     
           6
  0.35986193034427294       0.56207693223264843     
  0.35625954920391473       0.57116896804267347     
  0.34798094365253029       0.57084558113587658     
  0.33967464696079280       0.56084108815124822     
  0.33785060172981857       0.55154448256300626     
  0.35486684407020586       0.54830588294954219     
           7
  0.49060304093369755       0.40467576463072702     
  0.48657026832785466       0.41479519116694424     
  0.47302774184505697       0.41115282419499205     
  0.47050913393765659       0.40626599293129462     
  0.46675101208359226       0.38975347691800000     
  0.47714296553088809       0.39113428640043757     
  0.49170712863816018       0.39032930276192984     
           6
  0.75215337706554419       0.38108600557904548     
  0.75425527803451620       0.38913412888815913     
  0.72753836799684224       0.38847232863203540     
  0.73425630457839586       0.36275600509779576     
  0.74860198986708060       0.36426818625484025     
  0.74886339452380568       0.37135381217234809     
           7
  0.82793448775892275       0.29363226874574655     
  0.81500490811629933       0.30951718018311497     
  0.80661682193178119       0.29204835153963499     
  0.80814503197238807       0.28524021457652715     
  0.81488002385860259       0.28982770844610561     
  0.82186562624170878       0.29097984260016002     
  0.83016947571996480       0.28833676171706851     
           4
  0.68831168831168832       0.15584415584415584     
  0.67465437127493577       0.15974349298357984     
  0.68567909636573798       0.14357138998919602     
  0.69196161314845794       0.14830223104304727     
           3
  0.42637599596181075       0.15182741707497008     
  0.41558441558441561       0.15584415584415584     
  0.40761853946429272       0.14225685656802559     
           8
  0.47803117916506904       0.33891516398669930     
  0.47387124245776735       0.34799327090642929     
  0.45655816211460731       0.34675560298715674     
  0.45812193026922676       0.33943508282682006     
  0.45964324102733212       0.33060167732047691     
  0.45535527046370056       0.32402049450590570     
  0.47092619689110421       0.32513722219864344     
  0.47515662318804774       0.33298518068728011     
           6
  0.28000490494337904       0.32195404598460881     
  0.26883030966593074       0.32573931611171381     
  0.26333722942792220       0.31611019058041645     
  0.26046581449469858       0.30600624415827588     
  0.25992300336576984       0.29745739695100570     
  0.26713904515065290       0.29795149317274000     
           7
  0.23101198851959842       0.44488294028090047     
  0.22757740856738146       0.45441797682685769     
  0.22191696601092381       0.45172193347454143     
  0.20844736980570047       0.44906078776314839     
  0.20988560101509723       0.43956381973109809     
  0.20946327998246028       0.43381725975742919     
  0.22634726916860282       0.42945385969730010     
           4
  0.16614874319245884       0.32580974999545015     
  0.14815942192476825       0.32360536624877212     
  0.15910255724172445       0.30332560372756728     
  0.16568524930169845       0.31165679829313342     
           8
  0.32037754834089266       0.76222323684393567     
  0.31272423681710776       0.76108436248593492     
  0.30569990185264795       0.76405682515968598     
  0.29793921106838095       0.75260753610427877     
  0.30059112271687705       0.74779363790345088     
  0.29782846804658580       0.74272787124701567     
  0.30635786370661716       0.74263463320917178     
  0.31864609247901943       0.74252528642937110     
           6
  0.35942519178770654       0.90802207327098527     
  0.35147380151821050       0.91003650793077118     
  0.34427127305756766       0.90879890729627444     
  0.34032068500548174       0.90453971620722950     
  0.33683879059253435       0.88789467535403110     
  0.35828160411325227       0.88511288801302002     
           8
  0.20870204354685165        1.0058432732833600     
  0.20462831178134935        1.0111479381772142     
  0.19284668548499345        1.0093849085794819     
  0.18767470209727052        1.0131920971235338     
  0.18507289264522853        1.0055913176878004     
  0.18588026296346705       0.98879579062022116     
  0.20351205097041614       0.99179745828209676     
  0.20470915800072698        1.0027586777519983     
           4
  0.81771432483962980        1.0135432950577503     
  0.79951494440116222        1.0127345742824663     
  0.79435596198924530        1.0071872182819845     
  0.80519480519480524        1.0000000000000000     
           6
  0.64865525458100148       0.94794352916598967     
  0.65008614677608945       0.95751346322023700     
  0.63722701674748905       0.96116982672536966     
  0.62363606245512326       0.94111807155242455     
  0.63706299203510408       0.93874982468027734     
  0.64083173598407039       0.93440868790970344     
           6
  0.88107260597504733        6.6424135972564260E-002
  0.86889173150157606        7.6424368662383863E-002
  0.85785931028182094        7.7178604804575640E-002
  0.85897208545487780        6.6428712027013934E-002
  0.87344412183059394        5.5317879320587099E-002
  0.88055987311715489        5.0711414009095297E-002
           3
  0.72927497548903186       0.52015967212004988     
  0.72070637293838824       0.51640579127594033     
  0.73310861441723507       0.49568146991136353     
           6
  0.48805919728288844       0.61068514840811527     
  0.49466192939646614       0.61403660651492542     
  0.48072018853146914       0.62272549298369395     
  0.46852563563206451       0.60221162281357232     
  0.47655516267853826       0.60323581554331007     
  0.48797201406580870       0.59801671779842724     
           4
  0.49346389308554522       0.73282282782947272     
  0.48051948051948051       0.72727272727272729     
  0.47845450579417664       0.71322364540451666     
  0.49125301273048255       0.71605372183412785     
           7
  0.74856713437695921       0.88308307568620015     
  0.75040790019968218       0.88857523564938667     
  0.74218388614388531       0.89432333541386322     
  0.73762837201337383       0.89141083616837913     
  0.73072329085873999       0.87640731944386074     
  0.73448009985724505       0.87085467207204947     
  0.74011318033609141       0.86940016684657961     
           6
  0.61447944022598422       0.21670314463779580     
  0.60769069175633550       0.22007653266084334     
  0.59952046604960219       0.21839763546669660     
  0.59927872299116958       0.19997157467421794     
  0.61071777685571504       0.19763385199888059     
  0.62215730148821513       0.20320832633711053     
           4
  0.57241218696135510       0.23241448639338311     
  0.56282353589528600       0.23131656183114424     
  0.56106679967222639       0.21397272767673731     
  0.58181960016371603       0.20661840576979806     
           5
  0.60693096847757644       0.18218204790579234     
  0.59145301539212236       0.17711740705244378     
  0.58359456421870737       0.17460835823863560     
  0.58950854220346760       0.16606287786976665     
  0.60707708428514207       0.15995177468378921     
           8
  0.64385631666530885       0.15012767570044053     
  0.64790852530031695       0.15335941708135015     
  0.63969946940752564       0.15416467444806681     
  0.63428678255293636       0.15701821765353136     
  0.63135637688287205       0.15235296616524188     
  0.62280448984412928       0.14470926268992945     
  0.64956816908782544       0.13390430134875284     
  0.64947566798605794       0.14578915525056113     
           6
  0.64235010256570080       0.55894333513538530     
  0.63699464522617011       0.55524007203262193     
  0.63087004638268263       0.55574092599080449     
  0.62254492210290102       0.54261133501073711     
  0.64456866634346455       0.53395126777996105     
  0.64829936513521447       0.54528826530877028     
           4
  0.68321312587034055       0.57147665141492288     
  0.67629266191454152       0.55427908354034294     
  0.68164254670055313       0.54977266899282995     
  0.69815081968786974       0.55391608672397075     
           4
  0.80427140071602832       0.68822739558831114     
  0.78062120059527029       0.67599413136864028     
  0.79220779220779225       0.67532467532467533     
  0.80555350506368739       0.67511862888162699     
           3
  0.75325649356407121       0.62565247541852942     
  0.74025974025974028       0.62337662337662336     
  0.74494662540757306       0.61258786043000146     
           7
  0.73708865618431363       0.48478858995803481     
  0.72423980841806523       0.49036247812424255     
  0.71326830716329082       0.48961981357084861     
  0.71420958059164152       0.47319715209827828     
  0.73076147308024064       0.46990220690310591     
  0.73666256691243648       0.47267471930369598     
  0.74110638739987555       0.47821320500084369     
           6
  0.72300218485253398       0.71227169167105253     
  0.71157324747221840       0.71374070610971962     
  0.70286238402898571       0.71155842515327228     
  0.70676063772245801       0.69071634446220742     
  0.71493773442105069       0.69394502937945257     
  0.72457903801929702       0.69700902568928913     
           4
  0.20859055224884931       0.62225968371676177     
  0.19367039681228809       0.62127764307538602     
  0.18156251145243807       0.60476521135043182     
  0.18834604545143352       0.59920044440287246     
           7
  0.19018334957778621       0.48307401476280881     
  0.19359358027976370       0.49154227616254620     
  0.17432141477061935       0.49001126411489326     
  0.16964557126861679       0.48699777936033628     
  0.17838089723076345       0.47308046898335765     
  0.18221559118902675       0.46633415699398190     
  0.19253967834387675       0.46639591392692942     
           4
  0.15586806377810056       0.41512644236821211     
  0.14669631222046989       0.41410374991787902     
  0.13221082205951587       0.39847601593438747     
  0.14098387420951689       0.39200239630262962     
           6
  0.21909946784336912       0.28997191707038350     
  0.21676645579203313       0.29977563918080979     
  0.20928758525547775       0.29674389637803916     
  0.19763622796185623       0.29124077590657471     
  0.21313488156074015       0.27394328548444175     
  0.21564030979574761       0.28518130775788414     
           7
   5.5956571534855448E-002  0.24326747558775985     
   4.6840978665620175E-002  0.24617333621459017     
   4.1578719892320329E-002  0.24230750444570476     
   5.2059076462972823E-002  0.21989422310589693     
   6.4800033071257701E-002  0.22388920238500609     
   6.0709293828593351E-002  0.22817662976300584     
   6.5061458073901582E-002  0.23131678216003385     
           4
  0.37467449823208887       0.24358849084215720     
  0.36470820482940508       0.24710752936929978     
  0.35303793190588217       0.23699959140681787     
  0.37463777823878408       0.22457316877693304     
           5
  0.33560052302694576       0.68590448149235983     
  0.32392217444483057       0.68248266514247502     
  0.33469934562177550       0.66415242669090235     
  0.34187647122129317       0.66568528711355268     
  0.35103498832905716       0.67213852557261566     
           4
  0.34681902490330285       0.45872687746407304     
  0.33633602885421510       0.46526118785753723     
  0.32652969810255128       0.45141190618224547     
  0.32656977997377901       0.44148208115459669     
           5
  0.41098991078889496       0.87647115327988112     
  0.39654955718671636       0.87890224165242914     
  0.39081794578667928       0.87634665507737286     
  0.41669813328197663       0.85620504114597062     
  0.41316723329637800       0.87040563418331318     
           8
  0.20465695144737645       0.25504141889787396     
  0.18133319086398303       0.26059078114654205     
  0.18463858814493922       0.24457106543667037     
  0.18501786828822864       0.23899797601356748     
  0.18856959815759095       0.23309232201636826     
  0.19685006593086934       0.23623132917955927     
  0.20585213421002527       0.23366147177279128     
  0.20228854552160577       0.23963515567863872     
           5
  0.29439359695389261       0.29877081214489981     
  0.28453200626230191       0.29609824290304776     
  0.27521119461452420       0.29630400944306423     
  0.28571428571428570       0.28571428571428570     
  0.29570106218429820       0.28466125503790385     
           3
  0.24213208196021038       0.32567890642609060     
  0.22649409832884823       0.30835873327546076     
  0.24348707631803213       0.31287458659181006     
           3
  0.35166612557455990       0.35940644740041128     
  0.32424553385678423       0.35230504226790421     
  0.33723136028271355       0.34182929506913817     
           8
  0.33322074775257077       0.32462319938012613     
  0.32531306395188642       0.32066093437550114     
  0.31689212994460747       0.32077361088295930     
  0.31142004867104905       0.32228116348936986     
  0.31325114190602910       0.30761985682974663     
  0.31310834782834457       0.30023021481890760     
  0.33104840958403475       0.30052953069993643     
  0.33790667585380396       0.29774934160114380     
           3
  0.29692544429816453       0.36324597892582394     
  0.28571428571428570       0.35064935064935066     
  0.29611234746589488       0.34076147090113812     
           5
  0.33812962281129239       0.27461846912537929     
  0.31145336418467651       0.27359909977104824     
  0.32365458730920454       0.26380572801681174     
  0.33031287095659773       0.26088129217621581     
  0.33734250109895708       0.26145665511733429     
           3
  0.24675324675324675       0.27272727272727271     
  0.24600009533028461       0.26084926255383678     
  0.25394495901631348       0.26307351202116092     
           3
  0.26800904107034840       0.34376650857257623     
  0.25974025974025972       0.33766233766233766     
  0.27244822540727642       0.32835069885989404     
           5
  0.24341956530989353       0.23960471947186288     
  0.24323361712724023       0.24747535623252398     
  0.22477728739036870       0.22901398749860152     
  0.23748225533104469       0.22628503568366723     
  0.24795051558979625       0.22843098514244725     
