   69.000000000000000     
   160.00000000000000     
          18
           8
   19.000000000000000     
   30.000000000000000     
   16.000000000000000     
   23.000000000000000     
   11.000000000000000     
   31.000000000000000     
   15.000000000000000     
   28.000000000000000     
   14.000000000000000     
   8.0000000000000000     
   7.0000000000000000     
   14.000000000000000     
   19.000000000000000     
   11.000000000000000     
   26.000000000000000     
   17.000000000000000     
   6.0000000000000000     
   15.000000000000000     
           1
  0.43478260869565216       0.57971014492753625     
           8
  0.53746752149526478       0.75976831497088337     
  0.53196756276254031       0.75836819011701273     
  0.52811035594548428       0.76230518906239575     
  0.52985413430193284       0.75479844482473502     
  0.53033408472067955       0.74851000794601619     
  0.53410861190592229       0.74499758442390362     
  0.54288489112395832       0.74529373174458913     
  0.54333791968893408       0.74987008097383190     
           8
  0.71507326914267166       0.62282204067092861     
  0.71863750304481233       0.63124641208494225     
  0.71298268774002882       0.62900633585444310     
  0.70945393117701860       0.62876373319008583     
  0.70383266792966015       0.62016800002838379     
  0.70987937200406326       0.61519256950635304     
  0.71299047355252398       0.61729621494180242     
  0.71824210021389712       0.61504265851956796     
           3
  0.76044884125511336       0.93389745737709318     
  0.75362318840579712       0.92753623188405798     
  0.76038792111970721       0.92579742617780514     
           3
  0.45532691734668185       0.90382214069751088     
  0.44102733880428779       0.90189779161343897     
  0.44321513365137954       0.89006773481619628     
           3
  0.75362318840579712       0.47826086956521741     
  0.74945787596579072       0.47189401404647502     
  0.75473092330618874       0.47324213119979258     
           6
  0.61648176077802053       0.59731374530728021     
  0.61001507097003049       0.60061939161581124     
  0.60651701796367030       0.59960873131389558     
  0.60105707037800271       0.59348616533138987     
  0.60103027538262466       0.58866227650779834     
  0.60494395828318670       0.58941726423724816     
           8
  0.76181206063164264       0.59466403871239293     
  0.75654166223921182       0.60219522216507759     
  0.75090389112752653       0.60128435629957766     
  0.74823198179116535       0.60287966852052877     
  0.74753684408720278       0.59231375862847946     
  0.75190183049601755       0.58647285118140891     
  0.75856376558596506       0.58563041379686298     
  0.76192417058904616       0.58989299516842852     
           3
  0.82614032574423191       0.84651704349240198     
  0.82608695652173914       0.84057971014492749     
  0.83089448671569455       0.84130530453865404     
           8
  0.90389615515506327       0.61477452489155193     
  0.90092615177311852       0.61394350009033383     
  0.89739102091403022       0.61349280688322860     
  0.89168558774956164       0.61591599203821557     
  0.89126420143691343       0.60852745948317410     
  0.89003180317846475       0.60336086785223975     
  0.90216715227868782       0.60330100361980754     
  0.90524082573007392       0.60007805941529024     
           4
  0.61119003117214554       0.83463096117129321     
  0.60175424078709538       0.83445824043637107     
  0.60077828026791913       0.82661101930929026     
  0.61315166415943900       0.81752550593362372     
           5
  0.39900143163815832       0.98932426433090170     
  0.39006416763419782       0.99211597883469327     
  0.38642380161815026       0.98723561265793291     
  0.38732447820791188       0.97724070790181605     
  0.39761292738484155       0.98013945611035624     
           3
  0.62311571536079691       0.97894042953788052     
  0.62318840579710144       0.97101449275362317     
  0.62794813833443497       0.97034014959777581     
           7
  0.84800744770615621       0.39469804859266872     
  0.83287065499740642       0.40013451805650413     
  0.83309623969176483       0.39570949694851371     
  0.83256374856307325       0.39216463483829195     
  0.83417911050115334       0.38267800380509120     
  0.83958895395093158       0.38427720306943552     
  0.84751389186377746       0.38616953776552421     
           5
  0.53544019227481754        1.0061618115183188     
  0.53097739228600660        1.0075620024361436     
  0.53067742154613773       0.99141484850158690     
  0.54344695258967490       0.99322210951306045     
  0.54122260582896820       0.99663080813787797     
           8
  0.89232362392784037       0.48607858090443740     
  0.88369246861169504       0.48343245289958681     
  0.88149146308990101       0.48708010725269724     
  0.87570498064844005       0.48168767342652596     
  0.88267589315029837       0.47015968759046484     
  0.88586447175892391       0.47350305560350153     
  0.89112876104051919       0.47022074997788704     
  0.89089580497481524       0.47550062046088309     
           4
  0.90343903837568884       0.91711851811158607     
  0.89390014692926167       0.91274230097995745     
  0.90179173952394720       0.90664417549043697     
  0.90657577697882252       0.90458454293830404     
           5
  0.91843873493268979        1.0059302051870780     
  0.90543511984014513        1.0082655832146727     
  0.90731228173471168       0.99711718770545177     
  0.90736922561839572       0.99185070803159481     
  0.91877631587080244       0.99482295523121711     
           8
  0.65831026355872391       0.51201283448684076     
  0.65213611713791875       0.51355882181287882     
  0.64457173290116343       0.51242558161597096     
  0.64738033700624320       0.50937811900722885     
  0.64453952189802333       0.50567877003745665     
  0.64748695952283419       0.50148357742584715     
  0.65816547813397897       0.50223081661943558     
  0.65995975619679292       0.50589579209319235     
