   69.000000000000000     
   40.000000000000000     
          22
           8
   7.0000000000000000     
   30.000000000000000     
   16.000000000000000     
   23.000000000000000     
   11.000000000000000     
   19.000000000000000     
   15.000000000000000     
   28.000000000000000     
   8.0000000000000000     
   8.0000000000000000     
   7.0000000000000000     
   14.000000000000000     
   6.0000000000000000     
   19.000000000000000     
   11.000000000000000     
   12.000000000000000     
   26.000000000000000     
   17.000000000000000     
   6.0000000000000000     
   15.000000000000000     
   5.0000000000000000     
   10.000000000000000     
           1
  0.43478260869565216       0.57971014492753625     
           8
  0.54141367699098086       0.75384590731738976     
  0.54320812493134829       0.76036601483203237     
  0.53486770721005272       0.76125184394437562     
  0.52865292002225339       0.75693825011356730     
  0.53050508156895992       0.75330782267710794     
  0.53710401172900557       0.74496778088385929     
  0.54470341845859271       0.74663818808683546     
  0.54265612696177568       0.74974378895015870     
           5
  0.71755245941097912       0.71253655046451569     
  0.71101486819247361       0.71819471421014602     
  0.70699516790653416       0.71768392443062801     
  0.70246292278545985       0.71027073349022096     
  0.71795589412830352       0.70334516344920883     
           6
  0.76048681848546662       0.93063254608934221     
  0.75668694013542415       0.93576675737898229     
  0.75008527439160166       0.93377141051450452     
  0.74533240462563988       0.92504287244065131     
  0.75845503698935623       0.92710296973083450     
  0.76221485752186346       0.92590680884158261     
           8
  0.45479879804848700       0.90247149798586712     
  0.45120117665546711       0.90316865344115438     
  0.44400048739805847       0.90212803975409728     
  0.44445402358746999       0.89741524893352231     
  0.44362251515263285       0.89374759347559829     
  0.44716821133998313       0.89356191938428631     
  0.45018578691798355       0.89200356599970498     
  0.45697090963155140       0.89436458177904254     
           5
  0.75130467505462795       0.48506146084071550     
  0.74844139687428457       0.47806172142670150     
  0.74529928227851094       0.47152452406089318     
  0.75949797206799408       0.47078607725679178     
  0.76131564460427226       0.47558472156725262     
           6
  0.61621870818722502       0.59574326889253859     
  0.61073402963795520       0.60166621220262917     
  0.60411005497400139       0.59896130742732256     
  0.60359532697455398       0.59100803154694770     
  0.60054566352580274       0.58788905941733327     
  0.61664353982511433       0.58975424701484447     
           8
  0.76243371135237903       0.59976831337146053     
  0.75219227921355236       0.60297043120698890     
  0.75061116646071890       0.59999724866426252     
  0.74729139276439993       0.60143525032895273     
  0.74550247632131184       0.59877909788875849     
  0.74499193261570784       0.58986811287430674     
  0.75025518810139791       0.58703158340889028     
  0.76000737489450443       0.59428512026949176     
           4
  0.82993322952157556       0.84890667643229323     
  0.82293811678343298       0.84575853771840070     
  0.81808139842349237       0.83808350674829590     
  0.83083263109611072       0.83530337470538563     
           4
  0.90652777913871074       0.61329307932671429     
  0.90074823466548926       0.61758237406181316     
  0.89033939240919757       0.60498572622023650     
  0.89364518647991498       0.60026234828797043     
           7
  0.61258527315212274       0.83231125379408288     
  0.60379209685589574       0.83315845635561736     
  0.60407181802708365       0.82974522038773402     
  0.60118527228145946       0.82374475797753510     
  0.60317102808880452       0.82001429266965287     
  0.61143186334209199       0.81814471923386278     
  0.61341596923517128       0.82232571274248634     
           6
  0.39808970530646143       0.99181399577898399     
  0.39344863133521352       0.99085506577706173     
  0.38602087752100167       0.98718820902827575     
  0.38657268203712675       0.97673827887624887     
  0.39154264666111910       0.98091938819802937     
  0.39921406135792942       0.98101439261189971     
           3
  0.62034277648003566       0.97550666331457070     
  0.61476432032643058       0.97353839726895652     
  0.62318840579710144       0.97101449275362317     
           3
  0.84862045877866144       0.70150985303581959     
  0.83423712163179142       0.69969656977337824     
  0.84627099607539658       0.68712662605086261     
           8
  0.84525361990493564       0.39169008529093574     
  0.84338240447160040       0.39585595107521332     
  0.84215685542947705       0.39887943458474540     
  0.83690393565395982       0.39722040552653298     
  0.83475007230258413       0.39125124080875273     
  0.83178710503463749       0.38393069639405575     
  0.83743646921262216       0.38365760421494849     
  0.84582358324525786       0.38348218644254595     
           5
  0.54325256693577106        1.0052066692854420     
  0.53546873043413501        1.0046414887895065     
  0.52959468752838579        1.0067453986799351     
  0.53032008024952115       0.99118386399803948     
  0.53445534538621708       0.99152765099776952     
           8
  0.55182142300189752       0.67364696640282773     
  0.54616847304741922       0.66711626487218423     
  0.54223497991467340       0.67200559968919404     
  0.54338628593505822       0.66863452561063907     
  0.54402109987996450       0.66330291767438654     
  0.54524768810368662       0.65992417535576453     
  0.54915492455315507       0.65925836319287423     
  0.55594313321932320       0.66002263250539117     
           6
  0.89062669756993740       0.47909158740218022     
  0.89225883984362508       0.48432029782971614     
  0.87908860405678879       0.48412474545534784     
  0.88210347017453039       0.47267006138112688     
  0.88575406166415172       0.47120212251327126     
  0.89132598310435762       0.47026616409584221     
           7
  0.90677395350539192       0.92067161217552862     
  0.90138843763160059       0.91806795190764989     
  0.89485271893326035       0.91955599419189926     
  0.89058271161974734       0.91784000179013936     
  0.89069351390752693       0.90891173881527554     
  0.90264960454709142       0.90776741213089940     
  0.90400088407342793       0.91504367188806879     
           3
  0.90870501672829196        1.0061249117752058     
  0.90723706358710365       0.99820144058835980     
  0.92158765542688392        1.0021086497276319     
           4
  0.65199511573132030       0.51391244511381073     
  0.64357027988629911       0.50382480001801566     
  0.64951524640921376       0.49974159985776911     
  0.65340252519625019       0.50224225005676626     
           6
  0.46895967530329852       0.56919741451757833     
  0.46074971804118303       0.57077575646801659     
  0.45656984949522750       0.56925539551654736     
  0.45679535838325253       0.56355629736329815     
  0.46988045805624051       0.55853189947673942     
  0.46883843149182047       0.56302204415020318     
           6
  0.82001984139815232       0.54198896864935242     
  0.81618256833569625       0.54235768629826775     
  0.81116612789015885       0.54117193762259175     
  0.80349570914002699       0.53999502509412556     
  0.81646805467189587       0.52891487504356161     
  0.81817218639896672       0.53225702057055524     
