   69.000000000000000     
   160.00000000000000     
          20
           8
   7.0000000000000000     
   30.000000000000000     
   16.000000000000000     
   23.000000000000000     
   11.000000000000000     
   19.000000000000000     
   15.000000000000000     
   28.000000000000000     
   8.0000000000000000     
   8.0000000000000000     
   7.0000000000000000     
   14.000000000000000     
   6.0000000000000000     
   19.000000000000000     
   11.000000000000000     
   12.000000000000000     
   26.000000000000000     
   17.000000000000000     
   6.0000000000000000     
   15.000000000000000     
           1
  0.43478260869565216       0.57971014492753625     
           8
  0.54368809527467166       0.75441245031080295     
  0.52828949295004046       0.76134833880121355     
  0.53060280191587950       0.75618157088632298     
  0.52979969376162639       0.74867626482799676     
  0.53324892454333495       0.74888785664413027     
  0.53432811323123464       0.74525408339743249     
  0.53945278303037891       0.74773061627824988     
  0.54506518325185072       0.74993174488264247     
           5
  0.71753866384498066       0.71234466394667584     
  0.71589869788467564       0.71818952406127579     
  0.70298811056519395       0.71581369725130883     
  0.70375857655378227       0.70932564317715141     
  0.71854749427246156       0.70237134787168798     
           7
  0.76154418127276868       0.93440732423628547     
  0.75264272023078660       0.93303276675500990     
  0.74872184009353682       0.93605930959571726     
  0.74586522532724120       0.93412686644495646     
  0.74842529116940248       0.92396026089141259     
  0.75752898758414089       0.92053499577372466     
  0.76178295206182300       0.91993080546310435     
           7
  0.45782085605871498       0.90496624729041752     
  0.45374812371165402       0.90418480323359962     
  0.44168081978701668       0.90734976138539236     
  0.44115893502241843       0.90385822119282411     
  0.44152556957802014       0.89989395399980388     
  0.44140097467849010       0.89085919856164475     
  0.45294788999082969       0.89152774799289713     
           4
  0.75099386215023201       0.48271867103662597     
  0.74496495497146298       0.48385319950138356     
  0.75731684310788805       0.46990420904403951     
  0.76044183183722636       0.47373951227041661     
           4
  0.60908829959973532       0.59973813450085767     
  0.60233733668051925       0.60123569631790630     
  0.60397082982555761       0.59352693365384657     
  0.61491410790231871       0.58889052649806894     
           8
  0.75691167765770129       0.60159076570659475     
  0.74628399208502927       0.59979677501077799     
  0.74744879373226480       0.59157651019512769     
  0.74630664708368577       0.58850209075465132     
  0.75225718267925779       0.58891437504607624     
  0.75399592282314232       0.58583431194648117     
  0.75769111912446119       0.58556651780438207     
  0.76223577609492155       0.58773625409743824     
           8
  0.83443100322493380       0.84722383589524608     
  0.83140596185583293       0.84805012583371053     
  0.82653705776264996       0.84941888353714279     
  0.81728522294306816       0.84017094609252352     
  0.81787449128939016       0.83564817216578191     
  0.82116145668509144       0.83524536415563910     
  0.82809792388445347       0.83288104927803375     
  0.83394058949905936       0.83804252533826074     
           8
  0.90362232633091943       0.61029573399030657     
  0.90737284653416295       0.61317599462328631     
  0.90346578545582124       0.61678926931463340     
  0.89541887240576690       0.61425095663716256     
  0.89294386304553541       0.61047835485810176     
  0.89200607394042353       0.60262986807644525     
  0.89956285542017456       0.60072905887956285     
  0.90697491340650693       0.60790789555685976     
           8
  0.61395607883813008       0.82916878428193574     
  0.61680644258181050       0.83296499397887236     
  0.60952524623488602       0.83322130622899604     
  0.60589359854466651       0.83230357072468719     
  0.59995591253337710       0.83400484219208049     
  0.60235924168193455       0.82704065033867402     
  0.61747684257553159       0.81982145451885324     
  0.61654287937083918       0.82281252426923623     
           5
  0.39130434782608697       0.98550724637681164     
  0.38366289965454203       0.99007768968642640     
  0.38653800477637851       0.98200342749545200     
  0.39208213671845793       0.97734975650322276     
  0.39916627963433005       0.97988224137068902     
           6
  0.63058352554861385       0.97864496775208287     
  0.62526176437790748       0.97831956584206570     
  0.61648767081371869       0.97911613485154758     
  0.61780741073954415       0.97310906307510037     
  0.62868467973991538       0.96394671330444237     
  0.63022048159090471       0.97167327796768221     
           3
  0.84729999650602750       0.69537644200092641     
  0.83755176407333409       0.70112148878354175     
  0.83660724816232090       0.68714027885863960     
           7
  0.84728860323319088       0.39557050268782185     
  0.84868209614903145       0.39949584224569956     
  0.83272751598498163       0.40020296811342609     
  0.83496310570871468       0.38972612573382936     
  0.83680043244143643       0.38625795481233510     
  0.83580350526798741       0.38243985412176534     
  0.84947049306980504       0.39141963843337341     
           8
  0.54184421987885756        1.0011187558716037     
  0.54490790070285577        1.0081575625587647     
  0.53788537793807156        1.0076694885142530     
  0.52888520062738675        1.0045035093544652     
  0.52909584915880037       0.99853737279058652     
  0.52897686011065437       0.99461624186590369     
  0.53510219145177262       0.99239127147674000     
  0.54149294627551647       0.99594278861127750     
           8
  0.55863249525654113       0.66662232054620474     
  0.55660646383886181       0.67063039268000157     
  0.54709449271929111       0.67318451052571848     
  0.54236732625452211       0.66875254104323334     
  0.54264998936702291       0.66132216090262674     
  0.54416923518948634       0.65810331322755411     
  0.55176750635928573       0.65850915101809460     
  0.55495078322149616       0.66184998673446427     
           7
  0.89167214651438642       0.47865903205738952     
  0.88398826832694077       0.48293954781329529     
  0.87732210116897791       0.48393675382293572     
  0.87536022346871623       0.47910853426276789     
  0.87742978724801135       0.47609672227307387     
  0.87548376776798142       0.47048585104916457     
  0.88913041060214626       0.47612265887686733     
           5
  0.90649986761188894       0.91187225655528759     
  0.89257945993462362       0.92065277116071853     
  0.89202615574765554       0.90589773345417657     
  0.89695027920719872       0.90592010129329725     
  0.90219678252221758       0.90666238239584873     
           4
  0.91896753667045106        1.0009298257509751     
  0.91387298774404824        1.0057128507203628     
  0.90546522853906164       0.99749975164878557     
  0.91277797749016698       0.99292453967221406     
           5
  0.65200158367539740       0.51569447757836984     
  0.64360162083853334       0.51376944996330109     
  0.64335211832071382       0.50826485883707373     
  0.64361567205485615       0.50043726754218953     
  0.65937337953637554       0.50555677919958208     
