   69.000000000000000     
   160.00000000000000     
          19
           8
   19.000000000000000     
   30.000000000000000     
   16.000000000000000     
   23.000000000000000     
   11.000000000000000     
   31.000000000000000     
   15.000000000000000     
   28.000000000000000     
   8.0000000000000000     
   8.0000000000000000     
   7.0000000000000000     
   14.000000000000000     
   6.0000000000000000     
   19.000000000000000     
   11.000000000000000     
   26.000000000000000     
   17.000000000000000     
   6.0000000000000000     
   15.000000000000000     
           1
  0.43478260869565216       0.57971014492753625     
           8
  0.54085107762808593       0.76107468720704918     
  0.53599374736539707       0.76093619068733998     
  0.53178096432356958       0.75866619975077099     
  0.52910271527906672       0.76063474087337901     
  0.52834416968080777       0.75361938793550476     
  0.53156628894478919       0.75041546444041629     
  0.53591440464788465       0.74616114900472097     
  0.54441304680045710       0.74925652932374931     
           8
  0.71815696143624652       0.71455524341420062     
  0.71005725234956252       0.71571314009612919     
  0.70554684036533344       0.71883380131698804     
  0.70170742420347765       0.71882501523432230     
  0.70248702369760552       0.70545673330615033     
  0.70272218146635745       0.70153931807018333     
  0.71768349058770420       0.70500032913950361     
  0.71708682415732861       0.70992899195863579     
           3
  0.75362318840579712       0.92753623188405798     
  0.74581832877432197       0.93005099488584830     
  0.74537982184815688       0.92004885398991398     
           3
  0.45124273378701202       0.90660878966194536     
  0.44321629010666230       0.89168349481428733     
  0.45696130690679898       0.89335864232379969     
           7
  0.76010961363913032       0.48587441398464676     
  0.75617045355351897       0.48462319169001511     
  0.74861351793007413       0.48393330782552024     
  0.74685105417963338       0.48034796221221493     
  0.75055328029642732       0.47348478918161213     
  0.75787463268963007       0.47094135701656592     
  0.76046750863317247       0.47759060718005975     
           8
  0.61484352816458943       0.59664939845135478     
  0.61241148137785528       0.60211741184749179     
  0.60602714072423780       0.59944414838678806     
  0.60173614351249594       0.60136661524980750     
  0.60220312207760973       0.59090964163965498     
  0.60675601994751904       0.58901790345269134     
  0.61415577681897149       0.58548052568060394     
  0.61450914246135446       0.59017582523742873     
           7
  0.75984836719750348       0.59496034775325635     
  0.76003221020280687       0.60181411629246118     
  0.75115399177266873       0.59902088939630393     
  0.74550760048091402       0.59579692862346190     
  0.74704461120019139       0.58819937472182016     
  0.75367687139265394       0.58759288562459477     
  0.76235025359988018       0.58711501443208425     
           7
  0.83499359851329025       0.83992657523610426     
  0.83355313336267389       0.84847416309425228     
  0.82528578012566067       0.84772068769078057     
  0.81807714222358674       0.83783269069384880     
  0.81857089080574652       0.83177979508011446     
  0.82972439030933820       0.83181968857175870     
  0.83172129529063676       0.83726555050253937     
           4
  0.90628202351177600       0.61730013148152374     
  0.90176716649642996       0.61699629047772597     
  0.89102109515627148       0.60359972296183628     
  0.90703303854953854       0.60467405779551930     
           5
  0.61377608949155871       0.83362110623387176     
  0.60822205535029239       0.83223557094991696     
  0.60138992509204736       0.82393324513524402     
  0.60730409662599871       0.81908139972425154     
  0.61196517832422270       0.81771530215509602     
           3
  0.38500127886817598       0.99438780113111946     
  0.38431443528161707       0.98065485092339011     
  0.39130434782608697       0.98550724637681164     
           6
  0.62783695538019402       0.97287055135533151     
  0.62822009726072348       0.97903313512365353     
  0.61817644006161432       0.97375206803747749     
  0.61573175121821511       0.96277365840136697     
  0.63174257359057739       0.96282777882899562     
  0.63159343786151301       0.96903411596323241     
           5
  0.84531621976263704       0.69672746731257029     
  0.84932872109410984       0.70099091695087501     
  0.83696983082583609       0.70417978106764501     
  0.83620349781348136       0.69102684699968075     
  0.84118681769605641       0.68799959610209438     
           4
  0.84750589741167259       0.39437305275896439     
  0.83581580080630957       0.39306234336322254     
  0.83655764263875143       0.38664926331289473     
  0.84941409577177562       0.38805179926458178     
           8
  0.54390745740179713       0.99870625695328341     
  0.54126220711561945        1.0028406271105323     
  0.53732858700000408        1.0055957608387025     
  0.52983082149350702        1.0014141318846304     
  0.52826024109089853       0.99725032017398951     
  0.53071045154812413       0.99410578975028341     
  0.53940283748615214       0.99224951122675342     
  0.54418600457478072       0.99338241710403852     
           4
  0.89089706008206204       0.47877442401825554     
  0.87801739926536659       0.47937759527931478     
  0.87793866944641619       0.47490353973043153     
  0.88852271891855894       0.47395773036503780     
           8
  0.90686156228325132       0.91398727465022578     
  0.90585021360837803       0.91727797468000238     
  0.89925828328980895       0.91851886459213938     
  0.89317225088964403       0.92187212980869659     
  0.89152099311334232       0.91614327786460603     
  0.89303146569913938       0.90803891305747830     
  0.89538843321281270       0.90598921706011204     
  0.90683147247990359       0.90724990010132878     
           6
  0.92101545532256590        1.0083648239785583     
  0.91247559225011765        1.0074800169613070     
  0.90572452976610818        1.0073041932951574     
  0.90674502228638887       0.99730704756773103     
  0.91134879727613294       0.99510943333167690     
  0.92187864308720158       0.99202267322591164     
           4
  0.65797151151026712       0.50343723288987208     
  0.65217391304347827       0.50724637681159424     
  0.64414794053615576       0.50024009493710830     
  0.64894275889640640       0.50116729962752504     
