   264.00000000000000     
   3000.0000000000000     
          21
           8
   1100.0000000000000     
   700.00000000000000     
   800.00000000000000     
   1400.0000000000000     
   2100.0000000000000     
   400.00000000000000     
   800.00000000000000     
   100.00000000000000     
   500.00000000000000     
   600.00000000000000     
   1200.0000000000000     
   1300.0000000000000     
   1300.0000000000000     
   300.00000000000000     
   900.00000000000000     
   2100.0000000000000     
   1000.0000000000000     
   900.00000000000000     
   2500.0000000000000     
   1800.0000000000000     
   700.00000000000000     
           1
  0.54924242424242420       0.81439393939393945     
           8
  0.57296581990607975        1.0030037524881719     
  0.57146920674375068        1.0032346998792734     
  0.56889913612535348        1.0023207219079224     
  0.56942955356314096        1.0009489371423679     
  0.56938103378171712       0.99898953112161892     
  0.57329661190451819       0.99819895730924535     
  0.57430529545094600       0.99754156400033989     
  0.57516152144136823       0.99872161719280317     
           5
  0.60400630066413963       0.98803849375998420     
  0.60238086354640408       0.99032268346111418     
  0.59991838267332609       0.98841762080839424     
  0.60062683360880909       0.98552860964643108     
  0.60404492429959245       0.98637588651990338     
           7
  0.49444528421845757       0.96399422979305560     
  0.49255021988739134       0.96429178118862002     
  0.49021255426144289       0.96454822152620912     
  0.49039748787710113       0.96185546903681196     
  0.49141457639549330       0.95928222890843162     
  0.49532904811460393       0.95942062971799824     
  0.49527535422206692       0.96161334498068474     
           4
  0.48783759191402998       0.95644028005072945     
  0.48196107481096789       0.95675025834588356     
  0.48173974006506332       0.95290255970070004     
  0.48704509174682487       0.95246355797799231     
           7
  0.61960510663343504       0.93576890734076501     
  0.62057709817243412       0.93669849105887648     
  0.61835027477274596       0.93856349002482997     
  0.61549467504691324       0.93523185933001163     
  0.61464040028927547       0.93430567312988155     
  0.61504846530028501       0.93311640412420760     
  0.61637002855546574       0.93248308559119453     
           4
  0.55409530212619074       0.93398166113877268     
  0.55027402819153237       0.93176620722415493     
  0.55075021078601871       0.93000347870989986     
  0.55576292362994617       0.93130749463184159     
           4
  0.61278182510221335       0.91845515551598356     
  0.61154588015357481       0.91978514536927947     
  0.60806444739464938       0.91516810795521630     
  0.60992109345989987       0.91347671080802473     
           8
  0.53963768941729706       0.90736879729231690     
  0.53783784367627330       0.90701247272268226     
  0.53716336275045218       0.90812259376852011     
  0.53524737864916638       0.90825899316511682     
  0.53650850309239073       0.90709423742251261     
  0.53622401371306527       0.90262699359605103     
  0.53921229432858286       0.90364787156700932     
  0.54080233879293971       0.90526460096182304     
           3
  0.61742424242424243       0.89393939393939392     
  0.61749482599636030       0.89576320551167643     
  0.61707206590379660       0.89077195670720732     
           5
  0.56359013589729490       0.88071897973049051     
  0.56203740952894676       0.88152984358781916     
  0.56058257204687612       0.88100979692273262     
  0.55968316575225041       0.87649752458958674     
  0.56302658099300684       0.87833790607418316     
           5
  0.48766253014825950       0.87629314650052237     
  0.48515295202534364       0.87681286474268927     
  0.48273975687703469       0.87672421694457991     
  0.48170610891560595       0.87432311824245879     
  0.48557790688430252       0.87313484897045668     
           7
  0.59332430440957162       0.82344029018886422     
  0.59153379625310976       0.82382633776006786     
  0.59029935403404299       0.82438030159378983     
  0.58780830309749588       0.82389761795291871     
  0.58912482549271561       0.82314787233416631     
  0.58824106782439156       0.82131804293523969     
  0.59026154426434574       0.82019724913853898     
           7
  0.49181086965559845       0.81112096943427525     
  0.48918793816665557       0.81338410636860148     
  0.48778774601562314       0.81364597036356634     
  0.48693539998575353       0.81259540934911034     
  0.48706250684721808       0.80771537108825053     
  0.48911873384485999       0.80870895591750713     
  0.49013863276578978       0.80781344785777376     
           4
  0.55002363611188876       0.79022814319213242     
  0.55131602259551837       0.78732836142218665     
  0.55399942715701667       0.78617247958383485     
  0.55618537168588467       0.78711494993604281     
           3
  0.62291102725355008       0.79035581029697266     
  0.62121212121212122       0.78787878787878785     
  0.62396842231650240       0.78837221436289873     
           8
  0.53623084060331971       0.78236869341648407     
  0.53690505622391194       0.78330768787106708     
  0.53104657082410278       0.78079578003954553     
  0.53160294475231162       0.77963199742523515     
  0.53097478318344404       0.77825949283555684     
  0.53457947185190169       0.77835454769296963     
  0.53601759086781253       0.77773565437830372     
  0.53701901065509872       0.77865017035167405     
           6
  0.55681818181818177       0.73106060606060608     
  0.55628237041789130       0.73288947268804161     
  0.55478220136299961       0.73192943812534772     
  0.55366065159353073       0.72950146132420912     
  0.55388514449387083       0.72785535722219652     
  0.55511781139567618       0.73000413858993951     
           8
  0.62306970110354087       0.73204782725997730     
  0.62156118976100394       0.73405717486942978     
  0.62075338454933027       0.73317258973111943     
  0.61913672045421797       0.73321865955393284     
  0.61835445634176556       0.73206869715306833     
  0.62076160284421600       0.72811926125172099     
  0.62361355795753615       0.72876879379425896     
  0.62417012226618063       0.73080473516248701     
           8
  0.49130599029555355       0.71747962524714159     
  0.48825624455630484       0.71820238951837190     
  0.48631663742504977       0.71830065368018825     
  0.48664799931316971       0.71656589389452197     
  0.48570218055943548       0.71297147928113980     
  0.48795622159719321       0.71298628954255450     
  0.48948381808442443       0.71284404514534183     
  0.49075754446389597       0.71522081645534008     
           3
  0.58565919477359463       0.70321944090796829     
  0.58712121212121215       0.70075757575757580     
  0.58986501972315675       0.69953192224567795     
           4
  0.52899533380610531       0.68943411295841173     
  0.52551473142954441       0.69226521146163122     
  0.52486980225987845       0.68892796101940679     
  0.52641971491933659       0.68638379522929627     
