   69.000000000000000     
   160.00000000000000     
          21
           8
   7.0000000000000000     
   30.000000000000000     
   16.000000000000000     
   23.000000000000000     
   11.000000000000000     
   19.000000000000000     
   15.000000000000000     
   28.000000000000000     
   8.0000000000000000     
   8.0000000000000000     
   7.0000000000000000     
   14.000000000000000     
   6.0000000000000000     
   19.000000000000000     
   11.000000000000000     
   12.000000000000000     
   26.000000000000000     
   17.000000000000000     
   6.0000000000000000     
   15.000000000000000     
   10.000000000000000     
           1
  0.43478260869565216       0.57971014492753625     
           8
  0.54084032435654661       0.75855229184306661     
  0.53559494688383136       0.75891125839925644     
  0.53198686180195520       0.76195303464506026     
  0.52874188521482746       0.75523039075631226     
  0.52758700722656837       0.75202975259236449     
  0.53999443720708928       0.74489177098121373     
  0.54450198094853264       0.74702690508129310     
  0.54145498172519357       0.75304400157523110     
           4
  0.70753280698648180       0.71864648360163486     
  0.70276644964316493       0.71490242413941463     
  0.70161439877057730       0.70575476724606634     
  0.71732758632523597       0.71110079362991396     
           8
  0.75953117256161906       0.92561783379584950     
  0.75603371657888774       0.93464134962355572     
  0.75051146739008134       0.93284199213807917     
  0.74890467499493363       0.92596987577749679     
  0.74526658784921307       0.92374891530686354     
  0.75352424107045557       0.92186128110965038     
  0.75594163796584668       0.91966351906991761     
  0.76200982962967045       0.91941432514652832     
           5
  0.45755163318921499       0.90661660032829594     
  0.44835961866177698       0.90480441231177611     
  0.44091704580063373       0.90156480894560620     
  0.44250159250153442       0.89096922089478148     
  0.45447386134953160       0.89442028423962250     
           6
  0.75886025588985428       0.48080220305614130     
  0.76049878833455320       0.48650581403053900     
  0.74670171409295905       0.48311966099762393     
  0.74497722315809656       0.47619520497362550     
  0.75198890862954326       0.47274872929364625     
  0.75719513791093329       0.47379511690887749     
           4
  0.61757412479752738       0.60126836310506981     
  0.60741195285643446       0.60003782876129463     
  0.60357940048298075       0.59064324677376057     
  0.61505659001780377       0.59560239351448807     
           3
  0.75876618150808040       0.60168586821643311     
  0.75362318840579712       0.59420289855072461     
  0.75373307897983632       0.58777225458740279     
           3
  0.83388082527123841       0.84936983292257251     
  0.82113948641637324       0.84022752054584637     
  0.82092800607330785       0.83221339867670896     
           3
  0.90620651385624473       0.61348501069767203     
  0.89076798825683512       0.60879942576188850     
  0.89623659953963963       0.60014569406659435     
           5
  0.61668884734948959       0.83464894168671255     
  0.60715001342791242       0.83123954470590322     
  0.59989970483001631       0.83382352062077403     
  0.61212965731325408       0.81989216012746002     
  0.61705610755007145       0.82337910573425988     
           3
  0.38474347146156573       0.99186921561835584     
  0.39130434782608697       0.98550724637681164     
  0.39798101642623041       0.98279994760217282     
           3
  0.63169856823395432       0.97170267553929357     
  0.62318840579710144       0.97101449275362317     
  0.62865190219335043       0.96549879032294472     
           5
  0.84349280617664035       0.70236370402440262     
  0.83880193252300728       0.70199835734662364     
  0.83570396035764050       0.68889006235465355     
  0.84244558207773035       0.69078202228447816     
  0.84764839461373831       0.68786552208321261     
           3
  0.84681236850315988       0.39302538405384124     
  0.84290326352508027       0.39792840372723887     
  0.83249437547794591       0.38456214919318954     
           7
  0.54401614358503214        1.0076749767185229     
  0.53734661423569230        1.0056261840737388     
  0.53120750302094299        1.0079230095643932     
  0.53156070074420647       0.99197530854087657     
  0.53423601272688459       0.99410592114792795     
  0.54135604209543242       0.99387536218055672     
  0.54270610465419455       0.99851883185599777     
           4
  0.55072463768115942       0.66666666666666663     
  0.54590894272508572       0.67128220267870231     
  0.54282738368065142       0.66671747209987775     
  0.55145576546421171       0.65839040582817665     
           6
  0.89021107377509556       0.47944977192081639     
  0.88025720965504584       0.48637513363755985     
  0.87610110274743913       0.47433859779831361     
  0.88032853813695067       0.47337962110101761     
  0.88852138781411438       0.46940664190558767     
  0.89180430022233392       0.47216840904891194     
           7
  0.90279355523913041       0.92134086134861393     
  0.89533727058483337       0.91931734166404444     
  0.89379316393633623       0.91457831680666002     
  0.89239426024075674       0.90881792187629107     
  0.89779437755954461       0.90733709304389909     
  0.89995621068343723       0.90468795293434756     
  0.90349787150091332       0.90796295312809383     
           8
  0.92166746876604710        1.0069726455536669     
  0.91189446965322607        1.0063421300477728     
  0.90445538684596505        1.0082975104606411     
  0.90530863929230310        1.0031803044775665     
  0.90697729572996044       0.99837513084769824     
  0.90772144421593726       0.99508840887870553     
  0.91911445478834042       0.99309366547745315     
  0.92165309638314363       0.99708619731290526     
           3
  0.66020519276495304       0.51434710305327069     
  0.64335193020316905       0.50510316726192639     
  0.64705536213442150       0.50068533389719772     
           4
  0.81538841841543741       0.54284714746175611     
  0.80869239654919256       0.54105822169121109     
  0.80916677465058839       0.53021976679489902     
  0.81777877075618777       0.53163115407165928     
