   69.000000000000000     
   150.00000000000000     
          44
           8
   7.0000000000000000     
   30.000000000000000     
   16.000000000000000     
   9.0000000000000000     
   21.000000000000000     
   15.000000000000000     
   19.000000000000000     
   23.000000000000000     
   11.000000000000000     
   5.0000000000000000     
   19.000000000000000     
   29.000000000000000     
   23.000000000000000     
   21.000000000000000     
   10.000000000000000     
   15.000000000000000     
   3.0000000000000000     
   41.000000000000000     
   9.0000000000000000     
   28.000000000000000     
   8.0000000000000000     
   8.0000000000000000     
   16.000000000000000     
   10.000000000000000     
   28.000000000000000     
   7.0000000000000000     
   15.000000000000000     
   14.000000000000000     
   6.0000000000000000     
   19.000000000000000     
   11.000000000000000     
   12.000000000000000     
   23.000000000000000     
   26.000000000000000     
   17.000000000000000     
   6.0000000000000000     
   9.0000000000000000     
   15.000000000000000     
   14.000000000000000     
   7.0000000000000000     
   27.000000000000000     
   13.000000000000000     
   11.000000000000000     
   16.000000000000000     
           1
  0.43478260869565216       0.57971014492753625     
           8
  0.54361818423493125       0.75563230713076524     
  0.54830494094152959       0.76480377185867987     
  0.54078666612576132       0.76097966870978895     
  0.53522366733880156       0.76308789829752544     
  0.52501487600294083       0.75192089978668675     
  0.53288178587143742       0.74210502613778928     
  0.53589187264832072       0.74597953987330079     
  0.54633074700217499       0.74565699576295519     
           4
  0.71851210328597614       0.71412678737615276     
  0.70152398572196806       0.70746115453276204     
  0.70532619045011913       0.69906199433409233     
  0.71941474531352334       0.70329445386417955     
           5
  0.74856193728602760       0.94064303682568040     
  0.74558743212903988       0.92531105029889715     
  0.74118773550489803       0.92034339333927329     
  0.74828177266903451       0.91381364474198712     
  0.76181021303956842       0.92340354298368310     
           6
  0.29921114057295040       0.37898665609252874     
  0.29588020245874525       0.38475293797142457     
  0.28975694936369151       0.38986873180520637     
  0.27745476110925221       0.37846850181504577     
  0.28729796186164946       0.36763568230390997     
  0.30168930630399216       0.36340225225905076     
           7
  0.59231029742565211       0.43972815506633156     
  0.59226119386239473       0.44555060155139753     
  0.57128930318353810       0.44305304557223801     
  0.56728983990572091       0.43284836366613472     
  0.56709988143165635       0.42612275431020702     
  0.59007779715670228       0.42868180952101698     
  0.58890459409453166       0.43557448747804517     
           3
  0.31718376424006939       0.68734904074119652     
  0.30231774508772330       0.69234254761094249     
  0.29079788524200034       0.67035700885404137     
           3
  0.23366538311482851       0.92172288352954201     
  0.23432864643737550       0.90466515347756316     
  0.24637681159420291       0.91304347826086951     
           3
  0.45839920330138856       0.90388282969563627     
  0.43945846804258942       0.90825994947656175     
  0.45311854662646223       0.88630700709489241     
           6
  0.76140036464236194       0.48398625227176961     
  0.75528376221357563       0.49006565617526265     
  0.74490892985013668       0.48630408879736642     
  0.74276061347812794       0.47725624108417808     
  0.76274109198870632       0.46691370230919133     
  0.76183174890568117       0.47593553428969926     
           3
  0.73921173641210491       0.31331113620401374     
  0.73781454564615356       0.29561963039941608     
  0.74763902423963835       0.30256589970715392     
           4
  0.61645110837734785       0.59502563257148799     
  0.61232265004926423       0.60538036410347706     
  0.60230122005324960       0.58499247460927173     
  0.62237803102078326       0.58690454052258245     
           7
  0.45645427286381113       0.47082503325361791     
  0.46095948782316937       0.47621314400411435     
  0.44868769800168684       0.47705575622730956     
  0.44111511009297577       0.47460813755546494     
  0.43828271888043407       0.46528125076492566     
  0.43543862378685616       0.45317197670005377     
  0.45907594566035553       0.45695638028498581     
           6
   8.3928624390031209E-002  0.37407600074247283     
   7.0104101855965217E-002  0.37486938492583810     
   6.1359605820712398E-002  0.37337489285231940     
   5.9252559424789623E-002  0.36536317142344787     
   7.4751138177256510E-002  0.35364162664681298     
   8.0419534525293018E-002  0.34992399988606249     
           8
  0.18612717094257589       0.60834552183417601     
  0.16656526736065996       0.61697913082570754     
  0.16157891969345373       0.61462566501300231     
  0.16232181312671815       0.60614155114673252     
  0.16459917697647705       0.59551113414189216     
  0.17555577514514720       0.59766292152551903     
  0.18229073079659994       0.59542070408561809     
  0.18667064737221800       0.60038749916527334     
           8
  0.53476832812287156       0.24487314957573772     
  0.52753838685881727       0.23895251753373209     
  0.52506122528695631       0.24371029024713151     
  0.51046957698572548       0.23356443503525079     
  0.51257584594811401       0.22850983105420303     
  0.51944896522857253       0.22128683069104463     
  0.53393483466972613       0.22663359077305567     
  0.53433572828757525       0.23249374933796763     
           5
  0.76701099919073901       0.59503179412958118     
  0.75314395867684458       0.60151738760081397     
  0.74123589445751414       0.59301507694700895     
  0.73995468009715182       0.58529160685519732     
  0.74685102802964720       0.58062307867127438     
           8
  0.39938483598135871       0.33937179095198994     
  0.40428225107809757       0.34302640639195858     
  0.39133459558734873       0.34304384865718274     
  0.38018541284885493       0.34543672943672099     
  0.38158438845843801       0.33771903321827235     
  0.38243939873661209       0.32974238767242470     
  0.38602904398491400       0.32261199649893951     
  0.39323241335150422       0.32519529940810205     
           5
  0.25090212146941748       0.48894182974046102     
  0.24154288088396267       0.48885404037037039     
  0.23696599088472348       0.47007551662364999     
  0.24553904473922719       0.47130886190481169     
  0.25496127130895346       0.47726777900075101     
           8
  0.19786565801854736       0.18970390991371472     
  0.19426277143776646       0.19591550188700366     
  0.18954057121073450       0.20052254760987875     
  0.17718620521257844       0.19868408206612873     
  0.17630024517433771       0.18515173066206606     
  0.17675974352103391       0.17865432597794040     
  0.18408820983062618       0.17827333007374296     
  0.19710046822394456       0.18359902689812274     
           3
  0.82381949429947798       0.85140558596148586     
  0.81253326869844900       0.84991243726483656     
  0.83590527834892181       0.82715982391690934     
           4
  0.90551326911142660       0.60845102619819025     
  0.89064890853297518       0.61361665004613175     
  0.90124175069310064       0.59689878559558296     
  0.91071157725125884       0.59946820858642136     
           3
  0.61301312528707208       0.83430080026455722     
  0.60869565217391308       0.82608695652173914     
  0.61021138396332231       0.81373943943699267     
           5
  0.22041071165530438       0.83785889824202320     
  0.22303604669993832       0.83013457997053519     
  0.22221115968783386       0.81802580338623854     
  0.22947679901136772       0.81444596272242853     
  0.24075988107904528       0.81851281532553521     
           5
  0.12603960734025416       0.75177043523029208     
  0.12207788759361297       0.76644352342246824     
  0.10382778615801988       0.74281883170908758     
  0.11015584385147945       0.74461564879005204     
  0.12378750173375802       0.74365959520555547     
           8
  0.11260551890433576       0.55618855611494711     
  0.11370368777492645       0.56255880597412822     
  0.10763616065738235       0.56234093177421396     
   9.7904377596373257E-002  0.56193054636941209     
   8.8442622122920089E-002  0.55649417165652637     
   8.8926310580299636E-002  0.54100694015178141     
  0.11052927242959575       0.53946395504234246     
  0.11358729731606007       0.54563177682650943     
           7
  0.40032461320582369       0.99536686670300523     
  0.39165295357468122       0.99907830175727930     
  0.37769979281717014       0.99872475329210553     
  0.38330015681631241       0.98743235200697588     
  0.37939997268062886       0.98360014363875337     
  0.38882642332653189       0.97744250562240298     
  0.39881561568340462       0.98237954902094027     
           6
  0.44308900504671050       0.70314545549258989     
  0.43501413819673873       0.70847368492306961     
  0.42159381626274617       0.68759707450066121     
  0.42958003592630484       0.68836644449696438     
  0.43729573052173243       0.68580064777482275     
  0.44782704553360436       0.68773031255208439     
           5
  0.61852245731168942       0.97912440013216739     
  0.60937077585741450       0.97683758506741347     
  0.61459052397421410       0.96805051221331806     
  0.61496425333111471       0.96061748856273932     
  0.63463442944560899       0.97099059395402587     
           6
  0.85177747002318238       0.70629279370670273     
  0.83547228554418240       0.70842024930675573     
  0.83526096590208221       0.70282343690842719     
  0.82771316285412466       0.70138195584536578     
  0.83168513463783544       0.69279364785066022     
  0.85116157957640681       0.68844041269744172     
           6
  0.85211861331232153       0.40090859253708977     
  0.83062521360334107       0.38772566032753064     
  0.83217407342906657       0.37809034788744128     
  0.83906243790970569       0.37776161671478625     
  0.84675200366118863       0.37930489136222867     
  0.85144669637173842       0.38333910214177058     
           5
  0.54573493237285065        1.0068568110620011     
  0.52962255144904280        1.0081200855862609     
  0.52853538361643426       0.99271953979115057     
  0.53195201308544549       0.98658406560967671     
  0.54452895284497749       0.98924258491656603     
           6
  0.56352419417923028       0.67086756920468738     
  0.54972146196001970       0.67774482703124950     
  0.53719910799632919       0.67829314086380610     
  0.54239225340935771       0.66565097727659395     
  0.54591071315166828       0.65335776918962418     
  0.56384785232200452       0.65299368388384749     
           3
  0.67113572355463536       0.15208471180498773     
  0.66666666666666663       0.14492753623188406     
  0.67804689089461212       0.14715415491431946     
           6
  0.87625536553755867       0.48840282009631653     
  0.87654664131089066       0.48034914099344911     
  0.87076555634359987       0.47394948802367454     
  0.87756943755914119       0.46659077840919949     
  0.88923805605556339       0.46774132254250411     
  0.89511459258455772       0.47159037370431084     
           5
  0.90805692841884089       0.91752714215018749     
  0.89922704395746667       0.92149316478193721     
  0.88947233406366544       0.92360098324480133     
  0.89104592109797287       0.91400284836675205     
  0.89050654710603683       0.90779993814741022     
           5
  0.92422114717652903        1.0054142251129397     
  0.91317607628731456        1.0122922850129212     
  0.89947673951594209        1.0116141629364792     
  0.90334423607011671       0.99243334384624382     
  0.91137791897719378       0.98751494797743744     
           4
  0.47412843153567974       0.32795061978970780     
  0.46376811594202899       0.31884057971014490     
  0.45884741043155297       0.31159347548162092     
  0.47537723648722829       0.31733631090995412     
           4
  0.65430763003113035       0.52025419417445928     
  0.64930458595189944       0.51431947618082630     
  0.64246000840518391       0.50257977507250995     
  0.66596982674130900       0.49658438032917945     
           6
  0.86223960500089925       0.22056613302972741     
  0.85613806524363500       0.23047204696029380     
  0.84506759421895938       0.22600304723999803     
  0.84166765010627542       0.20783042602707399     
  0.84786399631176335       0.21223502250527429     
  0.85741074025826713       0.20548887125104839     
           4
   8.4809756262089434E-002   8.6506113219562877E-002
   8.2492840971493828E-002   9.7280291403236574E-002
   6.5512702808596335E-002   8.6206780668140026E-002
   7.0282223858029333E-002   7.3518297360297760E-002
           8
  0.15255781214242181       0.24876298274517400     
  0.14999992443646187       0.25422980877001655     
  0.13903875876837532       0.25842266210969989     
  0.13263497167735619       0.25820444594429831     
  0.13141470158360363       0.24974048931030510     
  0.13464941436630271       0.23352006016717874     
  0.14282531976232593       0.23643107144864567     
  0.15853600972933524       0.24361029710751983     
           3
  0.30434782608695654       0.14492753623188406     
  0.29190113441833332       0.14276946985006317     
  0.29242139599943456       0.13248897035883164     
           7
   7.9265614160075812E-002  0.94137947765349395     
   7.0804691728005534E-002  0.94089860513509493     
   6.2694718988531711E-002  0.93797637361096953     
   6.2113657264799199E-002  0.92371611688048538     
   6.1317048429967873E-002  0.91591857970614332     
   8.1612933895244183E-002  0.91524564444167045     
   8.4583820781822472E-002  0.92517242914205178     
           5
  0.44450618118496321       0.21832429586969043     
  0.44680931712924826       0.22529245449044083     
  0.42701261313943656       0.22153750296046093     
  0.42222976720122229       0.20419932182379583     
  0.43537061796973842       0.20990137980284018     
