   69.000000000000000     
   140.00000000000000     
          39
           8
   7.0000000000000000     
   30.000000000000000     
   16.000000000000000     
   9.0000000000000000     
   21.000000000000000     
   15.000000000000000     
   19.000000000000000     
   23.000000000000000     
   11.000000000000000     
   5.0000000000000000     
   19.000000000000000     
   29.000000000000000     
   23.000000000000000     
   21.000000000000000     
   10.000000000000000     
   15.000000000000000     
   3.0000000000000000     
   41.000000000000000     
   9.0000000000000000     
   28.000000000000000     
   8.0000000000000000     
   8.0000000000000000     
   16.000000000000000     
   10.000000000000000     
   28.000000000000000     
   7.0000000000000000     
   15.000000000000000     
   14.000000000000000     
   6.0000000000000000     
   19.000000000000000     
   11.000000000000000     
   12.000000000000000     
   23.000000000000000     
   26.000000000000000     
   17.000000000000000     
   6.0000000000000000     
   9.0000000000000000     
   15.000000000000000     
   14.000000000000000     
           1
  0.43478260869565216       0.57971014492753625     
           8
  0.54821197730778959       0.76268672053044662     
  0.53921548656696217       0.76501190391717733     
  0.52557495664926701       0.75782001804984933     
  0.52572279310958780       0.74921129123664298     
  0.52336634126000425       0.74215690993534378     
  0.53015069329300812       0.74538111033311671     
  0.53619632909739956       0.74586296226683002     
  0.54460268530233458       0.74471182453601836     
           7
  0.70952038782297466       0.72288315340600673     
  0.70525313172525994       0.71888528214169545     
  0.69994881740424675       0.71131302422219611     
  0.69975683399531541       0.70180414827989734     
  0.70611676588999206       0.70316216663951958     
  0.71769264482627748       0.70143353870474068     
  0.72346742289775001       0.70724753392274164     
           6
  0.75706147770809651       0.94009972235390515     
  0.75376084454814740       0.93549436237898043     
  0.74184816519847685       0.93345156464417922     
  0.74603521501941295       0.92990432457786110     
  0.75118368068925623       0.91866296030856742     
  0.75966669386028496       0.91902294052817324     
           6
  0.30186377809845699       0.38419003714814770     
  0.29862588975126947       0.38856095491778547     
  0.28158442355366642       0.37997621786134095     
  0.27797114950985852       0.37550411021834684     
  0.28736778273389707       0.36915509407947011     
  0.29701024765731859       0.36581555941126015     
           3
  0.58287883689021891       0.44705203703246682     
  0.57131788811964135       0.43161560352303063     
  0.58265399539156060       0.42148996004386230     
           4
  0.31480069599462412       0.67900155767442305     
  0.29716061554911971       0.68993016043742617     
  0.29925714703175071       0.67166390962314360     
  0.31153503160472606       0.67230433165333003     
           7
  0.25481589612104211       0.92576454567087507     
  0.24251247685790070       0.92491675641484616     
  0.23470746840591666       0.92568693804471558     
  0.23689680934929708       0.91231042636082127     
  0.23436958966893998       0.90379212777025286     
  0.25183325083186126       0.90365419975232364     
  0.25644461643561778       0.90021923872083109     
           8
  0.46183622933194451       0.90997151979839197     
  0.45699797621741051       0.90707634945477622     
  0.45022662063345947       0.90780638309049189     
  0.44514133526305616       0.90853361405863753     
  0.44194912732489500       0.90317573249169592     
  0.43777222184797232       0.88955151284409550     
  0.44813737628376088       0.88768966320115184     
  0.46064862807171536       0.89632606252551972     
           8
  0.76493753457010827       0.47773120150436404     
  0.76258027919935156       0.48398167549593085     
  0.75482344801076895       0.49017805362268846     
  0.74463316240613886       0.48200042707350965     
  0.74305017970323717       0.47196870393750062     
  0.75094771508582636       0.47133977730495902     
  0.75242446796510953       0.46540280776747162     
  0.76520813344294425       0.46804839680436305     
           6
  0.75019573863345457       0.30046715697355114     
  0.74766625773817574       0.30756389049350980     
  0.73144965609271684       0.30189605041243711     
  0.73049543657908655       0.29649080336781386     
  0.73578788181261334       0.29224675745040168     
  0.74400146099990616       0.29505819782415182     
           4
  0.61626940874090252       0.59417946691856516     
  0.61441153323380715       0.60209135110219647     
  0.60869565217391308       0.59420289855072461     
  0.60528949449129321       0.58548285082136609     
           7
  0.45987679525533498       0.46521296339465901     
  0.44788960390153398       0.47089978777610214     
  0.44161588554789921       0.47081242862157968     
  0.43739710267673959       0.45040537092602440     
  0.44593772800252834       0.45390595280754747     
  0.45749784842084018       0.45542026978670097     
  0.46181617836823402       0.45990799181747061     
           4
   8.0530976919101660E-002  0.37156972649402525     
   6.5956126880699809E-002  0.37170606265040684     
   7.2463768115942032E-002  0.36231884057971014     
   8.3026209121046537E-002  0.35185755275545527     
           4
  0.17085083028540227       0.61657897917089854     
  0.16141077380989099       0.61697357035062828     
  0.16648086121580938       0.60210087113170851     
  0.18568446497725416       0.59586570264360683     
           4
  0.53132636287407964       0.23858942225403820     
  0.52013029546144507       0.24311704355605671     
  0.51108837564369614       0.23258552931404261     
  0.51512831871883824       0.22310169246376296     
           7
  0.76527145139327768       0.60259942670462718     
  0.75177037320375983       0.60673443478760936     
  0.74375721653875837       0.59441023469642007     
  0.74814982276343966       0.58720647356192202     
  0.75306916653614997       0.58570091773879540     
  0.75932050482202162       0.58498137709361075     
  0.76484426234468283       0.58100580544881686     
           4
  0.40101749969727024       0.33840537300049234     
  0.38571402251915843       0.34450886397726510     
  0.38243367952037294       0.33239497923301270     
  0.38445275766918907       0.32604269382923756     
           5
  0.25938272750352653       0.48973011721621135     
  0.24818793469122477       0.48887031066016129     
  0.23432977873595720       0.47014805967628320     
  0.24874177218711699       0.46746389801514476     
  0.25712928813449021       0.47138017924041736     
           6
  0.19219163620835836       0.19773828200598126     
  0.17744301036878857       0.19947501375322246     
  0.17623925422941977       0.18241085927769324     
  0.18314776694385038       0.18125205173547676     
  0.19662333212827388       0.17727413742877873     
  0.19916150544152234       0.18222269447632883     
           3
  0.82608695652173914       0.84057971014492749     
  0.81921693863549672       0.84528985134376111     
  0.83634619017356460       0.82794320920782694     
           6
  0.89278468675429823       0.61572983182014407     
  0.88537531935412228       0.61724953005536198     
  0.88853342595007379       0.61246850174802137     
  0.89328148403451824       0.60079539776100754     
  0.90404521695672579       0.59543325693135796     
  0.90710019193531921       0.59994545291895318     
           8
  0.61644208737980677       0.83283275878213392     
  0.61111748761666107       0.83284833838890182     
  0.61129802577701697       0.83766437107125891     
  0.60590488901480688       0.83859294034088028     
  0.59852670845572231       0.82807716380566276     
  0.59733477725967543       0.82208738219207700     
  0.61153937005227976       0.81887298665520969     
  0.61837642707183338       0.82319191955246762     
           4
  0.23188405797101450       0.82608695652173914     
  0.22452410472531051       0.82701165571693247     
  0.23046039645761399       0.81280291224927392     
  0.23875231126277219       0.81852893525067871     
           6
  0.12447477238622290       0.75870044572345563     
  0.10961619310781742       0.76231459079055719     
  0.10279196055484727       0.75905938256277217     
  0.10279598757380687       0.74631258326756256     
  0.11895137224902572       0.74187295921298013     
  0.12627833562722229       0.74948991735628467     
           5
  0.11119894871461988       0.55299159055080194     
  0.10563390906979687       0.56018906191586093     
   9.7915119976496323E-002  0.56232767985330046     
   9.1799828512968029E-002  0.54395749774562319     
  0.10576991985022748       0.54049358273632120     
           4
  0.40224394894595433       0.98690199403523682     
  0.38941630721610493       0.99581733557942975     
  0.37800235103571006       0.98439888549561005     
  0.39577980592432804       0.97669388226537879     
           8
  0.44537157641117447       0.70207113768479812     
  0.44159729862407071       0.69938231709147014     
  0.44474337422482330       0.70687343767433397     
  0.43953834204015124       0.70573863495732014     
  0.42477586075052864       0.68908390286490018     
  0.42479631301915205       0.68429991817191860     
  0.44637087133655662       0.68757939620225195     
  0.44393072002851536       0.69469890603878193     
           6
  0.63092964382659911       0.97084025827565024     
  0.61995093078265506       0.98233230579538411     
  0.61168113225391429       0.97297964144519244     
  0.61137278897177083       0.96491377885732554     
  0.61707983221705742       0.95831324765761683     
  0.63338859249645840       0.95793238071889852     
           8
  0.85169606633515971       0.69189983207348604     
  0.84910943909594405       0.70368484643662021     
  0.83123347275868720       0.69109570702665657     
  0.83238169375370707       0.68630830252169472     
  0.82836017815822527       0.68378716222687896     
  0.83564833870335253       0.68267616056780112     
  0.84768377255054950       0.68351185319914209     
  0.84386367290832631       0.68817454745529272     
           4
  0.85040484676066685       0.40182949376603488     
  0.84057971014492749       0.39130434782608697     
  0.83390182044699346       0.38114703630750829     
  0.84673151782677170       0.37997136746716020     
           4
  0.54309560524462308       0.99669979516632756     
  0.53286344875002900        1.0086582835373503     
  0.52700328726253820       0.98871590473418236     
  0.53580534953704406       0.98940703714877387     
           5
  0.54990221362271940       0.67795752361610984     
  0.54309741937088063       0.67968621470850432     
  0.54068160190938230       0.66683051299508456     
  0.55755627008003950       0.66024291874468644     
  0.56344411663780658       0.66291483198563417     
           5
  0.67193280790112264       0.15435599586859899     
  0.65903146727618878       0.15785724761534881     
  0.65505101321937187       0.14840686076861898     
  0.65993476607145296       0.13853668622425902     
  0.67070496264316892       0.13457056008240176     
           3
  0.89681783959716777       0.48309658829089291     
  0.87116731535531311       0.47367690308645410     
  0.87942335340138245       0.46623422037486417     
           7
  0.90604771148119700       0.90961381539607777     
  0.89786388516124516       0.92428537472506267     
  0.89036312741786117       0.91795680669756752     
  0.88679255093091458       0.90724237468003333     
  0.88611262230780341       0.90058679283566057     
  0.90318397094635716       0.90202263760721302     
  0.90814977465461644       0.90388978471220716     
           5
  0.92279975338797227        1.0059844393637263     
  0.90203116559565988        1.0097855734443775     
  0.90376291851532853        1.0000925787081563     
  0.91853640819358506       0.98728821337485639     
  0.92636920334979456       0.99776536361621060     
           3
  0.47666845535138336       0.32532154525948276     
  0.46376811594202899       0.31884057971014490     
  0.46160615211398054       0.30977083897448693     
           7
  0.66200380558123040       0.51727539707185399     
  0.65246820819981477       0.52049212170028969     
  0.64904945238379430       0.51451231921468943     
  0.64202266214667414       0.51169384099270132     
  0.65544022535689739       0.49802362969224867     
  0.66410058476306122       0.50317222670845974     
  0.66280246226966621       0.50867089909733731     
           7
  0.86488431723493231       0.21914365153705093     
  0.86050936114812537       0.22808728778043624     
  0.84192035385710495       0.21532597389388300     
  0.84622508299486621       0.20570197362809761     
  0.85493289597977784       0.20411379916694689     
  0.86258802295805870       0.20439144008271523     
  0.86665925311001002       0.21136642581931372     
