   76.000000000000000     
   115.00000000000000     
          54
           8
   18.000000000000000     
   26.000000000000000     
   11.000000000000000     
   30.000000000000000     
   21.000000000000000     
   19.000000000000000     
   15.000000000000000     
   16.000000000000000     
   29.000000000000000     
   26.000000000000000     
   37.000000000000000     
   16.000000000000000     
   12.000000000000000     
   31.000000000000000     
   8.0000000000000000     
   19.000000000000000     
   20.000000000000000     
   13.000000000000000     
   15.000000000000000     
   22.000000000000000     
   28.000000000000000     
   12.000000000000000     
   6.0000000000000000     
   27.000000000000000     
   14.000000000000000     
   18.000000000000000     
   17.000000000000000     
   29.000000000000000     
   13.000000000000000     
   22.000000000000000     
   25.000000000000000     
   28.000000000000000     
   27.000000000000000     
   19.000000000000000     
   10.000000000000000     
   12.000000000000000     
   14.000000000000000     
   24.000000000000000     
   16.000000000000000     
   33.000000000000000     
   15.000000000000000     
   11.000000000000000     
   18.000000000000000     
   17.000000000000000     
   21.000000000000000     
   27.000000000000000     
   19.000000000000000     
   20.000000000000000     
   5.0000000000000000     
   22.000000000000000     
   12.000000000000000     
   19.000000000000000     
   22.000000000000000     
   16.000000000000000     
           1
  0.52631578947368418       0.52631578947368418     
           8
  0.30030615380525760       0.29427307349474524     
  0.29923315590095068       0.30109056239495541     
  0.29262288452454460       0.30046205020440464     
  0.28243261858880458       0.30142104113986468     
  0.28499359843890537       0.29751078923283319     
  0.27901085925520380       0.29171223106991007     
  0.28027535454243646       0.28277402653793648     
  0.28881243486659902       0.27782105956841019     
           4
  0.48394630374375303       0.34388893088835548     
  0.46261699032575915       0.34561833328869268     
  0.46214742925013025       0.33505319185858812     
  0.47200725753076178       0.33141107508032636     
           5
  0.28286395697456795       0.59630914795681078     
  0.27091663530007543       0.60184889023094923     
  0.26795245447584143       0.58460138988022714     
  0.28057913898122577       0.58094110020479806     
  0.28877577466213311       0.58840471706623687     
           8
  0.60171612319533907       0.46189573497368941     
  0.60222438486448182       0.46830475352907663     
  0.58297323973561799       0.46851277475475350     
  0.58068708065408792       0.45678893775139268     
  0.58355804085209606       0.45212628855053044     
  0.58819591135457028       0.45140529442351451     
  0.59312052276464300       0.45210482856683942     
  0.60195262161603424       0.45677494338214919     
           6
  0.73164874843644512       0.27115239819504844     
  0.73628384769399913       0.27622285053747203     
  0.71755110062481542       0.26991504662296550     
  0.71092294371160580       0.25670699652300821     
  0.71629017826036789       0.26035172463736594     
  0.73088470120865390       0.25991180272023590     
           3
  0.43473619705615102       0.45834903204769056     
  0.42567838229647886       0.45673423551528830     
  0.43421052631578949       0.44736842105263158     
           7
  0.66804979387176744       0.66740891128576019     
  0.66120272613093511       0.66689365040189130     
  0.64601726735890741       0.65916567330851861     
  0.64576137134550948       0.65247768341477130     
  0.65482828570372076       0.64992615306054335     
  0.66447012933547178       0.64835923169383969     
  0.66691022210145789       0.65504239102426876     
           7
  0.73496666384523923       0.59263980734438415     
  0.72618982556962919       0.60029839239667271     
  0.71780064422816214       0.60352096889636930     
  0.71197849677636771       0.59984801688061995     
  0.71067679777146053       0.58573257667313294     
  0.72226282527688745       0.58258187692818875     
  0.73619523559985312       0.58216402830575020     
           5
  0.35319182093671569       0.78360286138981039     
  0.34691502126436419       0.78428297583485129     
  0.33376160493173673       0.78531285883298207     
  0.33383244952776225       0.77153950779963054     
  0.35404459702928281       0.76744445164805819     
           3
  0.52781178215589353       0.87504534855986149     
  0.52631578947368418       0.86842105263157898     
  0.53488232621577625       0.86104839488985219     
           6
  0.73597070318757152       0.86826825858486223     
  0.72142907057977834       0.86738421579970604     
  0.71448657491007539       0.86022842965556467     
  0.71393624523460186       0.85374718660622040     
  0.72368421052631582       0.85526315789473684     
  0.73171863409162330       0.85955127142051191     
           4
  0.47135923326303397       0.68337952034277438     
  0.45827563087961476       0.67949785117180461     
  0.45320658102841671       0.66013838990177331     
  0.46912919600926467       0.67227556530619437     
           5
  0.82266344441057482       0.46807410744214445     
  0.81062556733821345       0.47031431323891543     
  0.80918075359340846       0.45978639243792574     
  0.81724067900780739       0.44755811334894041     
  0.82361016782139429       0.45985548021939865     
           8
  0.82686050773627828       0.75821859559997806     
  0.81892004352894110       0.76207262774652462     
  0.81102280421920236       0.75925887600032771     
  0.80843331960611897       0.75539941506197994     
  0.80485141902870350       0.75113635221302399     
  0.80819720550308605       0.74079555368221162     
  0.81680172118908723       0.74332187646782788     
  0.82641266610753372       0.74611787904171156     
           6
  0.81851625340997525       0.32298647189198471     
  0.81255750037921837       0.32756498743339951     
  0.80893807420589325       0.32102235227114334     
  0.80276223625877308       0.31661398771726718     
  0.80411379585929199       0.30466842093086177     
  0.82672752464391119       0.31459102928179028     
           3
  0.27631578947368424       0.47368421052631576     
  0.26445825260409722       0.46957214495837152     
  0.28834540918409340       0.46358193362487127     
           4
  0.44229985198799254       0.58953939525464394     
  0.42758384564138152       0.59055047547456563     
  0.42506548470576305       0.57760818525684099     
  0.43020593718174466       0.56638920490715150     
           8
  0.12697759665112271       0.74480891910931157     
  0.12123540138018954       0.74951439478301796     
  0.11569532125522296       0.74726473879538347     
  0.10989366284853805       0.74756072894399150     
  0.10955758650224520       0.72865976013267142     
  0.11548380900592778       0.72720215442568492     
  0.12191173511241980       0.72666766609990574     
  0.12741415010685345       0.72429259135960911     
           6
  0.82408593137197628       0.64098273007509687     
  0.80406503393423601       0.63880037771808196     
  0.80915132188353611       0.63367399471911035     
  0.80540688417332584       0.62077285292528961     
  0.81926622433277774       0.62290712248508717     
  0.82657320160615855       0.62887731978132977     
           5
  0.87560651572517134       0.19023454947637172     
  0.86074121301343043       0.19567409351523377     
  0.86111466393537384       0.18813255722317845     
  0.86042703766510042       0.17828887855109718     
  0.87012490585030045       0.17570694979151649     
           8
  0.58867512228457619       0.17326559149014881     
  0.58450955231597135       0.17822604185125318     
  0.57889335263997843       0.17964520796421443     
  0.56697335247632563       0.17306774431862795     
  0.57095982213534968       0.16911458191803494     
  0.57188800440147525       0.16348149489477090     
  0.59119045608457699       0.16151469330483167     
  0.59028091476137079       0.16623954890384574     
           8
  0.35488174112286186       0.17131855616718758     
  0.33297317023654838       0.17787101968059596     
  0.33277184096655288       0.17185048886586188     
  0.33123699105508636       0.16674975048710761     
  0.33099660947751330       0.15897408427826512     
  0.34011692308010671       0.16365173688951237     
  0.35515048008881150       0.15820313029389599     
  0.34864334681929204       0.16288070566363336     
           6
  0.14876166222201634       0.38061092675955099     
  0.14612536588873537       0.37550328213631723     
  0.13220202263386721       0.37120806473806101     
  0.14049727306861651       0.36032153438294534     
  0.15317101707667088       0.36207390840831699     
  0.15727480909059899       0.36616657069491726     
           5
  0.10364995374383779       0.57485393769352355     
   8.5732320282530056E-002  0.57399134189451317     
   8.2776493490324551E-002  0.56623065823414198     
   8.9488749837737955E-002  0.55278450326078377     
  0.10073849032934133       0.55337602543720266     
           7
  0.23677138493565691       0.85365422376667710     
  0.22745478592756591       0.84917663118952125     
  0.21625622145387774       0.84463240467234235     
  0.21114168304722580       0.84626318956326052     
  0.21202159232034679       0.84100618670853200     
  0.22353576156752819       0.83459221706380848     
  0.22709842120558249       0.82967937113904422     
           6
  0.53623521219384496       0.61255034397222963     
  0.52816528675339891       0.61381146482358140     
  0.52701982290073568       0.60715223613219105     
  0.52814586092212679       0.60152807770317640     
  0.54139569836190882       0.59764718745827083     
  0.55084751112645347       0.59666483149646365     
           3
  0.73627738142740184       0.45649035384263942     
  0.71591240282587598       0.45797334460910732     
  0.72479131409245545       0.43771944389546308     
           6
  0.46357873167470975       0.21825934243460338     
  0.45006247956172363       0.22195228688193475     
  0.45381050363120590       0.21657772919181778     
  0.45272521692578888       0.20014449729151343     
  0.46267863556769678       0.19844278713687774     
  0.47159373432923868       0.21034675596232683     
           7
  0.69242607661284927       0.35326028623818811     
  0.68386365242874148       0.35120107786832144     
  0.67881611605113246       0.35302812821728485     
  0.67475209731837626       0.33662412460185676     
  0.67760439387043570       0.33248813700979163     
  0.68260979180379722       0.32940501210034528     
  0.69557392327467049       0.34149780814227126     
           8
  0.56641805062403672       0.35449429367354607     
  0.55998852122277920       0.35426608679668070     
  0.56138570752339401       0.34983595076916046     
  0.55799532651983530       0.34382513526595138     
  0.55331490928436855       0.33642794589572028     
  0.56467657099238877       0.33283999797259090     
  0.57307989632118406       0.33168049719774501     
  0.57401221831768268       0.34325609870879209     
           3
  0.42071651358129486        1.0022699051932022     
  0.40568458161934517        1.0088467926793085     
  0.39768522985048121       0.99178113537627610     
           8
  0.30158682134310583       0.70319782267640774     
  0.29953223180825128       0.70824912812268492     
  0.29167856954911620       0.70468622804223524     
  0.27983552580283100       0.70850515489187638     
  0.27883424511023674       0.69003146469035692     
  0.28414811672483248       0.68705727563430863     
  0.29417177422350621       0.68758543463104338     
  0.30218564615255761       0.68685262497938881     
           3
  0.34980306235845593       0.38393942585855073     
  0.34210526315789475       0.38157894736842107     
  0.33907590139292598       0.36855834444610069     
           7
  0.66708643481004437       0.52629200562940159     
  0.64511902776712993       0.53897262220536879     
  0.64614678912936385       0.53119708843492885     
  0.65091787643616428       0.51763725128504257     
  0.66344197968071650       0.51802978568827940     
  0.66809846007099960       0.51587861689321202     
  0.66868144735930224       0.52137488039086977     
           7
  0.73668844540434719       0.66322463061911718     
  0.71923379046915403       0.66702978625249254     
  0.71418779711720515       0.66860658894814806     
  0.71652723955037045       0.65942791959822444     
  0.72692731872700900       0.64997627891093768     
  0.73358268196549514       0.64913119932823604     
  0.73553664418757159       0.65478884298207130     
           7
  0.71959845898265606       0.13835681821964638     
  0.70014018125297428       0.13974324718601855     
  0.69819868806626184       0.13418164151657186     
  0.69814206639387644       0.12516087094372741     
  0.70074352491632041       0.12079478712429925     
  0.70905352177340375       0.12209645763458789     
  0.71950113817956285       0.12608663582493257     
           4
  0.79457342133256303       0.20881125647232096     
  0.78864538167206544       0.20591178751208541     
  0.77874579780204278       0.19597871145514237     
  0.78807575112952422       0.18924743072503025     
           7
  0.62826742522712631       0.87428416755905236     
  0.62858097914403821       0.88122498467990951     
  0.60700674574948765       0.87745348892129749     
  0.60879791770364922       0.87021861166538217     
  0.60714720388135157       0.85540023821261613     
  0.61379831483755032       0.86163868999313586     
  0.62246151679382555       0.85551772022029526     
           3
  0.38670344100400922       0.80237014725922662     
  0.38749584860741776       0.79276985720656989     
  0.40772166516157171       0.78275564936227571     
           4
  0.39858864616581330       0.66861442576078445     
  0.38927386168088834       0.66844964411286045     
  0.38481872080256896       0.65060960055903649     
  0.39527687852279236       0.64848048476980935     
           4
  0.16874459993241972       0.23279340093014506     
  0.15691542082378129       0.23398037340697811     
  0.14545747844549844       0.21659577149779277     
  0.16669536142356531       0.22304388067059561     
           5
  0.19223260741329104       0.19484280593755474     
  0.18819560090832188       0.18730735605700621     
  0.19084795759871631       0.17431874353884821     
  0.20693793166754690       0.17140107903938004     
  0.20427897387016725       0.17818040614675842     
           3
  0.22049087372328505       0.25222922102308365     
  0.21052631578947367       0.25000000000000000     
  0.21306193342264884       0.23876905859758685     
           8
  0.28764048611948623       0.63513232849591195     
  0.28316455252170136       0.63440336780027728     
  0.27711411997610613       0.64297319287934818     
  0.27078887027101473       0.64105388466135871     
  0.26622984590219029       0.63156397099492156     
  0.27256230765986045       0.62377684729138450     
  0.28063518289687167       0.61972519746656085     
  0.28412218859108779       0.62630663365458294     
           4
  0.64532936523829165       0.40771176311702007     
  0.64739153714603082       0.39917799912995461     
  0.65017920346501656       0.38234076109050591     
  0.66966156196392035       0.39292162160071348     
           8
  0.67937864385581770       0.56126562220859222     
  0.66802780928593031       0.56353812127236802     
  0.66396616220282956       0.56081055349352293     
  0.65961270275528250       0.54997812197017859     
  0.66267525533047111       0.54479132557589527     
  0.67640355810326425       0.54402615104880858     
  0.68409490250526572       0.54263633822150636     
  0.68338187866567834       0.55106167077210566     
           4
  0.66528623147616739       0.20989239511966942     
  0.65611619637364393       0.20742965070480412     
  0.64688791273525004       0.19478732104437976     
  0.66148497316772581       0.18462713606175088     
           7
  0.64359087089650946       0.28300033537692232     
  0.63622840739484188       0.28709277647358883     
  0.62976628886782071       0.28900061126086901     
  0.62197012009203212       0.28292712865383324     
  0.62104282945019895       0.27736186523615797     
  0.62047035546905471       0.26527559569335629     
  0.64419910359993482       0.26767033215939878     
           3
  0.15967907921344718       0.50889973552208090     
  0.14985733014368269       0.49794215128119751     
  0.16740736646775561       0.49999532327888752     
           3
  0.20409121602490155       0.74341535033281470     
  0.18484086061274688       0.73071226036698556     
  0.20410892546081680       0.72685128069107363     
           8
  0.39023765504473806       0.51005321308689666     
  0.39090202792611722       0.52183538345157154     
  0.38448967034279624       0.52219124148875873     
  0.37175014497760406       0.51457455479191405     
  0.37058868503617753       0.50090786148122857     
  0.37758242636917921       0.50528147324479622     
  0.37992061924565068       0.50128538446339821     
  0.39406351430464875       0.50366070480365266     
           5
  0.72140397499611675       0.50496867893442821     
  0.71872010556204102       0.51200020685063530     
  0.71141189003470984       0.51140255533179313     
  0.70357582319643730       0.48935933461910847     
  0.71760013407786127       0.48866525657949994     
           6
  0.73563050071809188       0.75330801924658675     
  0.72956111416675062       0.75752442882103110     
  0.72368421052631582       0.75000000000000000     
  0.72170199458461726       0.74079194087671474     
  0.73514833437672955       0.74035721601466353     
  0.73674875884292690       0.74784653900909270     
           5
  0.89422961065549977       0.54606659124978540     
  0.87159869222704223       0.53526031805451857     
  0.87680160326087031       0.52642712253219381     
  0.88284509750706430       0.53216469902907892     
  0.89338605333408716       0.53387772832648928     
