   76.000000000000000     
   100.00000000000000     
          49
           8
   18.000000000000000     
   26.000000000000000     
   11.000000000000000     
   30.000000000000000     
   21.000000000000000     
   19.000000000000000     
   15.000000000000000     
   16.000000000000000     
   29.000000000000000     
   26.000000000000000     
   37.000000000000000     
   16.000000000000000     
   12.000000000000000     
   31.000000000000000     
   8.0000000000000000     
   19.000000000000000     
   20.000000000000000     
   13.000000000000000     
   15.000000000000000     
   22.000000000000000     
   28.000000000000000     
   12.000000000000000     
   6.0000000000000000     
   27.000000000000000     
   14.000000000000000     
   18.000000000000000     
   17.000000000000000     
   29.000000000000000     
   13.000000000000000     
   22.000000000000000     
   25.000000000000000     
   28.000000000000000     
   27.000000000000000     
   19.000000000000000     
   10.000000000000000     
   12.000000000000000     
   14.000000000000000     
   24.000000000000000     
   16.000000000000000     
   33.000000000000000     
   15.000000000000000     
   11.000000000000000     
   18.000000000000000     
   17.000000000000000     
   21.000000000000000     
   27.000000000000000     
   19.000000000000000     
   20.000000000000000     
   5.0000000000000000     
           1
  0.52631578947368418       0.52631578947368418     
           8
  0.29754008010385213       0.29935608568718436     
  0.28521664926403006       0.30037722174098203     
  0.28001971634276351       0.30099206127619976     
  0.28236603849187197       0.29515174673114630     
  0.28367350950683490       0.27766189877053987     
  0.28627227475495903       0.28237620036180228     
  0.29538214825568149       0.27780620325045313     
  0.29973903995294476       0.28345018469486138     
           5
  0.48348307124058187       0.33705858502061531     
  0.48104909792146705       0.34973723922051742     
  0.46404541159468249       0.33697487817919397     
  0.46597608338247454       0.32982048507745576     
  0.47259432916131883       0.32962786678601469     
           6
  0.28898873528057789       0.59734550259396757     
  0.27563645208393517       0.59897797110556417     
  0.26868277691501469       0.59596264104583596     
  0.26349978789764988       0.59724979651849086     
  0.27324999488677582       0.57938763567051577     
  0.27857363938499508       0.57930361341677361     
           5
  0.59986896328649852       0.47209476405025408     
  0.58186132291562309       0.46297345184429112     
  0.58006095723485396       0.45317763680424838     
  0.60149594171094922       0.44985977773591157     
  0.60312617678846980       0.45639459546266614     
           7
  0.72152957527243966       0.27104912001926301     
  0.71378209975005413       0.27251999894311180     
  0.71711554978954517       0.26585387533437344     
  0.71580671665087126       0.26045051008489095     
  0.71748549856562815       0.25203956990221532     
  0.72651676254290876       0.25048228162875563     
  0.73318337672317735       0.25830969883732752     
           3
  0.44231677839528977       0.45202987684860368     
  0.42858481804356563       0.45976036959324568     
  0.42533024972737005       0.44202388319882618     
           8
  0.67034204378159179       0.66167809101181352     
  0.66592248647415997       0.66736852774474975     
  0.65825672253550305       0.66603349686035795     
  0.64965344574041584       0.66853169933374779     
  0.64918777081815204       0.65732727627633269     
  0.64825279089664489       0.65180201867981091     
  0.65549345833019257       0.64885021690779543     
  0.66695932941347225       0.64526633059786331     
           7
  0.73239165181349430       0.60066049578342140     
  0.72451445273022130       0.60290767164167791     
  0.71850032562337918       0.60430004544601745     
  0.71577609214213678       0.59398704229316412     
  0.71554229824546456       0.58529240069167243     
  0.73173866310546909       0.58300973206663287     
  0.73562421801953326       0.58614945013243203     
           6
  0.35216254663840818       0.77846493821791651     
  0.34586134974082233       0.78452146241368392     
  0.33097581001267246       0.77375739746744499     
  0.33527466783786997       0.76472236296662077     
  0.34664524412583186       0.76933422622423220     
  0.35190882996859446       0.77247018178267846     
           3
  0.53777910183775535       0.87376231230934587     
  0.51727405272937554       0.87571590571153046     
  0.52529541467319141       0.85572610118264880     
           3
  0.71705419265627224       0.86532036375240751     
  0.72452875215157941       0.84674830010034818     
  0.73224901530580166       0.85528490333496854     
           6
  0.47319025622215927       0.68072813132682464     
  0.45812476027766558       0.68331733850675469     
  0.45005370515715076       0.67302160949539347     
  0.44890864396882285       0.66786841864202939     
  0.45933300390887832       0.65985775454057338     
  0.46980314274264956       0.66827479809130697     
           3
  0.81578947368421051       0.46052631578947367     
  0.80935593545513229       0.44932704198532192     
  0.81832242718423565       0.44966267098217561     
           4
  0.81591842545934845       0.76221707559275698     
  0.80491886215422626       0.76167702986208130     
  0.81882443492896695       0.73783218695715558     
  0.82842679105361727       0.75362266499484609     
           3
  0.80957643698406001       0.32356289374035369     
  0.80819171673156676       0.31499824764569673     
  0.81578947368421051       0.31578947368421051     
           3
  0.27165377251880574       0.48082332853403065     
  0.26650061890506088       0.46425883055910833     
  0.28503775033124296       0.46662222148771748     
           5
  0.44275099094156661       0.58532037615040022     
  0.42544208115044707       0.58369054270459186     
  0.42207183839128098       0.56917100113673158     
  0.42783284300578034       0.57177021165221265     
  0.44091492071181593       0.57262778077911380     
           7
  0.13116215998772726       0.74522388242824511     
  0.12676066560045085       0.74292064896099164     
  0.10613984719688843       0.74649700606071534     
  0.11040444730485847       0.73291732841461343     
  0.12129382454935528       0.72505850462902954     
  0.12970567242356945       0.72484517798984172     
  0.12842241643477625       0.73388074511394807     
           3
  0.82289112842937828       0.62906967290867466     
  0.81578947368421051       0.63157894736842102     
  0.81561891629368521       0.62114494781318352     
           3
  0.87746642590797608       0.18610536287065979     
  0.85985792602756617       0.18642913497827554     
  0.86188240240927438       0.17199794145702452     
           4
  0.58527096346783380       0.17793511496295233     
  0.57337697291707679       0.17835476830525415     
  0.57818983253411416       0.16188140248584196     
  0.59090450004538675       0.16728968508196204     
           4
  0.34887026305142366       0.17070384038910585     
  0.33033220715169276       0.17876758662979608     
  0.33132050536965618       0.17164670911287241     
  0.34879541362926841       0.15901827923787543     
           6
  0.14725723488724576       0.38013229662360609     
  0.13401614702954656       0.38116181124111076     
  0.13673795202816158       0.37662407097917189     
  0.13996882715648892       0.35965584633376091     
  0.14717390635441138       0.35576214281063878     
  0.15419118088068173       0.36313654356899006     
           7
  0.10266208748808667       0.57710287724748122     
   9.3860862855862134E-002  0.57618158631984562     
   8.0630466891856448E-002  0.57515640951344871     
   8.3663853415260697E-002  0.56248700729141532     
   8.7374211372598459E-002  0.55510981745485044     
   9.7099174796615201E-002  0.55438004759196402     
  0.10429211757843014       0.55422771138461602     
           7
  0.23508741708086689       0.84987398230455125     
  0.22888626324769218       0.84964462327172197     
  0.22148934446536769       0.84892118069824063     
  0.21699657348605783       0.84445334708489761     
  0.23058626343907368       0.83434256085626468     
  0.23545415988845284       0.83410649254984448     
  0.23152437136769310       0.84051070578108122     
           5
  0.54875908926164207       0.61683359596026577     
  0.54032228468829502       0.61303590594502289     
  0.52956775156115499       0.60232056895598696     
  0.53993032773248106       0.59450066799630141     
  0.55081748820400422       0.60131406905192308     
           7
  0.73202529794229587       0.45226323319183998     
  0.72361687415434894       0.45809564951591208     
  0.71687144784534618       0.44987575399685614     
  0.71689106331908403       0.44201108775027431     
  0.73364949775915300       0.43525771726321461     
  0.73441916292190501       0.44056758363429183     
  0.73662712092700666       0.44606987016510841     
           8
  0.47039658219210134       0.21121589314216596     
  0.46787094775770233       0.21526726492112491     
  0.47033391760964954       0.22256758415519773     
  0.44763813766495847       0.22294351174006671     
  0.45156479761033896       0.21588686031844925     
  0.45615203616969624       0.19825593731464133     
  0.46032494267444146       0.20146771653446466     
  0.46996810343484263       0.20201307681826258     
           5
  0.69462188555947879       0.34927478368752268     
  0.67288373296794513       0.34633989104827639     
  0.67599312237443976       0.33877750380913169     
  0.67158061924234547       0.33320364491847565     
  0.69171694156614938       0.33963760410570137     
           4
  0.56578947368421051       0.34210526315789475     
  0.55506188843257065       0.34290189144262739     
  0.55690278882230482       0.33291592923797136     
  0.56875214598454427       0.33532107411035367     
           3
  0.41050930727919016        1.0107044829269969     
  0.40789473684210525        1.0000000000000000     
  0.42011335507400049        1.0029973331364401     
           6
  0.29835103580684197       0.70548216785942008     
  0.28690360243388613       0.70737148232956593     
  0.27783615392762190       0.69796496637632766     
  0.28212894134424271       0.69076363134403651     
  0.30212566032734495       0.68771301275507357     
  0.29645160105906782       0.69237744634896992     
           5
  0.34725179090564712       0.39064158354187983     
  0.33266177317692236       0.38744581899060637     
  0.33074500817432068       0.36868390974230542     
  0.34135700454274831       0.37254224065687064     
  0.34852520547868843       0.37198992650289153     
           3
  0.65293008162628063       0.53610742022468261     
  0.65043264435452253       0.52073798652580050     
  0.66644498635921212       0.51539011705069515     
           8
  0.73234661824415892       0.66254892867552095     
  0.73566068935403939       0.66772306845908147     
  0.71813882899552361       0.67017049519520333     
  0.71469170367607859       0.66172396823988755     
  0.71105779095530885       0.65567804385439143     
  0.71763541578161527       0.64785294297432083     
  0.72633928885500354       0.64836672311788124     
  0.73184993287528799       0.64944721158017393     
           5
  0.72177007272858118       0.13384868250977103     
  0.71909779919240913       0.13998926070968340     
  0.70150244289053743       0.12753428037064091     
  0.71354431449646150       0.11993416719663443     
  0.72293574844016062       0.12196346818865561     
           5
  0.80158293515769830       0.20572805125995211     
  0.78242041654567585       0.20821169020086566     
  0.78093754941456806       0.18587259380832666     
  0.79444002115651491       0.18987688809484585     
  0.79981497492209308       0.19531050689567347     
           5
  0.62960465681264643       0.87232918346565747     
  0.61499501924541033       0.87692472641175279     
  0.61152280832696848       0.86230076278715828     
  0.60988947311159614       0.85559145639398160     
  0.61894097782549506       0.85667829510608096     
           8
  0.40715032185621169       0.79594829091910579     
  0.40610791206535646       0.80238270649721111     
  0.40040700200385582       0.79716684815960659     
  0.39018151282686597       0.79814385763434192     
  0.38703272771176200       0.79270167288681381     
  0.39510556941510294       0.78109497124810590     
  0.40658859658544527       0.78024103505160958     
  0.40348074975763498       0.78776477813327983     
           4
  0.40616919098333798       0.66212796946793306     
  0.40499394547550266       0.66896220274139884     
  0.38747335793815624       0.66683717076688276     
  0.39922394980228526       0.64507408887393614     
           5
  0.16553291792001942       0.22879986630322713     
  0.14576493316631584       0.23340159094148885     
  0.15476748644902369       0.21666941286326571     
  0.16247923298695019       0.21189106653847936     
  0.16618422363906862       0.21816463429852631     
           6
  0.19406433305577819       0.19103399406803825     
  0.18526783306725220       0.19162549746837382     
  0.19052159578762137       0.18545281958717169     
  0.18567951170226368       0.17811630022700192     
  0.20092110473828151       0.17520780238909545     
  0.19736842105263158       0.18421052631578946     
           8
  0.21656416556687919       0.25784310030478086     
  0.22055641897867770       0.26269574658597616     
  0.21034471092734464       0.26160925803511514     
  0.20514608879034740       0.25979821288997990     
  0.19755758470493043       0.25873133018859140     
  0.20212387878350041       0.25259321605448815     
  0.20950778769928327       0.24237794449804043     
  0.21678559707066308       0.24051635336474314     
           3
  0.27631578947368424       0.63157894736842102     
  0.26735509931990253       0.62489134990130391     
  0.28795568998444110       0.61888931638500722     
           8
  0.66720897215357144       0.39752694789597864     
  0.65862929063517162       0.40711950408836201     
  0.65783030651461083       0.40237643180804927     
  0.65089698301526544       0.40386967893894832     
  0.64979802678495624       0.39465959437235038     
  0.64940350515590706       0.38494942156994283     
  0.66108108560281753       0.38239212749839169     
  0.66506701601743978       0.38483321665585007     
           7
  0.68104393427682053       0.56232657034724942     
  0.67318508472577288       0.56139716506375115     
  0.65991358156620039       0.54456721908049355     
  0.67018697267001981       0.54377020659223074     
  0.67581798125778070       0.54256638048667449     
  0.68328886361877128       0.54008701268827752     
  0.67808615365974689       0.54746623504633607     
           4
  0.67006440882975649       0.20859867852093011     
  0.64863235577669243       0.20925543626533250     
  0.65239292374344526       0.18892065922239143     
  0.66840072199467793       0.18510021771010765     
           8
  0.63826661169621124       0.27442635013526595     
  0.64398464840371195       0.28187734264632375     
  0.63381947375947190       0.28393490397533999     
  0.61868250533711755       0.27966532455545678     
  0.61929502871310493       0.26633435532191496     
  0.62781982522315638       0.26902097157654792     
  0.63211895977016119       0.26463680049189742     
  0.63642777139496165       0.26710669129081693     
           6
  0.17007513116804782       0.50968724840040358     
  0.16043512952435007       0.51030763434164594     
  0.14628674242570122       0.50367533561210565     
  0.14519674597524795       0.48926368645868301     
  0.15043573241367955       0.49439367909675497     
  0.16577521964298619       0.50101274928580741     
