   76.000000000000000     
   170.00000000000000     
          54
           8
   18.000000000000000     
   26.000000000000000     
   11.000000000000000     
   30.000000000000000     
   21.000000000000000     
   19.000000000000000     
   15.000000000000000     
   16.000000000000000     
   29.000000000000000     
   26.000000000000000     
   37.000000000000000     
   16.000000000000000     
   12.000000000000000     
   31.000000000000000     
   8.0000000000000000     
   19.000000000000000     
   20.000000000000000     
   13.000000000000000     
   15.000000000000000     
   22.000000000000000     
   28.000000000000000     
   12.000000000000000     
   6.0000000000000000     
   27.000000000000000     
   14.000000000000000     
   18.000000000000000     
   17.000000000000000     
   29.000000000000000     
   13.000000000000000     
   22.000000000000000     
   25.000000000000000     
   28.000000000000000     
   27.000000000000000     
   19.000000000000000     
   10.000000000000000     
   12.000000000000000     
   14.000000000000000     
   24.000000000000000     
   16.000000000000000     
   33.000000000000000     
   15.000000000000000     
   11.000000000000000     
   18.000000000000000     
   17.000000000000000     
   21.000000000000000     
   27.000000000000000     
   19.000000000000000     
   20.000000000000000     
   5.0000000000000000     
   22.000000000000000     
   12.000000000000000     
   19.000000000000000     
   22.000000000000000     
   16.000000000000000     
           1
  0.52631578947368418       0.52631578947368418     
           8
  0.29915611588961444       0.28928920806796365     
  0.29858171401647088       0.29716861753769713     
  0.28867990518860098       0.30220843478776094     
  0.27897687372243152       0.29656274006019967     
  0.28005300952192597       0.29011609573269992     
  0.28372735254326514       0.27702651825821356     
  0.29468885666579786       0.27724717112269187     
  0.29603518847314081       0.28217360411557291     
           8
  0.48503057039791270       0.34317816130596002     
  0.48057368714133869       0.34842172627171497     
  0.47563536155300867       0.35288291745860334     
  0.46891763732361552       0.35298201976670818     
  0.46400461320079822       0.33755898314369814     
  0.46492190804749267       0.33222819719912239     
  0.46919071687224945       0.33426712730114561     
  0.47440808530982437       0.33276459724922258     
           8
  0.28555444754843090       0.59582359675470720     
  0.28216179722954859       0.60404015845291026     
  0.27547809555032704       0.59991090319914375     
  0.26942718776521640       0.60049337774281919     
  0.26623427288319168       0.58794291670785948     
  0.27139693832260914       0.58348289391006736     
  0.28308616820327298       0.58671843988720085     
  0.28793122376007363       0.58570062413446178     
           7
  0.58614529816631100       0.47091929725100484     
  0.58390935361354956       0.46526688774280461     
  0.57993856039633973       0.47085520848884072     
  0.58553834268508631       0.45534781415113701     
  0.58285834677556125       0.44893002942204541     
  0.59171513197692760       0.44956154950794502     
  0.60276443449362171       0.45911253738391816     
           3
  0.73596707612866896       0.26757077629670944     
  0.71205277845497916       0.26252658460450229     
  0.71738494530949048       0.25283393373884672     
           4
  0.43668210910344718       0.45962678778179827     
  0.42502575124633885       0.45900986332963717     
  0.42234673839505754       0.44293045858177660     
  0.44598010681966699       0.43949514702713638     
           8
  0.66731303733136893       0.66971694013944305     
  0.65854495619458409       0.66745347789338028     
  0.65365919243561810       0.66506941783783913     
  0.64736839291944726       0.66610907651414308     
  0.64870278517679425       0.65365465218332597     
  0.65443570735756329       0.65019962965614297     
  0.66100999670020399       0.64830733856745382     
  0.66805549819689769       0.65854598406143861     
           3
  0.73134001123180870       0.59556179294241152     
  0.71254865171987147       0.59914210072307872     
  0.71534410578758911       0.58227415600722854     
           4
  0.34295956969853786       0.78587963215903456     
  0.33526136638458121       0.77672723144562406     
  0.33365619524166212       0.76801215255502697     
  0.34928203141796815       0.76712514529315123     
           6
  0.53465132813434557       0.88006174873243292     
  0.51953289756934362       0.87297001045573996     
  0.51623279345527673       0.86557784113743075     
  0.52164291024683818       0.85679578615191732     
  0.52604107745827355       0.85969908759567393     
  0.53403925735089508       0.85706902089075443     
           5
  0.72259911604609939       0.86824454647772265     
  0.71567674958702465       0.85900996437030974     
  0.71284074662851793       0.84896969965438696     
  0.72402944353894727       0.84477307001507096     
  0.73240646338452975       0.84662327156491057     
           3
  0.45998960331597871       0.68396467441698372     
  0.44938624218934381       0.68076097143823344     
  0.46681673168837823       0.66356552912177735     
           3
  0.80879492191211233       0.46871554566711709     
  0.80402712953181843       0.45910157284490538     
  0.82838494500450199       0.45594363432072266     
           3
  0.82401255273013596       0.75677130565209272     
  0.80914316726506619       0.74595977434010841     
  0.82507597713759828       0.74615533482153829     
           3
  0.81274112952861244       0.32412227044806746     
  0.81578947368421051       0.31578947368421051     
  0.82748326385537385       0.31711819393280355     
           8
  0.27309600579341053       0.48085970753866991     
  0.27172220584438367       0.48558605586796472     
  0.26578785046202791       0.48127376932750260     
  0.26616759033039844       0.47469503594610646     
  0.26434756900760414       0.46836841319544786     
  0.27103545405529883       0.46425590260858179     
  0.27598979565545873       0.46713702302189608     
  0.28858272847415095       0.47225749340580631     
           6
  0.43829902806427967       0.58789535033140661     
  0.42933030817343121       0.59121685853728112     
  0.42231591517968975       0.58014122371317189     
  0.42570532430581992       0.56981769527441928     
  0.44551097637002790       0.56774648397628236     
  0.44248441196159288       0.57555716078040320     
           3
  0.12773188778240863       0.74918208015312338     
  0.11420764977518529       0.74957549976722970     
  0.11842105263157894       0.73684210526315785     
           8
  0.82696192791151291       0.64241423317518997     
  0.82029869913410813       0.64198259976587779     
  0.81217407863303004       0.64041963385946987     
  0.80768878030385172       0.63940091216806871     
  0.80315625825911385       0.63020960074229049     
  0.81402520705660242       0.61970182101554205     
  0.82282740142155542       0.61926095078970300     
  0.82315953380538087       0.62424350225731962     
           8
  0.87873364827463274       0.19690430386282490     
  0.86648668893307879       0.19373872095307895     
  0.85976747253427466       0.19494281189207166     
  0.85540668782382234       0.19191408633081250     
  0.85763185410727050       0.17351940302526453     
  0.86687191461906610       0.17462460456716195     
  0.87506689922154923       0.18052242627603146     
  0.88029225140742517       0.18228335430785991     
           3
  0.59132178792782042       0.16936306920867988     
  0.57894736842105265       0.17105263157894737     
  0.58711010637508432       0.15865864282758557     
           5
  0.35345334404592699       0.17486677303287815     
  0.34824264076421674       0.18365505801253779     
  0.33770772863725496       0.17878297595015874     
  0.33189930593489214       0.17012696833029589     
  0.34257971638817719       0.15910470819423081     
           4
  0.13282267290676669       0.38129299221417640     
  0.13731381410808038       0.37577734619414049     
  0.15220949893556759       0.35729242305307835     
  0.14473684210526316       0.36842105263157893     
           3
   9.1088403278817953E-002  0.57349908703162178     
   8.3555068376887101E-002  0.55979881545271215     
   9.2105263157894732E-002  0.56578947368421051     
           3
  0.23320338294069695       0.84732971694567616     
  0.21541219334332867       0.85071486865634205     
  0.21645516358933733       0.83671624526508781     
           8
  0.54673687580737884       0.60847613922416166     
  0.55175350726553829       0.61090770613691059     
  0.54889049932177914       0.61830449288805767     
  0.54347326321622202       0.61216775723907391     
  0.53811905968205542       0.61806425205219706     
  0.52988639742701393       0.60733124193522992     
  0.53452187727122757       0.59261433434419220     
  0.54674077461983650       0.59545184043345445     
           6
  0.73330763627598794       0.45045872626996075     
  0.71136962715664376       0.45973652576419544     
  0.71412838986114402       0.45460995759287809     
  0.71362624359803206       0.44624704850919145     
  0.72059740485400359       0.43769162453962102     
  0.72693482123692765       0.43462524771106437     
           3
  0.47224217790192557       0.21624383436035721     
  0.46052631578947367       0.21052631578947367     
  0.47003818848490581       0.19779991289042664     
           6
  0.69154579239834391       0.35221564924598253     
  0.67814771996615375       0.35217961472213022     
  0.67268581938121652       0.35469949188359212     
  0.67608882354956734       0.33721291874470677     
  0.67720693384866182       0.32926693128779777     
  0.69172123833710708       0.34215711079827738     
           6
  0.57032976102391253       0.35088849904774239     
  0.56092008304576957       0.35306545215615714     
  0.55316879105072969       0.34190350583999968     
  0.56763173039844061       0.32938392254669546     
  0.57578127981343963       0.33098506596247906     
  0.57694557248817391       0.33989374813096929     
           8
  0.41938280048836496       0.99995516596048817     
  0.40856670113665344        1.0084516634978240     
  0.40266079049203130        1.0109002454410472     
  0.39976101801594649        1.0026247756120312     
  0.39807188019423945       0.99661124214652197     
  0.39971205856721881       0.99146359844329690     
  0.40298033643583625       0.98762965894111365     
  0.41796299741033394       0.99083944286898773     
           7
  0.30142834039548660       0.71036428813294150     
  0.29208526641180260       0.70604773944620125     
  0.28556865127447517       0.70846684210317123     
  0.27809825035279856       0.70514277975771567     
  0.27873322212828161       0.69409040193157512     
  0.28993408975236679       0.68497591732568874     
  0.29749948045395491       0.68757653537271701     
           7
  0.35451271774278964       0.38524846470897511     
  0.33686049707072924       0.39391903096956288     
  0.33259457405462234       0.38801412700067545     
  0.33256139432088777       0.38022382049579756     
  0.33998133070003733       0.37327447410771392     
  0.35455251678738853       0.37337012929854246     
  0.35264600003167507       0.37961204113291969     
           6
  0.66542801284593178       0.53902617222615357     
  0.64949805203289235       0.53434699479312531     
  0.64594623483495905       0.53820157237324762     
  0.64702138172365642       0.51513430427983997     
  0.65237929912959858       0.51928909255294931     
  0.66978252936213534       0.51525699681566328     
           6
  0.73203828888072553       0.66692550670264017     
  0.72390901017402198       0.66562371861699565     
  0.71311141049922611       0.67083772700621647     
  0.71137377445875760       0.66141490841222583     
  0.71095068294843267       0.64634735337310911     
  0.72368421052631582       0.65789473684210531     
           8
  0.71769495263401228       0.14282688182846592     
  0.70636404409361331       0.13960571951290854     
  0.70368314580572922       0.14420554162796279     
  0.69883149173901382       0.13905772093377369     
  0.69746613247638178       0.12854340596564962     
  0.69838006000780195       0.11898591205010287     
  0.70348586416155023       0.12766181814368271     
  0.71882217042039998       0.13084715377418452     
           7
  0.80189805377162060       0.19730526422962552     
  0.79385834282004197       0.20888758094806026     
  0.78384103526847004       0.21034746320071218     
  0.78289551333805818       0.18639161178942146     
  0.78694317948840231       0.18979656202926506     
  0.79098423538714668       0.18683853332364070     
  0.80153604838321613       0.18774084332961380     
           6
  0.62037974496574133       0.87502606195839228     
  0.60756615105241785       0.87936552309841520     
  0.60962977669780172       0.86908084778534500     
  0.60916194869730633       0.86145962020218170     
  0.61712595575106632       0.86053200904770910     
  0.62243347756487422       0.85557223783882907     
           3
  0.39473684210526316       0.78947368421052633     
  0.38534811627310261       0.77721904754381699     
  0.39531576255727163       0.77898640156936072     
           4
  0.40227132368628454       0.66468337558655477     
  0.38569148981443091       0.65626562633549435     
  0.38311899383436787       0.64991144142432267     
  0.40261496801793528       0.65367619477336736     
           3
  0.16041746931118861       0.23154723553482021     
  0.15278365314206852       0.23101050126735190     
  0.15501964458841275       0.21126717129895756     
           6
  0.20256483244132867       0.19705720630301549     
  0.19438098447950183       0.19504574464749672     
  0.18826587725800684       0.19016736870059878     
  0.18686157060700673       0.17966129549302365     
  0.18649199097832805       0.17371601791731633     
  0.19391079359598803       0.17389542209633815     
           6
  0.20979019809724445       0.26304516164867431     
  0.20091988977909819       0.24460165722193294     
  0.20772318781059002       0.24262805105124105     
  0.21230013876944034       0.23920360421300249     
  0.22326150802719949       0.23715758482789745     
  0.22293156577852946       0.24280075499565723     
           3
  0.27651594716547023       0.64409265475245514     
  0.27071133207327724       0.62087951148926013     
  0.28527226721855437       0.63197474269779697     
           6
  0.66718053038078584       0.40514452036435405     
  0.65701034092173094       0.40313841595317323     
  0.65053075393767390       0.39947657248582469     
  0.64524148693239303       0.39703835153706224     
  0.65348198836547788       0.38242114749423872     
  0.66577312320558912       0.39489569682916142     
           4
  0.67105263157894735       0.55263157894736847     
  0.66345388488963508       0.56546224512966492     
  0.66214060440125455       0.53998397164273548     
  0.67444675233284934       0.54294475031681066     
           5
  0.67042571429381348       0.20856024704824552     
  0.64929083449689551       0.20515052856258290     
  0.65077447581123382       0.18747253252670451     
  0.65647337561253083       0.18824873650737359     
  0.66329545543838986       0.18773418919605772     
           5
  0.64069036692442727       0.28861449224359470     
  0.63166981583452186       0.28487707534159340     
  0.62288768499747993       0.28213522017567294     
  0.62167949366214903       0.26857038718880372     
  0.64032830483941339       0.27809717142851537     
           8
  0.16446306252375575       0.50261198995353717     
  0.16941613155937191       0.51028899800210126     
  0.16257697400756230       0.51180088440895088     
  0.15737808173914758       0.50962583046625332     
  0.14538158991181813       0.50046309160772551     
  0.14550281837048581       0.49560716248253645     
  0.15948651609277037       0.49310859677184166     
  0.16601597382905764       0.49706401545363454     
           3
  0.19801255857810357       0.74891909950210767     
  0.18798729283437965       0.74754504586928372     
  0.19762015830807109       0.72600162160739479     
           4
  0.38725639990854288       0.52004431067380175     
  0.37080480581755254       0.51987440474973690     
  0.37440933387767950       0.51167937069317893     
  0.37587310679798586       0.50046371515459587     
           4
  0.72206335511310349       0.51138909792211606     
  0.69890002706384713       0.50726126144918160     
  0.70558717041015473       0.49068297565081526     
  0.72293287110517856       0.48855550006401754     
           5
  0.72874952707578988       0.75898163065307322     
  0.71860919881866492       0.76135902855218318     
  0.71086301138397701       0.75743778830575581     
  0.71490483574734676       0.74121146463400989     
  0.73138477242463107       0.74642537979693480     
           7
  0.88955120880770322       0.54635814252939330     
  0.88210454675640437       0.54925507578559052     
  0.86884512785786694       0.54920366826261646     
  0.86890692667445735       0.54050118179871409     
  0.87892038229496150       0.52666965393546195     
  0.88835833698159616       0.52842950184201265     
  0.89156490727248949       0.53483150043049543     
