   69.000000000000000     
   80.000000000000000     
          50
           8
   7.0000000000000000     
   30.000000000000000     
   16.000000000000000     
   9.0000000000000000     
   21.000000000000000     
   15.000000000000000     
   19.000000000000000     
   23.000000000000000     
   11.000000000000000     
   5.0000000000000000     
   19.000000000000000     
   29.000000000000000     
   23.000000000000000     
   21.000000000000000     
   10.000000000000000     
   15.000000000000000     
   3.0000000000000000     
   41.000000000000000     
   9.0000000000000000     
   28.000000000000000     
   8.0000000000000000     
   8.0000000000000000     
   16.000000000000000     
   10.000000000000000     
   28.000000000000000     
   7.0000000000000000     
   15.000000000000000     
   14.000000000000000     
   6.0000000000000000     
   19.000000000000000     
   11.000000000000000     
   12.000000000000000     
   23.000000000000000     
   26.000000000000000     
   17.000000000000000     
   6.0000000000000000     
   9.0000000000000000     
   15.000000000000000     
   14.000000000000000     
   7.0000000000000000     
   27.000000000000000     
   13.000000000000000     
   11.000000000000000     
   16.000000000000000     
   10.000000000000000     
   5.0000000000000000     
   25.000000000000000     
   17.000000000000000     
   18.000000000000000     
   10.000000000000000     
           1
  0.43478260869565216       0.57971014492753625     
           8
  0.54742754318604325       0.75666003434899232     
  0.54690874400148781       0.76381549811516958     
  0.53954551295515163       0.76167978746980158     
  0.53316012939449620       0.76603082693832614     
  0.52478729772604604       0.75010055711081591     
  0.52861586735082344       0.74155966296375386     
  0.53571206495558754       0.74363690552198458     
  0.54659116673730779       0.74537303760985529     
           5
  0.71879908404348236       0.71699738070554808     
  0.70257881751069884       0.70575696583736058     
  0.69989321823448969       0.69794758500545995     
  0.70843819679731024       0.69827958898701148     
  0.71556411579290402       0.70122062672946972     
           3
  0.76514239213966395       0.93849451096304437     
  0.75362318840579712       0.92753623188405798     
  0.76064989249638415       0.92518444176988168     
           3
  0.29051657249217644       0.38552526079352667     
  0.27807674816028699       0.38797237272226331     
  0.29307183261882391       0.36360024373565192     
           5
  0.58199207470857417       0.44548474204047639     
  0.56667904951529724       0.44530556082005313     
  0.57141595886374774       0.43858290853417692     
  0.56699905153770203       0.42139032939508819     
  0.58688953527944687       0.42220010677798325     
           5
  0.30396126874704810       0.69462082158840355     
  0.29535343262407049       0.69057611397259611     
  0.29495862015572527       0.67610769723314168     
  0.31280853707324813       0.67808653589408741     
  0.31137157998343917       0.68463078680546130     
           4
  0.24361333539888974       0.92612638497769639     
  0.23619179677298341       0.91363889100777251     
  0.25265653713914199       0.90592438712512890     
  0.25915116901053675       0.90927643112009682     
           6
  0.45634195072092482       0.90164973053556741     
  0.44855414584977765       0.91121363999365124     
  0.43933969695798397       0.90672881247534132     
  0.44384515260129026       0.88845856386983324     
  0.45907091966556474       0.89037769794711252     
  0.46116314800855485       0.89867421398223890     
           6
  0.76575050164605984       0.48711140257874097     
  0.75493431725684645       0.49009357642917512     
  0.74696965838309604       0.49155045260870389     
  0.74225349082562608       0.48673443777268632     
  0.74485513815522841       0.46874017556914238     
  0.75538639981078315       0.46977308072381962     
           8
  0.73896109086797190       0.31164871566189839     
  0.73453229655171071       0.31629976774268131     
  0.72627387577889846       0.31172954235511063     
  0.73772055055968322       0.29494567697875945     
  0.74192031034312445       0.29170252335826968     
  0.74219261579132689       0.29725700346604178     
  0.74720840161968605       0.29571402328457996     
  0.75218643066809310       0.29677413529753638     
           7
  0.61689932633942457       0.59286354489015758     
  0.62166192520653418       0.60235161563215389     
  0.59573512313571919       0.59948291696803635     
  0.59666241824578492       0.58744192426970621     
  0.60126606596076493       0.58497729045408453     
  0.61220274488490967       0.58478874876052678     
  0.62013607991095199       0.58323911911254067     
           8
  0.46055165503308637       0.46454045559205459     
  0.46150472443075707       0.47013489759471161     
  0.45711215888614443       0.47420515639750765     
  0.43703020535523146       0.46897263118430971     
  0.44168644985968525       0.46398913495815963     
  0.43702094702796729       0.45188559721340144     
  0.44415023349605887       0.45601667628355186     
  0.45114722612345409       0.45296793250657036     
           6
   8.0740226877302340E-002  0.36531467259521949     
   7.9792899733958630E-002  0.37311969565053932     
   6.5329855147432905E-002  0.36354078469493145     
   5.9024562734260599E-002  0.35651055079813249     
   6.6484574167446853E-002  0.35072568940074950     
   8.1359481390853375E-002  0.35659632048455320     
           3
  0.18732856685835372       0.60433004843609350     
  0.17391304347826086       0.60869565217391308     
  0.16093847437538847       0.59963257931358349     
           8
  0.52837280024401712       0.24494983990302477     
  0.50908541177910016       0.24086876351973843     
  0.50990235598870892       0.23029699644696933     
  0.51049036449594876       0.22279417122632586     
  0.51571889483550548       0.22309224389267934     
  0.52513058835736515       0.21824343232433091     
  0.53363623873477084       0.22247145136006521     
  0.53300523622059826       0.22766589832666032     
           3
  0.76235145441230201       0.59995465446180163     
  0.74550869262762332       0.59837257129831689     
  0.76654884225201603       0.58454977709095202     
           8
  0.38718084676484354       0.34389425752062175     
  0.38208391722728136       0.33912810623996914     
  0.38125753354209946       0.32956827971409058     
  0.37842539940999498       0.32456214383236709     
  0.38692091488654007       0.32467409093297761     
  0.39221181562604951       0.32049716567951192     
  0.40210674188351397       0.32020534121076460     
  0.40254075749308105       0.32867612514417194     
           3
  0.23735779806108448       0.48944105992807591     
  0.24637681159420291       0.47826086956521741     
  0.25845028834914796       0.46879469694006887     
           7
  0.19699392115416445       0.19359216576479890     
  0.18894697430009580       0.19721168032064540     
  0.18019574746089612       0.19340670419881437     
  0.17608105951330086       0.18586841035343532     
  0.17570790983872908       0.17534062043192464     
  0.19660392654453140       0.17698689698566467     
  0.20103838340315550       0.18439559098124608     
           3
  0.83538873287534532       0.84448987363340156     
  0.82608695652173914       0.84057971014492749     
  0.82371434918757203       0.82955436187709231     
           5
  0.90714234467731181       0.61723200398318157     
  0.89830739655179326       0.61920362675695073     
  0.88796592676081654       0.62209612531853065     
  0.89056762351209462       0.60493249321994824     
  0.90133577964328782       0.59814188650397759     
           4
  0.61896061342375353       0.83938153953978145     
  0.59874726718822313       0.81441105108810630     
  0.61165208400652060       0.81469593719734901     
  0.62174693435902784       0.82240070703523527     
           3
  0.23474143563267191       0.83980808881257296     
  0.22299260499531920       0.82030174670145573     
  0.23926861645639330       0.82652699931098972     
           5
  0.12079057553245198       0.76705013389500176     
  0.10962307178785966       0.76626074436596991     
  0.11234626929732411       0.74109880419867602     
  0.12187701183137553       0.74245225857471975     
  0.12452140822680953       0.75035318401134166     
           5
   9.7289651003616542E-002  0.56363905985490914     
   8.9533986566618554E-002  0.55931655662453017     
   8.9299499678687971E-002  0.55219732615806427     
  0.11501928260592557       0.53863708768008134     
  0.10987185020472730       0.54387887589051132     
           5
  0.40432821653909867       0.99204285727295693     
  0.39078923758639922       0.99925574987782995     
  0.37788720842926621       0.99041601601575335     
  0.38220885816497802       0.98571573930086287     
  0.39080251129904164       0.97301522801363904     
           8
  0.44633790117953648       0.70367631615903059     
  0.44807223055663342       0.70843189278782170     
  0.44006429807130371       0.70288107541835676     
  0.44050140959861128       0.70797787987302452     
  0.42198236969709585       0.70768404476383218     
  0.42589191093889289       0.70255992875072326     
  0.42790520693143708       0.68630655101100935     
  0.44193896109017788       0.68372020483089790     
           6
  0.63388316843628623       0.97735852936684575     
  0.62161656162113610       0.98220132560385520     
  0.61406061761956310       0.98245250948433127     
  0.61893345232789543       0.96083401957929115     
  0.63660667861428533       0.95745160926062012     
  0.63455992129623051       0.96539117857756884     
           4
  0.85066959234114103       0.70296775662572963     
  0.83979252529793169       0.70772594021889246     
  0.82801953028632036       0.69764197701907538     
  0.84503441815692171       0.68327606675651709     
           7
  0.84031806076913096       0.39862528210256204     
  0.83005400299607257       0.40051544564759106     
  0.83317897539275132       0.39602515826610085     
  0.84216987019114453       0.38321349168291713     
  0.84727790873066811       0.38076389762759433     
  0.85212551828542660       0.37844280315443501     
  0.85421124580103314       0.38829405124178390     
           6
  0.54972387849617232        1.0065208841913948     
  0.53927210967750261        1.0117544339207052     
  0.52312669424002001        1.0118773265486032     
  0.52697480534504926       0.99932767733265737     
  0.52678979557909844       0.99266440182966920     
  0.53755013103648430       0.99294940279173871     
           4
  0.54641321003335996       0.67694838038104566     
  0.53727174392723631       0.68012971486419038     
  0.53744846210085895       0.65825033599545746     
  0.56001260034742117       0.66003846273076605     
           3
  0.66554652713845941       0.15714593870340585     
  0.65505597903619761       0.14779736195071699     
  0.66666666666666663       0.14492753623188406     
           6
  0.89366959188803108       0.48146339887063955     
  0.89442156910528814       0.48713277020990881     
  0.88405797101449279       0.47826086956521741     
  0.88464923334686585       0.47003802670268646     
  0.89192683274174123       0.47354636377377579     
  0.89508965508551963       0.46801884444794095     
           6
  0.90099415911440084       0.92320865370287108     
  0.89511793263514705       0.92457060852974748     
  0.88533653722949945       0.92143158093614641     
  0.88974863651408564       0.91322247621012642     
  0.88728401267052226       0.90707357264611677     
  0.90647584532508996       0.91195314384750026     
           5
  0.92359144652553415        1.0047855520354669     
  0.92173412641251407        1.0106897621228095     
  0.90914597867866442        1.0135835597610670     
  0.91103004979918445       0.98632344670428751     
  0.91845443956943618       0.99132305474505678     
           7
  0.46306489612271001       0.32923430812356341     
  0.45388533351582766       0.32930904720413950     
  0.45115537849845683       0.32400815540393774     
  0.45655022329091643       0.32149625636691281     
  0.45917016111702103       0.30617148968774843     
  0.47180153375029960       0.30946668048850440     
  0.47513990681445262       0.31784546449533008     
           6
  0.66403884437520466       0.51110615405662252     
  0.65413610782880593       0.51864812476631628     
  0.64177234977718067       0.49747508892484227     
  0.65054299586474018       0.49521695856966880     
  0.65600385952754703       0.49414283458924346     
  0.66378088626782139       0.49735562085399315     
           3
  0.85324674795169975       0.22810178478277252     
  0.85223663959314222       0.20577369919210101     
  0.86017017869161694       0.20765391491879148     
           3
   6.7727274838960377E-002  0.10067209949028211     
   7.2463768115942032E-002   8.6956521739130432E-002
   8.5846971719641674E-002   9.3463125594713620E-002
           8
  0.15505352928950961       0.25112988368112132     
  0.15587969539547361       0.25703285629149975     
  0.14980557383188214       0.25679626526056448     
  0.13608462363681018       0.25300727919877791     
  0.13281669694659057       0.23736871960641037     
  0.13772041638375287       0.23616624665673322     
  0.14615163887846430       0.23614389247551731     
  0.15808881535453737       0.23527228171316542     
           3
  0.31246963664579808       0.15288326885492107     
  0.29138513881411432       0.14163763938716598     
  0.30434782608695654       0.14492753623188406     
           5
   8.1302855825320333E-002  0.93973153838481038     
   7.2463768115942032E-002  0.92753623188405798     
   6.7071370314924966E-002  0.91576765944087435     
   7.8700335521350862E-002  0.91535018592798723     
   8.5039853096479462E-002  0.91582849291830337     
           7
  0.43547392103735716       0.22849690002499681     
  0.42476950826374887       0.22618427327419421     
  0.42751371775150210       0.22172823854554813     
  0.42126132251509679       0.21722775147706941     
  0.43284522664751740       0.20746423789413981     
  0.44204647441757694       0.21170608820055034     
  0.44781743128255136       0.21410393236892983     
           6
  0.56305032722332737       0.15322936910847060     
  0.55279630984233386       0.15764719525713083     
  0.55141942637975139       0.14881812351205853     
  0.55193104570812490       0.13180495478302817     
  0.56239152672583570       0.13447966197857014     
  0.57553238456380584       0.14030053627124514     
           5
  0.47288395821147244       0.57463279757243024     
  0.46648835135598021       0.57338212754926721     
  0.45738801165668397       0.57518661978681040     
  0.45865588422865783       0.55259939373547218     
  0.47223061877690414       0.56455657158042150     
           6
  0.37308634022493381       0.47364749629522701     
  0.35936052945771491       0.47127747757525346     
  0.35329644355171819       0.47348897690871133     
  0.35322827948909136       0.46370048967964489     
  0.37070655944039610       0.45287209324723632     
  0.37003806940474626       0.46519505959456053     
           3
  0.37523984527947896       0.79242072684370246     
  0.36231884057971014       0.79710144927536231     
  0.37145484361615716       0.78521291844051166     
           7
  0.70921958153264220       0.40542473968913328     
  0.69973056713463899       0.41280770608388728     
  0.69136068787917304       0.41879510680988191     
  0.68344794357968341       0.40626712949543675     
  0.68669785395985272       0.39614091078862224     
  0.69684017214844340       0.39823510200164092     
  0.70274743547879326       0.39214234858238167     
           8
  0.82222431281357589       0.53639543011582069     
  0.81988112949593461       0.54893942928995287     
  0.80820583851856120       0.54645863569578845     
  0.80243103010409544       0.53473486816928717     
  0.79809367793707398       0.52485619210971424     
  0.80997141978458065       0.52239402001214541     
  0.81549012350125871       0.52381397493604365     
  0.81766289676553661       0.52835579394153465     
