   76.000000000000000     
   70.000000000000000     
          54
           8
   18.000000000000000     
   26.000000000000000     
   11.000000000000000     
   30.000000000000000     
   21.000000000000000     
   19.000000000000000     
   15.000000000000000     
   16.000000000000000     
   29.000000000000000     
   26.000000000000000     
   37.000000000000000     
   16.000000000000000     
   12.000000000000000     
   31.000000000000000     
   8.0000000000000000     
   19.000000000000000     
   20.000000000000000     
   13.000000000000000     
   15.000000000000000     
   22.000000000000000     
   28.000000000000000     
   12.000000000000000     
   6.0000000000000000     
   27.000000000000000     
   14.000000000000000     
   18.000000000000000     
   17.000000000000000     
   29.000000000000000     
   13.000000000000000     
   22.000000000000000     
   25.000000000000000     
   28.000000000000000     
   27.000000000000000     
   19.000000000000000     
   10.000000000000000     
   12.000000000000000     
   14.000000000000000     
   24.000000000000000     
   16.000000000000000     
   33.000000000000000     
   15.000000000000000     
   11.000000000000000     
   18.000000000000000     
   17.000000000000000     
   21.000000000000000     
   27.000000000000000     
   19.000000000000000     
   20.000000000000000     
   5.0000000000000000     
   22.000000000000000     
   12.000000000000000     
   19.000000000000000     
   22.000000000000000     
   16.000000000000000     
           1
  0.52631578947368418       0.52631578947368418     
           8
  0.28913603477648653       0.29650160109460072     
  0.28072353935027122       0.30064255406598628     
  0.28287762942289962       0.29212847194720404     
  0.27686122843796934       0.29662137882724993     
  0.28113357984977699       0.27964892972596062     
  0.28775157587707539       0.27918624985076046     
  0.30091583868564692       0.27716592858796352     
  0.29827891220308217       0.28765124487419041     
           5
  0.48075941744269346       0.35410919036688543     
  0.46785364751073949       0.35409522180984032     
  0.46175097674539556       0.34876532501441460     
  0.47368421052631576       0.34210526315789475     
  0.48672586633709641       0.34795565551252089     
           3
  0.27779178829775164       0.60308322428754890     
  0.27631578947368424       0.59210526315789469     
  0.28541988163304177       0.58598793014265327     
           6
  0.59314951560617968       0.46807767767031655     
  0.58770471362129961       0.46995104684475980     
  0.58108658998395502       0.46826898467456274     
  0.58147097374358114       0.46118849185943778     
  0.58086431387725890       0.45058540842426104     
  0.59461297296413140       0.45155836563670898     
           3
  0.73488433756396587       0.26778026545247269     
  0.71372679301088804       0.27620218902493437     
  0.72151173121254086       0.25062669166782470     
           6
  0.44433305344021107       0.46001395649107357     
  0.43350220992183708       0.45636016423489495     
  0.42508328969680270       0.45725504314429172     
  0.44009579207209193       0.43833165172620181     
  0.44543324791553907       0.43897939813787035     
  0.44494308631585427       0.44875556781567760     
           8
  0.66944840830510666       0.66079752203510800     
  0.66486356812888281       0.66254729208884644     
  0.66443719167797033       0.67082138036170735     
  0.65422349054620854       0.67066323059544419     
  0.64540820742146809       0.66059235445342379     
  0.64550444075920632       0.65458550662771553     
  0.65101141697758125       0.65031928290010776     
  0.67060206957303525       0.64812742955694436     
           8
  0.73534696755834250       0.59553761238715686     
  0.73384724079406882       0.60470625058276595     
  0.72900821056275056       0.60225619202816916     
  0.71618416998821854       0.58812189777166812     
  0.71736321814455151       0.58318715994478432     
  0.73292662547691145       0.58041376938092437     
  0.73658047277147609       0.58942683092187798     
  0.73171836365489262       0.59184814655115392     
           8
  0.34947561317553533       0.77385263433691542     
  0.35518244812455591       0.77707546649564574     
  0.33159301712151545       0.78581838453103059     
  0.33341680498906434       0.77689768520525004     
  0.33055287648745280       0.76882265613110623     
  0.34217028935817850       0.76948819251226108     
  0.34688429158011275       0.76530289114814132     
  0.35462884434791114       0.76793416490558675     
           3
  0.52631578947368418       0.86842105263157898     
  0.51437307278856648       0.87280522317473341     
  0.52963201803572790       0.85879415156125760     
           7
  0.73130446395739879       0.86350588488852242     
  0.71134463040187668       0.86645288399425047     
  0.71551290905404619       0.85464951846172554     
  0.71506533886184354       0.84711083586243430     
  0.71996195148654618       0.84854462289704113     
  0.72669496097553388       0.84350607936983890     
  0.73634062150838298       0.85372205491352271     
           7
  0.46801723370760695       0.67881542599243327     
  0.45553838116099082       0.67961885405112354     
  0.45043630359612846       0.68120796751934942     
  0.44787172357229155       0.67697785928810650     
  0.44854426311864598       0.66891388835724874     
  0.46412295356466438       0.66116498982481797     
  0.47294763947458718       0.67216519699162125     
           7
  0.82323519947871115       0.46807760606188920     
  0.81101678391716159       0.47333749507885925     
  0.80377716660522525       0.47357933311307582     
  0.80668982739114925       0.46281370710710684     
  0.81981623286158545       0.45293822194194322     
  0.82604613072099808       0.44949573510826707     
  0.82437529223599382       0.46301647445916727     
           3
  0.82858072272539218       0.76286848322316425     
  0.81578947368421051       0.75000000000000000     
  0.82545184162810969       0.75299476552907718     
           5
  0.82832987926997215       0.32833666918276333     
  0.81306068892109706       0.32726159582895870     
  0.80306852937621487       0.30625806783492926     
  0.81914134534403049       0.30298687872344104     
  0.82540920993555278       0.30923814031642977     
           5
  0.28516368584699003       0.48202448854800739     
  0.26726159574287450       0.48056029785294269     
  0.26706952189564803       0.47299237798266736     
  0.28663464962875534       0.46074624193684682     
  0.28905928664295549       0.46950338022564431     
           5
  0.44444603729740295       0.57908935734239153     
  0.43372804235689139       0.58684225880176355     
  0.42693870517658289       0.58780097150928134     
  0.42543578177211849       0.56942755794286593     
  0.44678683392603680       0.56648677131020264     
           3
  0.10645992680122836       0.74603033094784177     
  0.11168946295302554       0.73955953444997069     
  0.11842105263157894       0.73684210526315785     
           4
  0.82160716845794601       0.63896739062754082     
  0.81176109599404955       0.63814859997020346     
  0.80761488829555017       0.62814028500079622     
  0.82019295084944333       0.61899113421019647     
           3
  0.86842105263157898       0.18421052631578946     
  0.86458938488868864       0.17153151254008769     
  0.87588906896023155       0.17364062524120877     
           7
  0.58657188783915182       0.17244216258683112     
  0.58160738201224826       0.18201804274949618     
  0.56628214913770858       0.18165591776172776     
  0.56747826691176739       0.17558756590521973     
  0.56672687730567528       0.16761257894949472     
  0.57262336405934500       0.16387994130342826     
  0.58042984285141686       0.15994670812684234     
           5
  0.33831543507421641       0.18079189219615513     
  0.33089475159226095       0.17518468172491597     
  0.32967120353522195       0.16535822621473314     
  0.33388804163849128       0.15799327771896254     
  0.35442507278306551       0.16797058649536367     
           7
  0.15777843317217366       0.37318329476061174     
  0.15269496092281282       0.37326538679344196     
  0.13379295378319930       0.37624649071429300     
  0.13680838391638495       0.36458920925112742     
  0.13192067763403656       0.35574103863014389     
  0.14524585929566250       0.36134424863739134     
  0.15528976776245740       0.36183998985405130     
           4
  0.10242167932331385       0.56414313085889378     
   8.1954430731438280E-002  0.57491046870010520     
   8.2051560814453028E-002  0.55779133881288301     
   9.7189815854951969E-002  0.55768259777635087     
           6
  0.23151584211006798       0.84197293260623296     
  0.23084477829720426       0.84865567639318962     
  0.21661958225703273       0.85079340136138060     
  0.21326439372903694       0.83403328442770885     
  0.22105680130052571       0.82925996621296549     
  0.23310589181611180       0.83219694123621413     
           6
  0.54983413876625054       0.61062140309783663     
  0.54325845543077933       0.61526873660582748     
  0.53021421268713931       0.61830753514277115     
  0.52874619508067200       0.61055051021824702     
  0.52811933691920765       0.60086511932294973     
  0.54060101504194658       0.59518338931558146     
           8
  0.71863257670843628       0.45888144415582444     
  0.71349279615433725       0.45520953566250949     
  0.71059771693823315       0.44726204656236895     
  0.71492855988879878       0.44455333223508964     
  0.71194017715968372       0.43948649530742623     
  0.71635199902403301       0.43622862897250508     
  0.72622452968620321       0.43660439933445194     
  0.73198142719269343       0.44334447736653587     
           6
  0.47041337345740825       0.21940256434482225     
  0.45836768777440129       0.22132285063419246     
  0.45292429202394224       0.22064692180110343     
  0.44897116517761010       0.20894737881937300     
  0.46359959983114785       0.20241612877523635     
  0.46803555802739633       0.21205939383366121     
           3
  0.68687688292856552       0.35494231834089296     
  0.67565211464758412       0.35511666132942071     
  0.68421052631578949       0.34210526315789475     
           4
  0.55805515643997528       0.35439916600504179     
  0.55356483527891220       0.34751334859459826     
  0.56208120937946893       0.33494132047422343     
  0.57241816903772302       0.33817901111948939     
           8
  0.41683897137481635        1.0040951679529373     
  0.41451504296292013        1.0121791935475264     
  0.40515647247904829        1.0092517654285835     
  0.39796221728303038        1.0125621679513699     
  0.40022228886457001        1.0047754713744834     
  0.39565601573058812        1.0043749613189774     
  0.39625344707150056       0.99079361780391573     
  0.41888210379295376       0.98977126129897897     
           3
  0.30141258429798440       0.70739035663800665     
  0.28121210842144978       0.69817937454914603     
  0.28063204915333712       0.68952658654074528     
           3
  0.35129117170701801       0.38898792117700709     
  0.33981570067575073       0.39120580762799440     
  0.33419516437973967       0.37210716094244856     
           7
  0.66828928405671162       0.52862399421418993     
  0.66194273739811516       0.53534110735167562     
  0.65219327316457010       0.53481628901671241     
  0.64675740574842078       0.52974967531518358     
  0.64738177702589506       0.52382188691211196     
  0.65786624499672353       0.51876319436095031     
  0.66491399871440837       0.51448715820601232     
           6
  0.73055069755628155       0.67058344273720782     
  0.71948149265197547       0.66692346525891533     
  0.71139746787430524       0.66687194468412125     
  0.71257953180254818       0.66025552550536359     
  0.71506223255825063       0.64990253016826216     
  0.73393857271601637       0.66066242101346095     
           8
  0.71898575191693370       0.13085397415683092     
  0.72093514534332825       0.13827550855125531     
  0.71318772893342541       0.13988276178875861     
  0.70112792110042932       0.14010699251411385     
  0.69968942661340017       0.13105131746009679     
  0.70140572415942859       0.12222849899017552     
  0.71265530321810522       0.12010681796756331     
  0.72131422049577232       0.12052489459572162     
           6
  0.79074697152564544       0.20527844121010611     
  0.78514013508132918       0.20696216257914496     
  0.78582615521591004       0.18981151866799553     
  0.79161199934095938       0.18556369629440911     
  0.79762411608622308       0.18761721310502716     
  0.79861682117887767       0.19288019473305418     
           6
  0.62354705732935345       0.87621707479412159     
  0.60858034724483812       0.87925509957475645     
  0.60713430215941122       0.87421591686339140     
  0.60615536616147192       0.86471519081213277     
  0.62545180038345971       0.86634843996936117     
  0.62855080534260865       0.87158762257983313     
           3
  0.40750408025426987       0.79154930148684244     
  0.38258674726814074       0.79090928370092528     
  0.40270836002642829       0.78386183353566830     
           5
  0.40755559682981923       0.66174140193416753     
  0.40064038217860332       0.66797173482117778     
  0.38324258873635719       0.65864444528330068     
  0.38586573601635954       0.65222699083329660     
  0.40289052517182383       0.65041853389964310     
           5
  0.16090524488588406       0.23403690370637617     
  0.15522826383529473       0.23507482395489887     
  0.14917571623792489       0.23428085378074098     
  0.16372694087564774       0.21309098413740021     
  0.16958852942744679       0.22505350586806652     
           5
  0.19548567642251927       0.19723236590561166     
  0.18437414682865183       0.18918608887701749     
  0.19033592683651968       0.18311421779490025     
  0.20091068618190921       0.17691762198758471     
  0.20516258750466476       0.18281484510218660     
           4
  0.21052631578947367       0.25000000000000000     
  0.20113697952381798       0.25366968750353930     
  0.20210246581794200       0.24659228091043403     
  0.21980480237886338       0.24233530121750213     
           3
  0.28805044591472151       0.63896618740356004     
  0.27631578947368424       0.63157894736842102     
  0.26970047928601276       0.62481478562185822     
           8
  0.66885699939997845       0.40770452934903029     
  0.66344474635332962       0.40676642500555105     
  0.66091289252693008       0.40270403873278404     
  0.64717379223236204       0.40528242424690164     
  0.64793832555127795       0.39850887332913015     
  0.64873999856337450       0.38752902756081192     
  0.66325023567363606       0.38442654178343438     
  0.66811140272423408       0.39235580305775697     
           5
  0.67678956282505098       0.56418916926782237     
  0.66126801420927961       0.56351725162840594     
  0.66719726962797610       0.56066608871590795     
  0.67105263157894735       0.55263157894736847     
  0.68069328483116165       0.55724184024264556     
           8
  0.66767292088879127       0.20927731185637002     
  0.65975866013515561       0.20840683168053528     
  0.65203596258128382       0.20652181947326717     
  0.65061955469131194       0.20210126224646779     
  0.66104435947880347       0.18927088440536605     
  0.66830564560084593       0.18664241891024011     
  0.67038730930300916       0.19150068474046472     
  0.66640415489592142       0.19880552658786993     
           3
  0.63803568260045485       0.28866644713880280     
  0.63043902338954760       0.28421359141427921     
  0.63157894736842102       0.27631578947368424     
           5
  0.15830506998687091       0.51010875607885520     
  0.14775148039949612       0.50553115592553743     
  0.15956596951416796       0.49310437415468350     
  0.16725866417335736       0.48822445396284353     
  0.17024083596570280       0.49363959629309567     
           3
  0.19262687001453382       0.74932430358574209     
  0.19141034292421050       0.72657983605318566     
  0.19736842105263158       0.73684210526315785     
           5
  0.38791229404973837       0.52024369438440288     
  0.37032805430721338       0.51937902675716197     
  0.37151579000575941       0.50335253137059222     
  0.37931453594117165       0.50037257592796358     
  0.39092928876548849       0.50869847216036790     
           6
  0.71816348607445024       0.50454161123601482     
  0.72001311530554768       0.51099463031081060     
  0.71175777982033694       0.51195083957648990     
  0.69798545342274276       0.50595958990250334     
  0.70287320626946781       0.48940648807964354     
  0.71174420415250605       0.49325562972297254     
           7
  0.73141176083984205       0.75489371556748597     
  0.72879492837942927       0.76270882316896071     
  0.71559446077428479       0.75846436664751027     
  0.71376498077442474       0.75026903798805389     
  0.71475053084031626       0.74001300449744745     
  0.72587717749383684       0.74029290389224378     
  0.73404242765093874       0.74393762060631552     
           6
  0.87053242025980393       0.55038511157636039     
  0.87066917889522621       0.54470606394045284     
  0.87230431301353739       0.53333127179758899     
  0.87558030020667332       0.52814854986551729     
  0.88909206906879723       0.52765724794460611     
  0.89376461492498505       0.53367956538533590     
