   76.000000000000000     
   150.00000000000000     
          49
           8
   18.000000000000000     
   26.000000000000000     
   11.000000000000000     
   30.000000000000000     
   21.000000000000000     
   19.000000000000000     
   15.000000000000000     
   16.000000000000000     
   29.000000000000000     
   26.000000000000000     
   37.000000000000000     
   16.000000000000000     
   12.000000000000000     
   31.000000000000000     
   8.0000000000000000     
   19.000000000000000     
   20.000000000000000     
   13.000000000000000     
   15.000000000000000     
   22.000000000000000     
   28.000000000000000     
   12.000000000000000     
   6.0000000000000000     
   27.000000000000000     
   14.000000000000000     
   18.000000000000000     
   17.000000000000000     
   29.000000000000000     
   13.000000000000000     
   22.000000000000000     
   25.000000000000000     
   28.000000000000000     
   27.000000000000000     
   19.000000000000000     
   10.000000000000000     
   12.000000000000000     
   14.000000000000000     
   24.000000000000000     
   16.000000000000000     
   33.000000000000000     
   15.000000000000000     
   11.000000000000000     
   18.000000000000000     
   17.000000000000000     
   21.000000000000000     
   27.000000000000000     
   19.000000000000000     
   20.000000000000000     
   5.0000000000000000     
           1
  0.52631578947368418       0.52631578947368418     
           8
  0.29823771074858030       0.28836095643582249     
  0.28873103883926671       0.29688447519166400     
  0.28248814146039442       0.29611997443866023     
  0.27865094165998117       0.30077696426792910     
  0.27952266846796220       0.28179770700937012     
  0.27774730787364937       0.27682615436988151     
  0.28795128608027970       0.27782096352419072     
  0.29410763397733730       0.27797511326472563     
           6
  0.47496714346677177       0.35360499825151437     
  0.46608096212026734       0.35287823616496944     
  0.46350993953006703       0.34706903242004261     
  0.46802794721901075       0.33428925507377133     
  0.47453809563251270       0.33483770478298513     
  0.48274145183965506       0.33574808376463150     
           4
  0.26891806962172771       0.60388301889940654     
  0.26546313572238489       0.59402151012406168     
  0.27499277105602732       0.58197280249684258     
  0.28356593165109256       0.59260690834160190     
           8
  0.60385274764715147       0.46443188824961623     
  0.60059350159950509       0.47193582577831011     
  0.59394589379547402       0.47197140474030286     
  0.58145532733669381       0.46813871624167830     
  0.58205135681375797       0.46320719295259383     
  0.58922366662178272       0.45381839961226272     
  0.60074203406992155       0.44973893794011166     
  0.60195674592073500       0.45709642848961390     
           3
  0.73382812623797988       0.26730816258111667     
  0.71134665393044760       0.26045033738011109     
  0.72711963105187361       0.25663531107673870     
           5
  0.43499445725660363       0.45876035389280095     
  0.42729781498735253       0.45774850280053481     
  0.42473724114514966       0.44579805791792759     
  0.42783284411813260       0.44020995958830023     
  0.44266556668870288       0.44607803664434731     
           3
  0.66946139930596060       0.66060192859629430     
  0.65789473684210531       0.65789473684210531     
  0.66739985007316849       0.64913928835225754     
           8
  0.73158037425379496       0.59701970473569810     
  0.73541961612742246       0.60071907531263591     
  0.72573018049719429       0.60137490097838542     
  0.71617985851876498       0.60328510303008220     
  0.71625513022369391       0.59610320665588190     
  0.71650046054333483       0.59097239625753373     
  0.71161984798513811       0.58520693650294431     
  0.72031109047992536       0.58115669493433997     
           4
  0.34613792054635495       0.78515421630957583     
  0.33414826363835143       0.78752477788405906     
  0.33469149923259800       0.77808844563064183     
  0.34512966412924850       0.76841481008170287     
           8
  0.53508166667572732       0.87244767041878390     
  0.53417675565508949       0.87895991174725296     
  0.52745785766597053       0.87520049874069261     
  0.52130023778200785       0.87963282918917707     
  0.51859738679443834       0.86518869973653767     
  0.51844720047383874       0.85958932754743911     
  0.53276366338301562       0.86091248644120189     
  0.53849642965365874       0.85627560564362504     
           8
  0.73333688081576742       0.85984659981981393     
  0.72812923025952503       0.86208349704742482     
  0.72013755900471765       0.86178942965412875     
  0.71193416462696546       0.86023751723407371     
  0.71302696051743553       0.84380506243723385     
  0.72940116365089080       0.84450238369085229     
  0.73020946092869476       0.84998310513295350     
  0.73557010508038267       0.84859792021948333     
           4
  0.46323362720616662       0.68256891251350471     
  0.45108511839069992       0.66352140400415349     
  0.46140948678518112       0.66266250022380602     
  0.47330836007874766       0.66641281296767385     
           3
  0.81931868318238965       0.47242914871182895     
  0.81187691943489249       0.47097453550959989     
  0.81578947368421051       0.46052631578947367     
           4
  0.81833754388223845       0.75951982158696785     
  0.80921331559645115       0.75651182305310538     
  0.81407888979284415       0.74321041291246293     
  0.82410357787659372       0.74278876292202789     
           6
  0.81691487211709879       0.32801267873694051     
  0.81058839648230874       0.32464569241321023     
  0.80902918140918367       0.31736493975773866     
  0.80626505286989136       0.31161956267692886     
  0.81099350364241152       0.30454877279858039     
  0.81983166932406737       0.30318394301265000     
           8
  0.28469105547270074       0.48179365746288133     
  0.28036392826660061       0.48307096101289176     
  0.26505717566618336       0.48136275237515497     
  0.26790861822392881       0.47460328364653037     
  0.27844399096833933       0.46292180682309003     
  0.28321306567982130       0.46353369236178010     
  0.28910827635674585       0.46279971697306987     
  0.28435365083518183       0.47135248944484176     
           5
  0.43873746709349498       0.58648220488839931     
  0.42307115241508098       0.59140418768929170     
  0.42190056164202250       0.57261149193991234     
  0.42411399448778964       0.56627036911650130     
  0.44584781565215026       0.57430125757156125     
           7
  0.12631553924620373       0.73953407520205505     
  0.11436005534738464       0.74502559184152095     
  0.11083641598271143       0.74884571195654503     
  0.10563209715122598       0.72918461486091457     
  0.11682166857692829       0.72952515833888965     
  0.12908612716673251       0.72401845220280148     
  0.12540214577782996       0.73330563795526149     
           4
  0.82840645684313641       0.63098647016949194     
  0.82868045524942202       0.64031443812929578     
  0.80732652134172211       0.62971670268516533     
  0.80458383954653689       0.62092005634977188     
           8
  0.87904537108757619       0.18744808169309185     
  0.87918331106264658       0.19494123740892055     
  0.87163645177748217       0.19274988173290636     
  0.85986872760886557       0.18621796314678568     
  0.85615159040856137       0.18351547286361955     
  0.86201990636643877       0.17216294422515108     
  0.86569859017768191       0.17769842716822701     
  0.88013987597430199       0.17377396286112715     
           6
  0.59183622777532374       0.17008488716967088     
  0.57925234255456959       0.18169437654451531     
  0.56800942259335652       0.16752697628669833     
  0.56997249073404166       0.15959804006734976     
  0.57610577822658005       0.16164743261987791     
  0.58945986500569336       0.16436301058588104     
           8
  0.34861677788387957       0.16859994259980132     
  0.35478127419654248       0.17588069289756969     
  0.35011004354995273       0.18395386742396258     
  0.33348306165309527       0.16706041868873114     
  0.33793367462667201       0.16402728076396719     
  0.34143108584939258       0.16079176862595454     
  0.35140949986130693       0.16158471643395361     
  0.35465557957555682       0.16647709044881842     
           8
  0.15410084454067213       0.37677475918827691     
  0.15141612176349972       0.38139905673058716     
  0.14772058028996127       0.37814924873799804     
  0.13522670517564281       0.37063751481691820     
  0.13786972828457814       0.36621552403336449     
  0.14191075424439642       0.35991593354171947     
  0.14369173908521088       0.35555514071624772     
  0.15431489047277916       0.36514252959709442     
           6
  0.10137456115476867       0.56629629215230237     
   9.2776138507783282E-002  0.57248386946009222     
   8.0403172094651143E-002  0.57183307623316737     
   8.1569200796712690E-002  0.56588057294605343     
   9.3760641645817641E-002  0.55350861178500799     
   9.9492215474833237E-002  0.55479512865864589     
           5
  0.23486172988659021       0.84760486734122120     
  0.23128871424470568       0.85243034770705095     
  0.21356861073161718       0.84649488090494973     
  0.22231815159649329       0.83560430945357078     
  0.23409487614582355       0.83761704206743004     
           4
  0.55199375170761411       0.61158929076111856     
  0.53601685827788659       0.61553178522234520     
  0.53087008099377275       0.60227520293841386     
  0.53947368421052633       0.60526315789473684     
           8
  0.73176557305890588       0.44914748759896300     
  0.73620272037960055       0.45347999862629540     
  0.72719469618573263       0.45615686514960285     
  0.71862217512067472       0.45627134013829029     
  0.71304741794511128       0.44219637918289278     
  0.71752116980449576       0.43858703346314892     
  0.72436170553289325       0.43549556627633912     
  0.73587785657078197       0.44609442574034203     
           6
  0.47062244118434898       0.21637241660291437     
  0.46321332211029725       0.21831678380478495     
  0.45524497610866504       0.22057878496102346     
  0.44902444235443534       0.20620826200988240     
  0.45959277691359451       0.20325595947380465     
  0.46243195062485898       0.19801210077527454     
           3
  0.69295306717740712       0.34338946897997408     
  0.67279852112600080       0.34224648923245787     
  0.69202229046029307       0.33061317530336093     
           8
  0.57343358045608994       0.34295500099167231     
  0.57580094902339818       0.35329990377167886     
  0.56609575030968440       0.34867322633960801     
  0.55460190845163115       0.34951805491012339     
  0.55342081296232926       0.33592594198787828     
  0.55883842858085320       0.33136392832545736     
  0.56473084424298836       0.33558366758096264     
  0.56917977444522316       0.33023295581609663     
           6
  0.41848528595188217        1.0069009637506201     
  0.41163702488864490        1.0099765488080703     
  0.40330397926499323        1.0104163313253127     
  0.39913545707251674        1.0029973960931602     
  0.39665216053055730       0.99160833118057667     
  0.42073574090370647       0.99963603892479025     
           6
  0.30016898477839726       0.69922318188893540     
  0.28872511443901544       0.70906687342888575     
  0.27884389099712875       0.70597569749700750     
  0.28224602321509734       0.68523656286220969     
  0.29062560130276077       0.68792497985797862     
  0.30226807064062283       0.69244485041051407     
           7
  0.35204531203675132       0.38668821800151876     
  0.34789309979398780       0.39374296655113533     
  0.33253693468027518       0.39243109829885398     
  0.34814191183667037       0.36923518300056229     
  0.34914205452663499       0.37943099767810540     
  0.35397096663219929       0.37310416548605146     
  0.35492621427695786       0.38172711441229729     
           5
  0.66805895465112386       0.53414147419896429     
  0.65878497814225823       0.53289720851474320     
  0.64572982855001926       0.51725469408810298     
  0.66190948661654958       0.51979335269244287     
  0.66867417552971575       0.51421790302923154     
           3
  0.72986723557409583       0.66501078051671614     
  0.71386511968977062       0.66047570622461305     
  0.72368421052631582       0.65789473684210531     
           8
  0.72033801815118303       0.13464372497381036     
  0.71195603321130729       0.14343287105642666     
  0.70429778074567650       0.13851934679978720     
  0.69813444912628830       0.12484883226724738     
  0.70267475158285131       0.12327051683620924     
  0.70923572598292561       0.12121410742050752     
  0.72213547737639294       0.12155550553565450     
  0.71747943438862605       0.12524002085364397     
           6
  0.79671176657904386       0.20289897104522603     
  0.80169892776968876       0.20785857315234307     
  0.78682155384369379       0.20451332450120011     
  0.78102796580766831       0.19954459458858120     
  0.78006969130730874       0.19197881178533219     
  0.80200390541626421       0.19259458647026231     
           7
  0.63004336561977481       0.87171509921762735     
  0.62720109117820999       0.87677451196798617     
  0.60927980590559105       0.86499654631161693     
  0.61021098727711376       0.85860910252830458     
  0.61522104455850313       0.85891184021177980     
  0.62353261855521125       0.86110512111565729     
  0.62956248990809516       0.86467864949148177     
           3
  0.38971496092365870       0.79816477996481017     
  0.38473623317679617       0.77915748288100184     
  0.40303579760742508       0.78730605162825307     
           4
  0.40409459909379397       0.66514027413504528     
  0.38268548687947140       0.66189224704261318     
  0.38408129132328395       0.64903078380553247     
  0.39984825849006056       0.64806550612876856     
           6
  0.16736231479790292       0.23319249326006705     
  0.15047959182265513       0.22820958135179864     
  0.14618452936756546       0.22313910894232419     
  0.16059775667076334       0.21500129956744027     
  0.16500815040814990       0.21108732570945699     
  0.17077560578315570       0.21824541163935138     
           8
  0.20655780344314342       0.19174348208563577     
  0.20457137071795783       0.19645530817320600     
  0.19687017900048984       0.19687517321307085     
  0.19045706217527719       0.19135648930407145     
  0.19017847529171919       0.18280427613994521     
  0.19956628323303341       0.17582088325911069     
  0.20573012683673286       0.17213155400697189     
  0.20999107337532716       0.17504062817635002     
           4
  0.22298338842012258       0.26212674090918503     
  0.20681621816419826       0.26175260232529923     
  0.20291869987734834       0.23929782658093088     
  0.22255306630170907       0.24790731776166838     
           8
  0.28459329286343032       0.63237235887549426     
  0.28846352825656524       0.63768452972610301     
  0.28331284516510896       0.63667733575049856     
  0.26668197689080131       0.63235983352299929     
  0.26720339961986556       0.61982137361303025     
  0.27608509921446100       0.62311762367891876     
  0.28009074589160887       0.61938800374613845     
  0.28405060793191783       0.62509891559556952     
           3
  0.65151969603371740       0.40600744598063354     
  0.64519575761398873       0.39335390498299155     
  0.66997993997867089       0.38839638101590179     
           4
  0.67329648194456160       0.56418720572813585     
  0.66258736712764177       0.56383924958303355     
  0.66400943916564004       0.55105625204950148     
  0.67859285715119955       0.54718918964120089     
           5
  0.66003345162537075       0.20751427439730477     
  0.64996993438303807       0.20445335869088518     
  0.64665896162157321       0.19942363251866774     
  0.65245778889721817       0.18858920629820811     
  0.66669759915240212       0.19984941475267567     
           8
  0.63991364815342078       0.27772955114536563     
  0.64072517436012366       0.28554935238025247     
  0.63237504211097184       0.28442662526668749     
  0.62146835846676729       0.28702919431219698     
  0.62219346717466972       0.27049211895210673     
  0.62867567747060971       0.26885038067709599     
  0.63491221929182040       0.26665608022982346     
  0.64430850419165397       0.27232110866069831     
           4
  0.16156270214110532       0.50714280792199173     
  0.14599827444443342       0.51080486197015507     
  0.15789473684210525       0.50000000000000000     
  0.16679783623764785       0.49945601863937417     
