   76.000000000000000     
   160.00000000000000     
          54
           8
   18.000000000000000     
   26.000000000000000     
   11.000000000000000     
   30.000000000000000     
   21.000000000000000     
   19.000000000000000     
   15.000000000000000     
   16.000000000000000     
   29.000000000000000     
   26.000000000000000     
   37.000000000000000     
   16.000000000000000     
   12.000000000000000     
   31.000000000000000     
   8.0000000000000000     
   19.000000000000000     
   20.000000000000000     
   13.000000000000000     
   15.000000000000000     
   22.000000000000000     
   28.000000000000000     
   12.000000000000000     
   6.0000000000000000     
   27.000000000000000     
   14.000000000000000     
   18.000000000000000     
   17.000000000000000     
   29.000000000000000     
   13.000000000000000     
   22.000000000000000     
   25.000000000000000     
   28.000000000000000     
   27.000000000000000     
   19.000000000000000     
   10.000000000000000     
   12.000000000000000     
   14.000000000000000     
   24.000000000000000     
   16.000000000000000     
   33.000000000000000     
   15.000000000000000     
   11.000000000000000     
   18.000000000000000     
   17.000000000000000     
   21.000000000000000     
   27.000000000000000     
   19.000000000000000     
   20.000000000000000     
   5.0000000000000000     
   22.000000000000000     
   12.000000000000000     
   19.000000000000000     
   22.000000000000000     
   16.000000000000000     
           1
  0.52631578947368418       0.52631578947368418     
           8
  0.29774836330404153       0.29941895226300008     
  0.29180183291615763       0.29995238719016132     
  0.28385956411060931       0.29966041712379110     
  0.27883543644621878       0.30215951169802024     
  0.28170442866223794       0.29060486913114331     
  0.28150295599249542       0.28217421876778342     
  0.29376064163756699       0.28232962544234586     
  0.30101136890007829       0.28552556726490308     
           8
  0.48558085999558936       0.34898581682394358     
  0.47752799863732925       0.34902028782600664     
  0.47248202357460917       0.35090447759103877     
  0.46776316845211191       0.35207871896005105     
  0.46095206984504239       0.35386745100915495     
  0.46809696654574467       0.33268909531326185     
  0.48314311512764685       0.32939602006685742     
  0.48260616219415831       0.33826664017977720     
           6
  0.27656407338131683       0.60177600267928921     
  0.26961275584111122       0.60345431853261877     
  0.26446036441258192       0.59730248286954313     
  0.26398954300180688       0.59173876856174479     
  0.26985290537714135       0.58114618260744710     
  0.28909225835500102       0.59221851883501120     
           4
  0.59976075191010747       0.45873984679398960     
  0.57940571729643142       0.47024816181752094     
  0.59168231140706928       0.44780771027148564     
  0.59548395342353222       0.45333807012244981     
           7
  0.73123142900674709       0.27454456248377029     
  0.72562430800641553       0.27144575090273448     
  0.71974158544594768       0.27085826439097638     
  0.71108227882717667       0.26389653182992817     
  0.71916876809062802       0.25300090508298473     
  0.73405620430520191       0.25298482424193497     
  0.73127558569178441       0.25735345015443867     
           6
  0.44659634929086972       0.45404979115320709     
  0.43552746239967499       0.45573466003723562     
  0.42311252563569651       0.45723157006518050     
  0.42533683080128604       0.45054795883229204     
  0.43298526234431900       0.43488648322824830     
  0.44706464465431928       0.44334210798474483     
           5
  0.66284312113373389       0.66538690407307610     
  0.65002151500187644       0.66598440792468450     
  0.65065051372249316       0.65927841665015818     
  0.65501500565963455       0.64606286140663338     
  0.66613231568621001       0.64652535126893851     
           6
  0.73071539658566254       0.59739928407564458     
  0.72105487570077642       0.59926417107152918     
  0.71064776440099264       0.59526243774639342     
  0.71159292817953224       0.58701495071796161     
  0.72974559002209105       0.58423368191026548     
  0.73108579045080979       0.59084555405752359     
           7
  0.35438026413579077       0.77946732739500657     
  0.34164771021008244       0.78428410441439267     
  0.33101663207413018       0.78655046444245380     
  0.33427024063999528       0.77182447288407108     
  0.33825970028311664       0.76575621336378319     
  0.34659000873101836       0.76804435176662411     
  0.35308367805550966       0.77273317161031119     
           8
  0.53419123030808957       0.87144215997847030     
  0.53782641946785970       0.88107450909845986     
  0.51855741200512739       0.86909296414341264     
  0.52154493651827483       0.85973576530293372     
  0.52858828267811919       0.85993354429220936     
  0.53388033388928724       0.85679815374136392     
  0.53456143600145756       0.86172582686588950     
  0.53818225483859594       0.86549108281513598     
           6
  0.72368421052631582       0.85526315789473684     
  0.71668506595087456       0.86481278175323439     
  0.71144508877095136       0.85290449807194968     
  0.71702848712954759       0.85005506884422610     
  0.72696128655580783       0.84219664029012309     
  0.72404213104524640       0.84854094900551991     
           8
  0.46872753687808810       0.67703156762045624     
  0.47320053190889427       0.68073979295016007     
  0.46594239628941453       0.68395099517115343     
  0.46047709908985829       0.68175173027650293     
  0.44939082965223204       0.67931082043312130     
  0.45230778368831603       0.66215021009933461     
  0.46323821577661883       0.66382078211027440     
  0.47237535884717036       0.66332862354626931     
           7
  0.82515438842654287       0.46534618777853615     
  0.80941498243053811       0.46888846970411335     
  0.80292168585272372       0.47046440325903516     
  0.80344290479429126       0.45899138015570046     
  0.80752891215480227       0.45220005160757570     
  0.81916175883023923       0.45042274454711023     
  0.82562451015238603       0.45915029743554886     
           4
  0.82395178135365132       0.75655809805224672     
  0.80402770199687434       0.75819667725163342     
  0.80360897578407842       0.73794503801333000     
  0.81890621545755926       0.73913527141089674     
           6
  0.82603465458348291       0.32135048916564740     
  0.81469783870751333       0.32358025760433096     
  0.80332535856703324       0.32862997063183730     
  0.80775076484146469       0.31803036524711920     
  0.80472796867258622       0.31062220450989653     
  0.82859677673004684       0.31045493399055285     
           7
  0.27908493742956775       0.48599929443422102     
  0.26974316340769233       0.47734732394215729     
  0.26516781056165944       0.48144737298005030     
  0.26460104885536367       0.46063178712574937     
  0.27330075501508100       0.46580772638756462     
  0.28396128339399090       0.46101788122090120     
  0.28886461068959718       0.47056962244240369     
           5
  0.44118376563592732       0.57913410058738390     
  0.44414419492476714       0.58569730541367049     
  0.42564986876685912       0.58039612916974226     
  0.42177942447597849       0.57059665977032770     
  0.43252411325318840       0.56636111301741376     
           5
  0.11847321268856886       0.74942815726480405     
  0.10939334883695140       0.74380859132211918     
  0.10984124389462981       0.73062340804991499     
  0.11263116222732862       0.72545188456390031     
  0.12148625241954307       0.72377926575658802     
           7
  0.82849629851106232       0.63945917616443415     
  0.81752228881128630       0.63852832595095288     
  0.81103519386712042       0.63959959654732967     
  0.80711349510972563       0.63243434588576219     
  0.80518580648663962       0.62323112178296158     
  0.82422639430781097       0.61901021970330516     
  0.82472683223501952       0.62484500718256075     
           7
  0.87832679110075895       0.19284844233341625     
  0.87480457490999308       0.19671342885016432     
  0.86547714897104722       0.19355476885248171     
  0.85538346410005739       0.19435115984993503     
  0.85626140236737025       0.18215134230038821     
  0.85704929058040036       0.17514529792506350     
  0.87906758161101639       0.17978770513171949     
           7
  0.59071136753999620       0.17410854065812359     
  0.58519512870508894       0.17980124786065110     
  0.57776850612526875       0.17911113926650210     
  0.56827158200232608       0.18123941238560609     
  0.56877272149216074       0.17268148299896033     
  0.56683886585083998       0.16456470311467822     
  0.56600967825461102       0.15823289205119226     
           7
  0.35391000437504111       0.17808010716831510     
  0.33214940472607002       0.18411656406064439     
  0.33232021536951506       0.17470425696927497     
  0.33503831864312683       0.16699551184134853     
  0.33460641267553348       0.16088665302515667     
  0.34718646220782801       0.15894876830329752     
  0.35206296738608478       0.16282714191373415     
           3
  0.14473684210526316       0.36842105263157893     
  0.13401233431479739       0.37144801621393547     
  0.15360563064266816       0.36132161375363858     
           7
   9.9996834762944645E-002  0.57808164402928652     
   8.9733221033196947E-002  0.57692661743384532     
   8.3747117875053526E-002  0.56695750067129069     
   8.1910057172725176E-002  0.56227270523829231     
   8.5224904770656695E-002  0.55561980864371630     
  0.10264232968826419       0.55450286558759299     
   9.8913073110972166E-002  0.56109610544883348     
           3
  0.21734099245181229       0.85239814091507715     
  0.22256038476325954       0.83254309919070757     
  0.23547851186146113       0.83077292149112070     
           4
  0.54563905332310525       0.61700899138343335     
  0.53360887044397365       0.61764610318158486     
  0.53157130573042710       0.59462702128050171     
  0.55015750803676933       0.59924170883199857     
           8
  0.73033236427812054       0.45627291004283460     
  0.72407261815335910       0.45554931968662571     
  0.71928539451598861       0.45974464816923688     
  0.71437304360749254       0.45563632464526804     
  0.71326956360632165       0.44763493007927629     
  0.72448915499914723       0.43900426762399031     
  0.73245938671879141       0.43795909629367447     
  0.73645682731805828       0.43510736709787984     
           7
  0.46762435295514676       0.21348004406877283     
  0.47106311417536245       0.22091688332884513     
  0.46504625973948471       0.21778864013547949     
  0.45920118456899789       0.22152771889435716     
  0.45054829865225871       0.21774320569175740     
  0.44799550687772371       0.20216716409913982     
  0.46723088839830867       0.19885897775537081     
           3
  0.68062774045975305       0.34914721406226074     
  0.68816230252016886       0.33110457845253860     
  0.69310903028997051       0.33693945164731337     
           6
  0.57683552065041677       0.34930798544316644     
  0.57129398436143430       0.34876846076366602     
  0.55488611339102212       0.35030440456610318     
  0.55366283088139334       0.34494100437855629     
  0.55567686577044795       0.33906864495848521     
  0.55955886211133632       0.33355237945788230     
           7
  0.41980713100859507        1.0096628805544055     
  0.40782379659881818        1.0121658191221772     
  0.39897784718029350        1.0103641417983824     
  0.39708559592554488       0.99452752912407250     
  0.40852682615517633       0.99286984787372856     
  0.41504636738622830       0.98726184260137462     
  0.41604690440219882       0.99323655978790115     
           6
  0.29701468393859082       0.70897203746116821     
  0.28838546574712909       0.71021278416034617     
  0.28057865009184735       0.70848435736844018     
  0.28084625371124089       0.70247104184957476     
  0.27859448636625600       0.69272376266677949     
  0.29558171684669204       0.68807977267367992     
           4
  0.33944954782672582       0.39048665584815800     
  0.32954432894775015       0.39058150400847408     
  0.33453629699062759       0.37125324911315516     
  0.34456634278281956       0.37441393758140296     
           3
  0.64502869136448748       0.53935373849671731     
  0.66397330204343830       0.51926168238812076     
  0.65789473684210531       0.52631578947368418     
           5
  0.71950499460368267       0.66916256876386315     
  0.71227466202605283       0.66834965675239277     
  0.71387535822141968       0.65422205197643080     
  0.73444554132448625       0.64533896883920683     
  0.73436961059145855       0.65218125504404700     
           3
  0.71935222098672558       0.13688784836618939     
  0.70256262109676226       0.13775642228008614     
  0.71052631578947367       0.13157894736842105     
           6
  0.79495963244220103       0.20625915538441733     
  0.78658116538213207       0.20626949988199345     
  0.78032284304945132       0.20329170310485384     
  0.77695862523890491       0.19187971387720906     
  0.78425258048379787       0.18845971775939099     
  0.80139958380201537       0.19836206026695891     
           4
  0.63084262395285118       0.87369563896361258     
  0.62351768604709323       0.88006765237357931     
  0.60977612922865509       0.86754312112449339     
  0.62580242517728057       0.86792636715996363     
           8
  0.40525261291360232       0.78684419486538881     
  0.40520985441572538       0.80135075887666241     
  0.38958677827913873       0.79625799385792717     
  0.38783203520118215       0.78733987534961614     
  0.38192069505757525       0.77708650762385079     
  0.39374994370186178       0.77706822078478766     
  0.39834888000859842       0.77657719695769778     
  0.40372682219367206       0.77689800910139484     
           7
  0.40246013585682250       0.66980005519857855     
  0.39442276770668899       0.66839007596035660     
  0.38910237644533335       0.66652408161262888     
  0.38540663461167729       0.66035425946839921     
  0.38758723625054925       0.65229411252266756     
  0.39764803831953138       0.64869794655402258     
  0.40410769717693507       0.65781820435008231     
           4
  0.15789473684210525       0.22368421052631579     
  0.15374085937799833       0.21568955621716776     
  0.14848886188284463       0.21122687383629385     
  0.16741153675333362       0.21521788374761000     
           8
  0.20694838627847356       0.19000844534872635     
  0.20311476324091368       0.19683454229396816     
  0.19851544195810242       0.19085527323539275     
  0.19304422497410711       0.19389771096309413     
  0.18706020147198404       0.19269749301216796     
  0.18659254778003245       0.18800586912487688     
  0.20039787733495298       0.17263582568878988     
  0.20532463112090812       0.18315839136699222     
           3
  0.21265954819689389       0.25750546925535950     
  0.20101463573920339       0.23978033343928923     
  0.22192947939663288       0.23696972461172142     
           6
  0.28799911982758708       0.64039667837772818     
  0.28035144779965010       0.64263944427636877     
  0.27516051329663865       0.64329115385419489     
  0.26680829176769022       0.63928418121366892     
  0.26958084828175022       0.63033525101220422     
  0.27296095031194340       0.62069064069564728     
           5
  0.66817994442591178       0.39224546656644199     
  0.66606357926520909       0.40638902528059112     
  0.64546967844630609       0.38322277727059822     
  0.65337006352779359       0.38653975495405046     
  0.66092911734078941       0.38737180611922706     
           3
  0.67997456037306103       0.54840851720781725     
  0.67105263157894735       0.55263157894736847     
  0.65972584283906732       0.54010027579969078     
           6
  0.67059346707573642       0.20012222119975787     
  0.65302514825324409       0.20500165733667411     
  0.64633077176078046       0.20474797538074294     
  0.64868535422487039       0.18818900655615850     
  0.65887399165109461       0.18604353611174002     
  0.66867044661980923       0.19082524276664781     
           6
  0.64444139913311482       0.28142997033131739     
  0.64186973017978777       0.28897562377264452     
  0.62105542225487109       0.27953809398137464     
  0.62393884773285502       0.27490836595332230     
  0.62021954210551256       0.26546006216022588     
  0.62521431675248607       0.26711852238540523     
           8
  0.16542490003137333       0.51276106831423074     
  0.16100946072825589       0.50758840111738590     
  0.15341950759231462       0.51110902765715094     
  0.14741962195174044       0.50515264798304427     
  0.14789270853228048       0.49641931068703854     
  0.15411301950713319       0.48895333458823431     
  0.16835849585134896       0.48727624069924869     
  0.16648170318931313       0.49559727644715645     
           3
  0.20246655425806892       0.74751179431984383     
  0.18943881934800838       0.73997507267947760     
  0.19736842105263158       0.73684210526315785     
           3
  0.38157894736842107       0.51315789473684215     
  0.36859687627880350       0.51376049714314820     
  0.37916376625672921       0.50622284198396261     
           6
  0.71842680864869579       0.50512840968259776     
  0.72265838489537493       0.50981251817216033     
  0.70862623776218414       0.50972211238018350     
  0.69785292789030329       0.50423275960176983     
  0.71117529158412562       0.48865826465607970     
  0.72062470772812104       0.49976366696811025     
           5
  0.73647809922751251       0.75486548925191621     
  0.71901883374842435       0.75973287340885043     
  0.71100357245981372       0.73711471694823916     
  0.71944610432315714       0.74030244426119840     
  0.73521577290870122       0.74788978619516466     
           6
  0.88984073078763426       0.54215239364890622     
  0.88320580438460572       0.54608892777525142     
  0.86894945005820090       0.54822693447072368     
  0.87042124240299745       0.54087434672588952     
  0.87255954576195460       0.52887176715803597     
  0.88902224756004111       0.53244174679169776     
