   76.000000000000000     
   120.00000000000000     
          49
           8
   18.000000000000000     
   26.000000000000000     
   11.000000000000000     
   30.000000000000000     
   21.000000000000000     
   19.000000000000000     
   15.000000000000000     
   16.000000000000000     
   29.000000000000000     
   26.000000000000000     
   37.000000000000000     
   16.000000000000000     
   12.000000000000000     
   31.000000000000000     
   8.0000000000000000     
   19.000000000000000     
   20.000000000000000     
   13.000000000000000     
   15.000000000000000     
   22.000000000000000     
   28.000000000000000     
   12.000000000000000     
   6.0000000000000000     
   27.000000000000000     
   14.000000000000000     
   18.000000000000000     
   17.000000000000000     
   29.000000000000000     
   13.000000000000000     
   22.000000000000000     
   25.000000000000000     
   28.000000000000000     
   27.000000000000000     
   19.000000000000000     
   10.000000000000000     
   12.000000000000000     
   14.000000000000000     
   24.000000000000000     
   16.000000000000000     
   33.000000000000000     
   15.000000000000000     
   11.000000000000000     
   18.000000000000000     
   17.000000000000000     
   21.000000000000000     
   27.000000000000000     
   19.000000000000000     
   20.000000000000000     
   5.0000000000000000     
           1
  0.52631578947368418       0.52631578947368418     
           8
  0.29903034198354306       0.29019013688864581     
  0.29867223540639359       0.29531816696250895     
  0.28017571070189484       0.30034808065071844     
  0.28129355003079282       0.28938446984031574     
  0.27742456295080514       0.27908793395038528     
  0.29754034247389716       0.27780097492881295     
  0.30205299853937029       0.27893551833075830     
  0.29727814753975923       0.28510061462446928     
           7
  0.47721787492276929       0.35098727906488936     
  0.46121591504584908       0.34907422123011544     
  0.46614526395225381       0.34307903397600908     
  0.46118281782639386       0.33806930003849583     
  0.47463219094936587       0.33244708476465634     
  0.48204897630686105       0.32952612287453725     
  0.48229673460131633       0.33923752107805355     
           7
  0.28360784560432073       0.59600608942855904     
  0.28467718503241157       0.60077709709391613     
  0.27772668671737682       0.59922562208220753     
  0.26663749467337472       0.59825168005184015     
  0.26770290177903050       0.58886167276037416     
  0.26382031720823590       0.58371498581860948     
  0.27555841071859394       0.58557494903645857     
           8
  0.60082038745007293       0.46838599292387545     
  0.60382384557962610       0.47200535733446791     
  0.59231431695512526       0.46885034326431718     
  0.58546607009856100       0.47216469987391524     
  0.58097910928576113       0.46148927837635656     
  0.58256659282088907       0.45054755393102108     
  0.59321062783632139       0.44761937885964453     
  0.60056943536254148       0.45692604269824688     
           8
  0.73090197747343322       0.26478909061399120     
  0.73347450518506441       0.26993010614310009     
  0.72776953797585942       0.27442005865149677     
  0.71465755467919423       0.26426974579522927     
  0.71593480517483787       0.25815891172559724     
  0.71471549325168870       0.25138229774325377     
  0.72194561735102414       0.25298202659619418     
  0.72694792540618169       0.25286733952303864     
           5
  0.43459125959425221       0.45902067400556024     
  0.42209907263167529       0.45391694229965113     
  0.42553116640851957       0.44341120970476577     
  0.44708504977080266       0.43914009475512622     
  0.44471415098431227       0.44735709049273659     
           4
  0.66881296823161396       0.66762178590779642     
  0.65040261392653265       0.66689081275784801     
  0.65013000186180137       0.65489832319643992     
  0.66625359401296513       0.64986864999395366     
           6
  0.73641993680584017       0.58794157781696610     
  0.71415285563443132       0.60121813103163768     
  0.71546402054153957       0.59388200014840553     
  0.71386907503306118       0.58326939491220253     
  0.71967139133458224       0.57914549838223162     
  0.72510941739598944       0.58007986490191876     
           5
  0.35160183434574033       0.77978280525296129     
  0.34816966733500837       0.78905769589775432     
  0.33428852289207484       0.78206852171111474     
  0.33404505886980879       0.76663666387923179     
  0.34831206997063752       0.76769573120570100     
           7
  0.53328226678272095       0.87888385030848848     
  0.52642602973057018       0.87773081021736776     
  0.51429882938898774       0.87927288892350131     
  0.51869161440866629       0.86502160169574083     
  0.51520907758460743       0.85860349109803558     
  0.52512725373144276       0.85960444059402474     
  0.53572046849133503       0.85937744610774924     
           8
  0.73334192725572156       0.86676782381621986     
  0.72492678252657583       0.86350043782860864     
  0.72053636740966898       0.86565315273256827     
  0.71200028959222261       0.85511495182043451     
  0.71192397570994803       0.84478097354874349     
  0.71688474871291286       0.84763529509178348     
  0.72352586586893608       0.84237045148087941     
  0.73258693550650433       0.84842637767848761     
           8
  0.47141776070873764       0.67198046501732978     
  0.46203769206712036       0.67921444738303915     
  0.45986429701112569       0.68338683619662233     
  0.45056985299086921       0.67568703992507018     
  0.44935968162900053       0.66674725475821017     
  0.44979969944501930       0.66216891882556594     
  0.45751641388115744       0.66299174543101402     
  0.46535193584550832       0.66132586266747606     
           6
  0.82683096857628624       0.46476192414583173     
  0.82236659458402894       0.47019649804616781     
  0.81150467847560681       0.47222888195876228     
  0.80536915633991379       0.45858660601189449     
  0.80311937980206294       0.45128887038522680     
  0.81379915179396345       0.45180248441348547     
           4
  0.81578947368421051       0.75000000000000000     
  0.80826419130581895       0.74694503051096883     
  0.82015326095524754       0.74171408085392021     
  0.82871366927795576       0.74573885803130924     
           8
  0.82665068449411239       0.32786791316283209     
  0.80821522299589144       0.32059657058434027     
  0.80287441724784414       0.31786387212654693     
  0.80771283175562614       0.31545532938072035     
  0.80813258710788505       0.30786769839510464     
  0.82345615865590249       0.30663955420152317     
  0.82699107438283959       0.31058790592286928     
  0.82263616758146585       0.31233930559096018     
           4
  0.28380563826831717       0.47839653521905789     
  0.26405451764547916       0.48082130216674679     
  0.26581036318002765       0.46938041459996210     
  0.27541471837096809       0.46683967156838652     
           7
  0.43666420222811164       0.58583304052000384     
  0.42994867696360328       0.58682948183362704     
  0.42424818259539837       0.58860018071677978     
  0.42235210279878005       0.57995259507403896     
  0.42379770233252223       0.57312475694346643     
  0.43477534359266923       0.56872769023810632     
  0.44118066771318543       0.57309820683598711     
           4
  0.12917397627498800       0.74647162480574114     
  0.12081141473463194       0.74416791325673881     
  0.10775061592841936       0.73743811599277376     
  0.10875711487731114       0.72463975393640878     
           7
  0.82431164600344997       0.64209032837255753     
  0.81507952330824551       0.64323447807284018     
  0.80281790153107602       0.64448996595260610     
  0.80817202749194672       0.63741260439380565     
  0.80614886653933593       0.62202268654661197     
  0.81384547375739991       0.62244543233702598     
  0.82098117238889368       0.62088693354621449     
           7
  0.87952903112579084       0.18935117928387418     
  0.86605950440449153       0.19379380082860426     
  0.85664055924468430       0.19674924458702289     
  0.86192900512074977       0.17630679009171932     
  0.88088750370971280       0.17220748537306610     
  0.88043987042782201       0.17861650691623696     
  0.87508406132079497       0.18336999513015534     
           7
  0.58002644400787706       0.18367068596937627     
  0.57742458372421257       0.17886765026063337     
  0.56896340286988989       0.18081403155764050     
  0.57022475878266510       0.16721058426154287     
  0.57039431498896775       0.16081769210429456     
  0.57816368611378066       0.16383950571473949     
  0.58911109060459277       0.17054833888666315     
           3
  0.35113968567688114       0.17065143706284100     
  0.34210526315789475       0.17105263157894737     
  0.33139746604850012       0.16688663322239275     
           6
  0.14497847709931538       0.37907720889454305     
  0.13701916824647548       0.37743798517646154     
  0.13741408530466384       0.36782937141742139     
  0.13301082248283030       0.36176882245307312     
  0.14485533926837266       0.36071604848926486     
  0.14974461818724322       0.35634844746339545     
           8
  0.10507466933007489       0.56840436444247522     
   9.5577061882638009E-002  0.57348570933361520     
   8.1010350327829023E-002  0.57252534821758772     
   8.4776555913492244E-002  0.56904773988787072     
   8.2228620049451126E-002  0.56178568113437666     
   8.9577137821502936E-002  0.55394103129197925     
  0.10103244826865629       0.55461788233796161     
   9.8905732894077406E-002  0.56439275357430108     
           4
  0.23121262231298023       0.84582669231431751     
  0.22062732649767566       0.84932356796360431     
  0.21182961259428718       0.82951280426978824     
  0.23039321518721009       0.83537610483684865     
           7
  0.54650453637989393       0.60715414076564089     
  0.52849636810114275       0.61512504499611953     
  0.52964390790049465       0.61000672312173387     
  0.52678390119757579       0.60265242444287292     
  0.53219513684714237       0.59472132893014495     
  0.54421604012925007       0.59821329483789820     
  0.54932365182867471       0.60233299786028605     
           6
  0.73609789654606472       0.45730978748856382     
  0.73164071215803317       0.45375621908922786     
  0.71491065918044816       0.44418631156175487     
  0.71441588532848976       0.43724669511083514     
  0.72938406397943312       0.43482587380962689     
  0.72988495795727826       0.44076738961961454     
           4
  0.46754695836658067       0.22257803026740394     
  0.45295646634052306       0.21141075044153512     
  0.45236245718535001       0.19836829554533264     
  0.46927607856189590       0.20336535598195635     
           6
  0.69217499247435577       0.35252904342269115     
  0.68150308448651375       0.35436192508258502     
  0.67748910164804366       0.34780950219281331     
  0.67151291760238896       0.33779180276443482     
  0.67882761888624787       0.33281824616188788     
  0.69344692419719312       0.33491988710935572     
           7
  0.57853080419998648       0.35423768418510110     
  0.57289493400410907       0.35162675499015084     
  0.55306634181837733       0.35022516960325684     
  0.56057639638980750       0.33102927594971027     
  0.56625697957993404       0.33215334046132999     
  0.57390743234030361       0.33580103891434582     
  0.57745632108575384       0.34091103584765814     
           5
  0.42017547276604333        1.0084188191242143     
  0.40998549830061215        1.0091020113640050     
  0.39502339994850799        1.0098553588389414     
  0.40100963996090289        1.0071303425397928     
  0.40789473684210525        1.0000000000000000     
           8
  0.30098321900668790       0.70062717374113648     
  0.29964263521142881       0.70685056945683467     
  0.28884557978318892       0.70847631280754830     
  0.28199381863100687       0.70465543117858209     
  0.28255723959816498       0.69693272809175866     
  0.28646060203872287       0.68778637468416326     
  0.29791734685203047       0.68660585357971649     
  0.29951369392436200       0.69480977839231850     
           3
  0.35091283923018313       0.38538984654798281     
  0.32953150294762606       0.38160615075849091     
  0.34210526315789475       0.38157894736842107     
           8
  0.66751342435879135       0.53097557982440990     
  0.66973060447752164       0.53568534548495361     
  0.64917428787544673       0.53282338780079841     
  0.65128985282538354       0.51739667833419123     
  0.65572833646805295       0.51822398868652797     
  0.66483359036982115       0.51390668426427921     
  0.66663836929610876       0.51998162441904738     
  0.67024741931151199       0.52359628538108827     
           3
  0.72368421052631582       0.65789473684210531     
  0.72427849318041659       0.64956913562925278     
  0.73430603273083295       0.64514255769841300     
           4
  0.71951189831803886       0.14119648518440622     
  0.70089761550505347       0.14038794147221245     
  0.70346135055566561       0.12757452377631126     
  0.70948608259927204       0.12266597343909462     
           5
  0.79854840930748727       0.19924878783906713     
  0.78636135816314134       0.20750422457268355     
  0.78103684646542415       0.19301322486366754     
  0.78710616815308621       0.18454466314098353     
  0.79408130543350197       0.18476700364211085     
           6
  0.62396013725573951       0.88013702807441685     
  0.61002364885033133       0.87771338433651780     
  0.60697670450598740       0.87023460285982779     
  0.61204936401764787       0.85813769642863236     
  0.62827229353034653       0.86092615586009158     
  0.62540388637939892       0.86817411178839954     
           3
  0.40472495119142204       0.79742317173576915     
  0.39761554183289227       0.79942449145821504     
  0.39473684210526316       0.78947368421052633     
           6
  0.40732309174493264       0.66005928358855548     
  0.39940768117294362       0.66920507120784434     
  0.39281720333385561       0.66872769910352803     
  0.38639747504950667       0.65594927790811963     
  0.39706588835298495       0.64731076435654122     
  0.40333397920484221       0.65606573989649342     
           4
  0.16315425809459977       0.23640090127871885     
  0.14537811642658818       0.22336367244317964     
  0.14531735470404644       0.21476720175678421     
  0.15318679423555684       0.21192905994569758     
           6
  0.20730980871998317       0.18585605107954090     
  0.20311580472556032       0.19156546031033372     
  0.19697367787738937       0.19674160226751630     
  0.18700615418104907       0.17126407547783212     
  0.19698156669173961       0.17354032042572476     
  0.20696030230645707       0.17973844654485269     
           6
  0.22303048803869976       0.24882234309917722     
  0.21874828108709349       0.25209620489940238     
  0.21547809653000202       0.25750996291654560     
  0.20279704274444979       0.24582275820439048     
  0.20610889693626719       0.23970192020675896     
  0.21234560684357770       0.24033264283859893     
           5
  0.28498004194312243       0.64127311515608565     
  0.27342280330883012       0.64116365375668827     
  0.26491920540369529       0.63125529287323578     
  0.28107956478715829       0.62101815441788544     
  0.28925516234026766       0.62275458894596947     
           6
  0.66650304663755333       0.39893399589975392     
  0.66272783854319828       0.40689502527136806     
  0.64847608307558846       0.40258974440983519     
  0.64844102924059077       0.38466474990186411     
  0.65986683815907454       0.38283992658122379     
  0.67001563062324909       0.39105947004078806     
           6
  0.68130956608927673       0.56086101633832608     
  0.66745349913242302       0.55991292502395162     
  0.65861982529848195       0.55887794703993698     
  0.65884653162506701       0.55231085460568197     
  0.68011116140729555       0.54196570720490356     
  0.68303437462585315       0.54707658594338271     
           7
  0.66514348137307489       0.20034458664538296     
  0.66099260729008558       0.20392502241440930     
  0.65376590250115718       0.20786411536286520     
  0.64650035906237890       0.20816112289664876     
  0.65092586167503019       0.19853437456745834     
  0.65059306553712437       0.18765396723489575     
  0.66928615586016393       0.18877736310189666     
           8
  0.63444524980915495       0.28562350871022074     
  0.62060026293275350       0.28914498082577766     
  0.62145234116242609       0.27747400129483851     
  0.61861684084942559       0.26656237230173718     
  0.62407195871118903       0.26914622226016305     
  0.62871243823433864       0.26353419816431783     
  0.63513300983888432       0.26452153780062654     
  0.64039689043081538       0.27261134263418457     
           8
  0.15926235045211778       0.50666572258692555     
  0.15037185658842880       0.51135277649284017     
  0.14895786015532581       0.50407388087320182     
  0.15073715625195025       0.49729512855081015     
  0.14700119342056073       0.48976742586989286     
  0.15331980143614743       0.49072715676581774     
  0.15852764091091301       0.49166541315719209     
  0.16878134374237522       0.49750954051935692     
