   76.000000000000000     
   80.000000000000000     
          59
           8
   18.000000000000000     
   26.000000000000000     
   11.000000000000000     
   30.000000000000000     
   21.000000000000000     
   19.000000000000000     
   15.000000000000000     
   16.000000000000000     
   29.000000000000000     
   26.000000000000000     
   37.000000000000000     
   16.000000000000000     
   12.000000000000000     
   31.000000000000000     
   8.0000000000000000     
   19.000000000000000     
   20.000000000000000     
   13.000000000000000     
   15.000000000000000     
   22.000000000000000     
   28.000000000000000     
   12.000000000000000     
   6.0000000000000000     
   27.000000000000000     
   14.000000000000000     
   18.000000000000000     
   17.000000000000000     
   29.000000000000000     
   13.000000000000000     
   22.000000000000000     
   25.000000000000000     
   28.000000000000000     
   27.000000000000000     
   19.000000000000000     
   10.000000000000000     
   12.000000000000000     
   14.000000000000000     
   24.000000000000000     
   16.000000000000000     
   33.000000000000000     
   15.000000000000000     
   11.000000000000000     
   18.000000000000000     
   17.000000000000000     
   21.000000000000000     
   27.000000000000000     
   19.000000000000000     
   20.000000000000000     
   5.0000000000000000     
   22.000000000000000     
   12.000000000000000     
   19.000000000000000     
   22.000000000000000     
   16.000000000000000     
   7.0000000000000000     
   26.000000000000000     
   14.000000000000000     
   21.000000000000000     
   24.000000000000000     
           1
  0.52631578947368418       0.52631578947368418     
           8
  0.29996160419066847       0.29631123757003269     
  0.29648168387955121       0.30242333954001205     
  0.28318163451307732       0.30258308909012560     
  0.27702197873173595       0.29630165321104540     
  0.27617825407483398       0.28614107279708673     
  0.27791388667077294       0.27795821453729436     
  0.28348771054920263       0.28166740215234876     
  0.29277652545922633       0.28187923130126674     
           7
  0.48319229753778242       0.34983040671282001     
  0.47650698250946716       0.35172253957977823     
  0.46791983959065064       0.35394048980302323     
  0.46301035525225476       0.34719425741229498     
  0.46928618356889601       0.33187806630099892     
  0.47710751215888875       0.33089386442460761     
  0.48493413810300590       0.33781450861316747     
           7
  0.28073780668700049       0.59989779134058818     
  0.27656273872010029       0.60506423981026813     
  0.26601401955292653       0.60399336824427519     
  0.26398439958802222       0.59288278829062546     
  0.26718436329228884       0.58695150775968552     
  0.27655646654069177       0.58077550519395105     
  0.28957043987023073       0.58611769526207269     
           8
  0.60107440912307708       0.46953858628894857     
  0.59425543106922507       0.46949162574437703     
  0.58184700474477968       0.47356226749827901     
  0.58516453616620046       0.46948218140350501     
  0.57893044381315939       0.45610465041447629     
  0.58898648391175978       0.45175245618217574     
  0.60548023609873425       0.44860513224991594     
  0.60190413534329856       0.46076820062133683     
           5
  0.73273044340879145       0.26972542893490759     
  0.72638935961114737       0.26999654687147601     
  0.71851818585659299       0.27155350989235294     
  0.71529177954426693       0.26574539518389628     
  0.72458132771401096       0.25123852555199611     
           6
  0.44633000728901040       0.45466035544728783     
  0.43084008627402243       0.45461896871674723     
  0.42195634183203684       0.44769258082618163     
  0.42472803226959766       0.43710275044392216     
  0.43271181785055202       0.43523111065550679     
  0.44023250508182343       0.43833283924185568     
           8
  0.67033591342061527       0.66340572912377915     
  0.66619621444013966       0.66808164460881858     
  0.65657440960452429       0.66912528055471976     
  0.64705846807223244       0.66460219199019155     
  0.64476479228958439       0.65049104698547522     
  0.65140818664472899       0.64714562756708716     
  0.66025449091767474       0.64679477712766864     
  0.66765918002239677       0.64738282567135286     
           8
  0.73165066742608398       0.59645903457977445     
  0.73633170381648172       0.60372908090993382     
  0.72935508167243235       0.60433219672001026     
  0.71154151866849313       0.60034693876580825     
  0.71529282078339584       0.58515027474379122     
  0.71836249821701637       0.57994783044878573     
  0.72714611545169983       0.58067712907568825     
  0.73478408066752421       0.58076051626668046     
           6
  0.35301423963509759       0.77469002486341421     
  0.35109830982119289       0.78138816968904079     
  0.33428753554121299       0.78373637198118695     
  0.33273106957897836       0.77440221399460218     
  0.33696862883078155       0.76486558975045549     
  0.35534042661920157       0.76732243981625514     
           3
  0.52631578947368418       0.86842105263157898     
  0.52388500408972760       0.87557201191698608     
  0.51495412312033384       0.86065726000798870     
           3
  0.72639609234299118       0.86708845452414229     
  0.71709607383040042       0.86787584133907991     
  0.72368421052631582       0.85526315789473684     
           3
  0.46636272903475245       0.68015835095429944     
  0.45023979989728713       0.66888924585033471     
  0.46483466257194211       0.66136787157451360     
           5
  0.82815490789207680       0.46403724501235771     
  0.82674903525982080       0.47076385818164246     
  0.80775133121027631       0.46826989389597945     
  0.80485083366457055       0.45036365486729929     
  0.81716152219418703       0.45321218438543015     
           3
  0.82864570973063945       0.75442598513201842     
  0.80762905208943570       0.75783560661514948     
  0.82675904814803380       0.73922599028064928     
           5
  0.82660088119677333       0.32392040933124910     
  0.82127699025844858       0.32923193640177617     
  0.81350219336898444       0.32803917693202905     
  0.80237998173687886       0.31544423202171179     
  0.82619287057498414       0.30826239887970602     
           8
  0.28569793731168236       0.47407206787627981     
  0.28254789102883010       0.48064500818594680     
  0.28017652505091006       0.48588190139510679     
  0.27458674303626518       0.48439026742172514     
  0.26493652991152822       0.46769990141706880     
  0.26944303926839214       0.46229434445656092     
  0.27918408230439518       0.46413511975175603     
  0.28405123093975798       0.46245265869191848     
           6
  0.44506493343057163       0.57962255624131476     
  0.44749834637293634       0.58959038821402265     
  0.42746605093824735       0.58710753516354874     
  0.42518398480944108       0.57882167797137829     
  0.42500786700439874       0.56645257283638306     
  0.43736364568640645       0.56993863636517506     
           3
  0.11735964514478521       0.74587912139243984     
  0.10529559040912870       0.72364515220132042     
  0.12059433253569260       0.72861175441065007     
           4
  0.82142167314661896       0.64287317047360582     
  0.80685544683987898       0.64491927207801558     
  0.81647255543340613       0.61903108515734662     
  0.82547421146111977       0.63358806660400990     
           8
  0.88134014588128418       0.19041632577210596     
  0.87443119643536948       0.19260549328779061     
  0.86531799382205110       0.19626669065404823     
  0.85941531850471220       0.18224072909934086     
  0.86103010666493196       0.17122005728467418     
  0.87375925127602971       0.17598527399143057     
  0.87951928955132219       0.17245882116125991     
  0.88141336439990081       0.17704060271551733     
           4
  0.58772843714021294       0.18303423160526350     
  0.56749479477435893       0.17683786909090024     
  0.56626297972016981       0.16130735261961288     
  0.58861422522101436       0.17000471516937182     
           4
  0.35486023696754077       0.17724768186508502     
  0.34210526315789475       0.17105263157894737     
  0.33753013354636752       0.15894656625130676     
  0.34832506531981355       0.16059569157815404     
           3
  0.15822907245420081       0.38017829412286785     
  0.14473684210526316       0.36842105263157893     
  0.15356999342028801       0.36334920961893147     
           6
  0.10334653004937677       0.57819415225352799     
   8.2898862382138186E-002  0.57153967120634619     
   7.9131302765011416E-002  0.55687984945741520     
   8.5927742183828509E-002  0.55671629958470481     
   9.1275967487311982E-002  0.55475352422266966     
  0.10175218875252909       0.55426892814967088     
           6
  0.23576651644439012       0.84657572842723672     
  0.23072600598965123       0.85516634054387808     
  0.21969458112625731       0.85403930291279906     
  0.21347240167161532       0.85158369101060760     
  0.22331027737769987       0.83129286340293063     
  0.23333785123562126       0.83527527029666027     
           8
  0.54585725066088064       0.61589052862646421     
  0.53947593034896035       0.61597142364863644     
  0.52598082403679292       0.60996306995162020     
  0.52915814233260983       0.60202673822125818     
  0.52647055540859411       0.59288679100199926     
  0.54067510025325460       0.59664420895806969     
  0.54797980243323618       0.59339289725248401     
  0.55287774873241580       0.59551746884187418     
           3
  0.71967367842011576       0.45954441240025651     
  0.72247990150062413       0.43440762421370371     
  0.73238193826965459       0.43781058039884363     
           8
  0.46859383137779076       0.20968998688769616     
  0.47382995167285097       0.21655997802769567     
  0.45737486105765485       0.22047006121414328     
  0.44732742077120119       0.20710372879060576     
  0.45670599229237446       0.20146960707231132     
  0.46181919186906095       0.19764829698277323     
  0.46673793904989425       0.19781955281334007     
  0.47108267455661246       0.20478298145801815     
           4
  0.69130327433221372       0.34616286347473457     
  0.68592148147691800       0.35185028844866334     
  0.68254796285697361       0.33440175559258933     
  0.69227123631096099       0.33505770986212841     
           3
  0.56578947368421051       0.34210526315789475     
  0.55348668066319640       0.33674358420824912     
  0.55899063755474288       0.32902990402347371     
           7
  0.40957178578362841        1.0077776853054365     
  0.40350582865416168        1.0078189872242129     
  0.39460180719900068        1.0116505726084291     
  0.39631817510807799        1.0041972610767089     
  0.39574784411341624       0.99172282875955553     
  0.40454242421622039       0.98740688758345008     
  0.41784465420837452       0.99685431894078813     
           3
  0.30053256794279520       0.70027256654238035     
  0.28081743168513018       0.70089280623172256     
  0.28756314606298078       0.68651393476618272     
           5
  0.35361636703237775       0.38597785586305333     
  0.33657583963509025       0.39395648641246078     
  0.33272141473870759       0.37965204086520521     
  0.34095118383972572       0.37450840293191318     
  0.35270634886647984       0.37036866069554891     
           3
  0.66589218272642281       0.53769212109557052     
  0.65789473684210531       0.52631578947368418     
  0.66340651947875406       0.51491644471020015     
           8
  0.73262259564870569       0.66371882564729745     
  0.72266611943603276       0.66480036679767129     
  0.71978957051621917       0.67080235452492709     
  0.71495122967305436       0.66989067083731535     
  0.71089384936867639       0.65188164064304199     
  0.72718304862646543       0.64522278832071889     
  0.73680189287039455       0.64850567770649792     
  0.73372286405513620       0.65879502022232916     
           4
  0.70889696138119096       0.14116805409487193     
  0.69797443269484483       0.13136261083556278     
  0.70167637374595060       0.12487498951102260     
  0.72402391098935170       0.12533285901081237     
           8
  0.80065158788668755       0.19948874086449414     
  0.78792008375816169       0.20915230454462649     
  0.78181647292541812       0.19832749821447190     
  0.78116765883678629       0.19187485569187029     
  0.78354869462768495       0.18690293980829065     
  0.79059148774126808       0.18968891801216731     
  0.79262014665729064       0.18464714940922186     
  0.80134285339257683       0.18927229090551040     
           7
  0.62615255913401913       0.87218235171052494     
  0.61173155820851577       0.88119789466665310     
  0.60898780587423385       0.87457671863889175     
  0.60550344342891094       0.86011506081735656     
  0.61652023927669464       0.85875558719645928     
  0.63167708395505529       0.85860012874383274     
  0.62690496906110693       0.86200158259592274     
           7
  0.40523927707421159       0.79688130032781412     
  0.38875841149017104       0.80027300056257655     
  0.38764257629053889       0.78694906675514920     
  0.38194029383183320       0.78764411252348088     
  0.38389802929728201       0.78046608577374832     
  0.38760653043445775       0.77606345142267519     
  0.39255591239266840       0.77730410751457224     
           4
  0.39945347870204101       0.66856037597665763     
  0.38573120152948709       0.65749725280769689     
  0.38810854120229504       0.64448986997557312     
  0.39374362835172727       0.65023224709190708     
           4
  0.16859202075070104       0.23376397227316170     
  0.15682524199007372       0.23200985360894921     
  0.14659337315161980       0.22885126133510536     
  0.16674546497025397       0.21655732177520109     
           3
  0.19609156811129558       0.19596350469054760     
  0.18773914169319122       0.19484282683362567     
  0.19736842105263158       0.18421052631578946     
           7
  0.22209035870123084       0.25173967622747345     
  0.21621959492147097       0.26024162364507702     
  0.21140394357376197       0.26207596146922041     
  0.20026560876565183       0.24892474646066209     
  0.19823591207349003       0.23652461149043263     
  0.20319348601700335       0.24023499005910212     
  0.21537838556615971       0.23827052726407333     
           6
  0.28755317314489409       0.63280353262511391     
  0.28333950594002888       0.63825486624107708     
  0.26531606117105588       0.62232412049828933     
  0.27745593618832631       0.62082500752509517     
  0.28693124323957381       0.61846924570288675     
  0.28790992342307625       0.62524939000511603     
           7
  0.67068380598836841       0.40607772199416187     
  0.65309080886580750       0.40430773092476469     
  0.64616696185258504       0.39949683880777709     
  0.65084693117624748       0.38883269451920693     
  0.65018211300067619       0.38382531181659751     
  0.65775883353230780       0.38218789801845060     
  0.66646866689957673       0.38679110245766990     
           8
  0.67915243780776269       0.55365214687974096     
  0.68419093927518004       0.56538167465130362     
  0.66504674975691813       0.56178257362542638     
  0.66021828036087715       0.56452473234225187     
  0.66042024299900559       0.55154383383776806     
  0.66062727735544691       0.54267552031386390     
  0.67044067080782643       0.54359297310293631     
  0.67638914388596838       0.54310664834329281     
           8
  0.66639055351437937       0.20165816654371704     
  0.66337736888836085       0.20984440667103210     
  0.65350417474290767       0.20443271673070609     
  0.65089189395358382       0.18996101492960743     
  0.65860036426564927       0.18514937900022563     
  0.66688678620216846       0.18567912579645243     
  0.66572696349122817       0.19024974666402891     
  0.66835475940594846       0.19505821199344070     
           4
  0.64091190371577988       0.28826270558107320     
  0.61921931938383679       0.28926229423816902     
  0.63157894736842102       0.27631578947368424     
  0.64100799218309379       0.28066588166426998     
           5
  0.16730770270629919       0.50453712050334554     
  0.15979237324887660       0.51035571229173771     
  0.14868986330773851       0.50437594865931701     
  0.15360779323561208       0.49081163399570854     
  0.16579321248506657       0.49758177411127330     
           3
  0.18437967754739590       0.74989866074024725     
  0.19401799743092216       0.72895489112252265     
  0.19736842105263158       0.73684210526315785     
           5
  0.37609759337798687       0.52216221729733803     
  0.36988641327248722       0.51527450212308101     
  0.37758479302463044       0.50312639498760625     
  0.38686716747913508       0.50326386783062782     
  0.39274188185005626       0.50707431625949118     
           8
  0.72014191006729311       0.50274591077722586     
  0.71951171993688545       0.51183759021740272     
  0.71495490141262763       0.51001741272155687     
  0.69919968549702138       0.51319278996761231     
  0.69933926456811324       0.50639248141974269     
  0.69925950781174295       0.49100782725533715     
  0.71238584593689092       0.49188349405005383     
  0.72135431223125701       0.48947252514644013     
           4
  0.73423830386860289       0.76026685998681087     
  0.72000195740795048       0.76287158007495237     
  0.71108442958804619       0.75604245242664947     
  0.72368421052631582       0.75000000000000000     
           5
  0.89190752694752606       0.54549401254088858     
  0.87997226393174777       0.55149748216325911     
  0.87219703649822755       0.54306856874359211     
  0.87184708812353295       0.52972932877385881     
  0.88729341907768078       0.52730262529204752     
           4
  0.13491516834896861       0.93361943381073376     
  0.11807034040158133       0.93152214090843377     
  0.12237401136172138       0.92437860773912561     
  0.13157894736842105       0.92105263157894735     
           4
   7.8947368421052627E-002  0.32894736842105265     
   7.0543738394990327E-002  0.33261070044266355     
   7.4467360460505699E-002  0.32003779195832888     
   8.9939450504116419E-002  0.31786258666274952     
           4
  0.86255885300798119       0.36288565693853159     
  0.85151818138301449       0.36860386695840219     
  0.84507137475349892       0.34976001819876917     
  0.86583255279040539       0.35227727655491375     
           7
  0.53530383060584585       0.79154588731780351     
  0.53956478941709107       0.79668933000144393     
  0.52867187660842463       0.79787123468612486     
  0.52297119295536354       0.79839481202151186     
  0.51311254478932555       0.79407404400453474     
  0.51363647832152948       0.78393898202114876     
  0.52978403733679946       0.77648092497214616     
           6
  0.93357623127732214       0.85372929105673723     
  0.91977908547788967       0.85535111628892213     
  0.91154003551429541       0.83972427140921402     
  0.91975663028201582       0.82950037294991197     
  0.92717608495747361       0.83487001474127098     
  0.93284132032794398       0.83350423972592524     
