   76.000000000000000     
   120.00000000000000     
          59
           8
   18.000000000000000     
   26.000000000000000     
   11.000000000000000     
   30.000000000000000     
   21.000000000000000     
   19.000000000000000     
   15.000000000000000     
   16.000000000000000     
   29.000000000000000     
   26.000000000000000     
   37.000000000000000     
   16.000000000000000     
   12.000000000000000     
   31.000000000000000     
   8.0000000000000000     
   19.000000000000000     
   20.000000000000000     
   13.000000000000000     
   15.000000000000000     
   22.000000000000000     
   28.000000000000000     
   12.000000000000000     
   6.0000000000000000     
   27.000000000000000     
   14.000000000000000     
   18.000000000000000     
   17.000000000000000     
   29.000000000000000     
   13.000000000000000     
   22.000000000000000     
   25.000000000000000     
   28.000000000000000     
   27.000000000000000     
   19.000000000000000     
   10.000000000000000     
   12.000000000000000     
   14.000000000000000     
   24.000000000000000     
   16.000000000000000     
   33.000000000000000     
   15.000000000000000     
   11.000000000000000     
   18.000000000000000     
   17.000000000000000     
   21.000000000000000     
   27.000000000000000     
   19.000000000000000     
   20.000000000000000     
   5.0000000000000000     
   22.000000000000000     
   12.000000000000000     
   19.000000000000000     
   22.000000000000000     
   16.000000000000000     
   7.0000000000000000     
   26.000000000000000     
   14.000000000000000     
   21.000000000000000     
   24.000000000000000     
           1
  0.52631578947368418       0.52631578947368418     
           8
  0.29053077539065247       0.29762124187536471     
  0.28352178330812400       0.29844799053749832     
  0.27952647019602767       0.29466281776187858     
  0.27681876449209858       0.28521806154820872     
  0.27965026378919244       0.27955183460396049     
  0.28467734405169881       0.27949054000915180     
  0.29743703373559721       0.27980664479595607     
  0.29673851985655691       0.28688939136672814     
           5
  0.47790316401970412       0.35439661452634508     
  0.47050830192465171       0.35006168529522003     
  0.46155039785236096       0.35477942902423593     
  0.46516827367718450       0.32968095534903791     
  0.48546421681609209       0.33923536959343548     
           8
  0.28830169626456559       0.60291380304984010     
  0.27498434884958894       0.60558851706449446     
  0.27429659534985590       0.60049504648974417     
  0.26893509179974839       0.60523072939330425     
  0.26842433199884413       0.59675628166998640     
  0.26418786026662983       0.59336233598333710     
  0.27001004726193473       0.58272169970536691     
  0.28544709434095439       0.57877088013354050     
           4
  0.57925602545445032       0.47180882571527061     
  0.57938499030671609       0.46088580334002294     
  0.59210526315789469       0.46052631578947367     
  0.60066497119391105       0.46408446769601902     
           7
  0.73736295582410061       0.26796874134658311     
  0.72601150659021485       0.27648807486697879     
  0.71608790996618799       0.26498772321270475     
  0.71407235727110352       0.25185359628446935     
  0.72519802781102283       0.25403973590278922     
  0.72930112691246796       0.24942543127507905     
  0.73134112213237423       0.25973811824911192     
           6
  0.44142668078350494       0.45385347353431160     
  0.42930529074650681       0.45471384402879306     
  0.42399748697108164       0.45200233982334376     
  0.42413644440759174       0.44357389899037991     
  0.43487610584484226       0.43826067265108787     
  0.44095464282116775       0.43437383919421135     
           8
  0.66515369463260854       0.66682184738670613     
  0.65905025679656193       0.66582688614407193     
  0.64667123866954612       0.66602740621155054     
  0.64962574332239420       0.65957742025892874     
  0.64777302358314615       0.65323888149188436     
  0.65402720009401083       0.65078676198020224     
  0.65374790000795935       0.64436236822901127     
  0.65955766133021665       0.64548448751313936     
           5
  0.73013423487823548       0.59982731372715770     
  0.73635597097549921       0.60365176900354856     
  0.71204085646303028       0.60295333617482161     
  0.71291632513366721       0.59183569860439378     
  0.72048581565032721       0.58061156673904368     
           3
  0.35124530391865089       0.77192991672353151     
  0.34210526315789475       0.77631578947368418     
  0.34967628033326620       0.76317509249357951     
           7
  0.53068537321526732       0.87544299698875228     
  0.53349627160803181       0.88201406499579194     
  0.51444776535425774       0.88103234441073275     
  0.51427004925213704       0.87227188943112011     
  0.51440562310771876       0.86212586455228424     
  0.51753565156214110       0.85516546860430886     
  0.52849905654978002       0.86009237162972052     
           5
  0.73070555085834010       0.86894753857766438     
  0.72119242864115363       0.86250796545875719     
  0.71453465505825986       0.86518615137247290     
  0.71091902030285004       0.84522488775674987     
  0.73126690634303637       0.84537947390740609     
           4
  0.46942403577237096       0.67510073107599078     
  0.46908810271723295       0.68197558670045455     
  0.44741545838364499       0.66973852265010680     
  0.45416641605881336       0.66142294798671564     
           4
  0.81590493899099137       0.47089261746159744     
  0.80268930613672573       0.47342587419229176     
  0.80342521714654203       0.46064870746958714     
  0.81816801242193460       0.45268794501149406     
           3
  0.81874976626222096       0.75810229355592074     
  0.80545850038095346       0.75792725967729568     
  0.82504381481472922       0.73640132022455607     
           3
  0.81578947368421051       0.31578947368421051     
  0.80595804375329050       0.30912744800879727     
  0.81641549400887958       0.30361330461985170     
           3
  0.28992108133274963       0.48484397648105093     
  0.27246584164515969       0.48644190378695085     
  0.27065315101463905       0.46349433767762122     
           7
  0.44157100699431245       0.58451157875918602     
  0.44693642227497421       0.59037009066358359     
  0.43624738161218618       0.59163763381757117     
  0.42586811831595384       0.58763374828656745     
  0.42197576095663741       0.57699270302039529     
  0.43921719347446775       0.56670461372500813     
  0.44462681399666121       0.57099210171150128     
           3
  0.12690559484839622       0.74554432810224969     
  0.10565143886126616       0.73518267419361638     
  0.13137048778187815       0.72749516024461391     
           5
  0.82380996475881163       0.64473550040529071     
  0.80732914843153825       0.64383944105149826     
  0.80651302421737203       0.63207953709418263     
  0.81213158901893057       0.61847684882803822     
  0.81878626256858589       0.61884666489476570     
           5
  0.88086746810612970       0.18617689583223107     
  0.86121563022803638       0.19264851899550978     
  0.85829782250419207       0.18163579360812840     
  0.87515201636093232       0.17075828027759157     
  0.88218741760688246       0.17258825629990851     
           4
  0.58364706190941562       0.18362789797049284     
  0.57222433806749340       0.17996549750529509     
  0.56976559034285201       0.16333769222301595     
  0.58937716670891926       0.16956909416081789     
           3
  0.34502805320890417       0.18307795093375320     
  0.33539914315866315       0.16085138929225370     
  0.35351763751482346       0.16622203184302192     
           8
  0.15742834968258229       0.38095597734679126     
  0.14955616757678508       0.37866654742485750     
  0.13545945939132006       0.38081168857937947     
  0.13730169160267214       0.37633712785357742     
  0.13239409595094731       0.37159176330261351     
  0.13214421526674569       0.36326691088227414     
  0.13772932606352228       0.36648050073308636     
  0.15398004250296829       0.36060598862109916     
           5
   9.9024149781681545E-002  0.56719245917248262     
   9.0534208299666560E-002  0.57804531962233052     
   7.8664646966497401E-002  0.56482064779622876     
   7.8375458344156004E-002  0.55765040647482311     
   8.7991534786082598E-002  0.55720842533806925     
           5
  0.22855287388657358       0.85431874466735080     
  0.21294691851951567       0.83209125869017220     
  0.21862025276214644       0.82901926633060330     
  0.23085662452057493       0.83039756629150896     
  0.23687988405321461       0.83501716731065589     
           8
  0.54857824265415933       0.61117884805299405     
  0.54286232377820320       0.61548429614432454     
  0.53384519588754287       0.61753201565683968     
  0.52871937443718831       0.61255798462211686     
  0.52855829229395879       0.60761317363783141     
  0.53577484459848135       0.59320952679855998     
  0.54860168825499067       0.59160210659027468     
  0.54459715004553666       0.59822150437783550     
           5
  0.73184340620462129       0.44784717229022331     
  0.71168306993465968       0.45627671909015310     
  0.71083024653153171       0.43436641304913504     
  0.71811822275540960       0.43465397552894114     
  0.73023960169806823       0.43360714247098098     
           3
  0.45443676129226240       0.22226760011227620     
  0.46052631578947367       0.21052631578947367     
  0.46865945071027515       0.21420400060056305     
           3
  0.68421052631578949       0.34210526315789475     
  0.67645450170596699       0.33424062838027563     
  0.69090887082520269       0.33192439376374117     
           7
  0.57247104409165261       0.35332849533450522     
  0.56425283660014314       0.35374290292866056     
  0.55493501347225738       0.34825461692667675     
  0.55806304377707405       0.33528645086461228     
  0.55705362126839086       0.32862748741381032     
  0.57322773800946469       0.33137296927943272     
  0.57450804288969226       0.34085545030495379     
           3
  0.41741096483800250        1.0034881475233342     
  0.40846313698124437        1.0121060638547459     
  0.39762340624557685       0.99006241023510722     
           6
  0.30247836422772983       0.70654265389992044     
  0.29511326833536111       0.70613594761357346     
  0.28067647333040208       0.70049388747926611     
  0.28379623530907433       0.68643561545312681     
  0.29596055006456096       0.69005760056222309     
  0.29883311165642668       0.68514710412594682     
           6
  0.34445198808106597       0.39054840157832127     
  0.33911509905656406       0.39535346170105501     
  0.33284738178880979       0.39082712264000968     
  0.33398857355223593       0.37854639553260927     
  0.33517751358073000       0.36909198046372604     
  0.34365332507315904       0.36893255782309431     
           5
  0.67117490476852582       0.53299342063301469     
  0.66396917167926350       0.53620970619002684     
  0.64686566357882747       0.52070740237317115     
  0.65969895037570947       0.51708932117466078     
  0.66678557129784344       0.52493935524223989     
           4
  0.73604068853092686       0.66491421607300216     
  0.71199229588429425       0.65226394200080973     
  0.71403124854446642       0.64505432752349789     
  0.73366419486831169       0.65197391582004161     
           4
  0.71523231368760332       0.13981190747364916     
  0.70144202787109855       0.13544843597404788     
  0.69904294355234686       0.12887880235980820     
  0.71785365675147028       0.13166654822720905     
           8
  0.79338410358393519       0.20825131600382904     
  0.78486576719298085       0.21064815716013771     
  0.77942767806923885       0.19666609819977637     
  0.77669032229365165       0.18524493318959381     
  0.78889373487538372       0.18418095659072642     
  0.79665590832309952       0.18508860083613138     
  0.79761937414845108       0.19145723618347549     
  0.80238568000992427       0.19300630254167075     
           4
  0.62546176886794957       0.87685469395470284     
  0.60563022100123243       0.86862974199080156     
  0.60754754816412204       0.85782003754560243     
  0.62382157608359401       0.85768974590535707     
           7
  0.40390537853570158       0.79523731655902552     
  0.39516414850551057       0.80167848507990247     
  0.38297358879309906       0.79815959387636204     
  0.38662356765574196       0.78868940096178342     
  0.38340238488522260       0.78025137325840599     
  0.39434918659033258       0.78187820990903500     
  0.40443826035962510       0.78946478084186522     
           3
  0.38391705535090548       0.66772315592962994     
  0.38527503529715301       0.65908421672376882     
  0.40410489114983972       0.65270097732211785     
           5
  0.17146679857348204       0.22784782659724559     
  0.15706519985970666       0.23467209589876625     
  0.15033494185930665       0.23241041037739515     
  0.15010932914384953       0.21833035401219425     
  0.16755814405322578       0.21905170050412875     
           6
  0.20696196258546568       0.19107616461719387     
  0.19810396946044109       0.19291425020360287     
  0.19100153363443612       0.19501442986529324     
  0.18460772796589658       0.19460537259339150     
  0.18752418360563999       0.18289362049626409     
  0.20055911853576086       0.17663468664531798     
           5
  0.21906497024899696       0.25818738580422884     
  0.19942727368596111       0.25415591835850926     
  0.19905929156234262       0.24630955590094258     
  0.20170041992965923       0.23979422802547543     
  0.21124110698346951       0.24073879502875939     
           7
  0.28703623207936491       0.63415639477217833     
  0.28841475961547719       0.63995923471612404     
  0.27882673550623688       0.64309955605955615     
  0.27494460133676968       0.63882888073556809     
  0.27003963657153912       0.62315056487631659     
  0.27978205691791624       0.62288555205238560     
  0.28833005655505684       0.62268654398672063     
           4
  0.67121871699564994       0.39323805619808716     
  0.64563723593268874       0.39671760773419062     
  0.64605186812301496       0.38893286239055819     
  0.67146910952182570       0.38259030636832786     
           7
  0.68385411254102557       0.56595545061008645     
  0.67862991014783869       0.56200073193008504     
  0.66468730059128611       0.56201928017616176     
  0.66346275204755745       0.55207911618496175     
  0.65728979055732872       0.54075557207831371     
  0.68346541064698907       0.54077347044520641     
  0.67952669627075124       0.55068882073915781     
           3
  0.65789473684210531       0.19736842105263158     
  0.64536589469977745       0.18881358611388740     
  0.65351336432328500       0.18523843429502890     
           8
  0.64460832483628139       0.28695312087688918     
  0.63039182853794251       0.28880396151238935     
  0.61893976247944194       0.28833927257406033     
  0.61839450259567774       0.27909966871265879     
  0.62828368578569060       0.26371604107079910     
  0.63282215288587762       0.26892215943383574     
  0.63970452383387555       0.26325903650343380     
  0.64363806051783645       0.27662273334649551     
           3
  0.15789473684210525       0.50000000000000000     
  0.16504356082935062       0.50544200988698029     
  0.14880161731588487       0.49331230709511720     
           4
  0.20465518091114951       0.74426135767855761     
  0.18401067189835693       0.74986305684984456     
  0.18693332973612845       0.73209112577509150     
  0.19800452195866128       0.72863948527293410     
           7
  0.39379074440017497       0.51513573034301108     
  0.39502997022855546       0.52358084469697252     
  0.37565996180466554       0.52383769152206383     
  0.36956729533954025       0.51085124919216851     
  0.37529608692365313       0.50229636461853955     
  0.38002635214280117       0.50476322221544911     
  0.39040034804183121       0.50296335389345270     
           6
  0.71981263387526628       0.49991053164397498     
  0.72346383529816494       0.51098790894792190     
  0.70845326723792534       0.51323771683607022     
  0.69777591822408580       0.49040576139706166     
  0.71366433688653341       0.48949630954476325     
  0.72068185946317964       0.49416592397464937     
           7
  0.73418681837031108       0.75892093884316558     
  0.71661189949725668       0.76205530859993931     
  0.71233747866519637       0.75507883890585337     
  0.71519835197236925       0.74674925379952029     
  0.71991499046633745       0.74079278376989477     
  0.72634957449673876       0.73718551112888797     
  0.73191987022846705       0.73957847549410727     
           7
  0.89189412982976835       0.54190107210821947     
  0.89529418197440525       0.55090746693167902     
  0.88934336633411515       0.55054663103935653     
  0.88153199212318567       0.54997566872984460     
  0.87808203112939098       0.52940515537877231     
  0.88910454990369248       0.53515277971970221     
  0.89506962923063171       0.52706722434324838     
           7
  0.13700530993512339       0.93097237076846817     
  0.12369770300350366       0.93190460670876618     
  0.12288029849742627       0.92620196690967183     
  0.12215281371548169       0.91514796361981710     
  0.12266262152190219       0.90762224005407632     
  0.12810184773839581       0.91314028658316748     
  0.13368659231924451       0.91019888533396553     
           8
   8.8499708633173343E-002  0.33272066721589272     
   9.0439583089254552E-002  0.34238662542600262     
   6.8239314107771565E-002  0.34155406367668462     
   6.6181221079675501E-002  0.33039794785521248     
   7.3980515005917485E-002  0.32096147758508720     
   8.0723492358344182E-002  0.31639627014774091     
   9.1957462604324358E-002  0.31881696914177249     
   8.6758554675937183E-002  0.32635936571488400     
           3
  0.86330155898271899       0.36610687242849510     
  0.84580786478648484       0.35562787005737373     
  0.85286238747321030       0.34793033748324664     
           7
  0.53568453298025331       0.79595174739958741     
  0.53329270238205195       0.80099487383928447     
  0.51852648705876281       0.80138671562400110     
  0.51914636121639812       0.79621242622750876     
  0.51731637123627217       0.78584112469924894     
  0.53440208192316840       0.77797360224171064     
  0.53650936062669008       0.78853945567348482     
           5
  0.66734555620787295        5.9802092239871679E-002
  0.66176740519585409        6.3261083576571758E-002
  0.65065464378023352        5.7437553575520106E-002
  0.64870978058234441        4.6651202727746824E-002
  0.66939220618240491        4.4085588662590901E-002
