   76.000000000000000     
   130.00000000000000     
          64
           8
   18.000000000000000     
   26.000000000000000     
   11.000000000000000     
   30.000000000000000     
   21.000000000000000     
   19.000000000000000     
   15.000000000000000     
   16.000000000000000     
   29.000000000000000     
   26.000000000000000     
   37.000000000000000     
   16.000000000000000     
   12.000000000000000     
   31.000000000000000     
   8.0000000000000000     
   19.000000000000000     
   20.000000000000000     
   13.000000000000000     
   15.000000000000000     
   22.000000000000000     
   28.000000000000000     
   12.000000000000000     
   6.0000000000000000     
   27.000000000000000     
   14.000000000000000     
   18.000000000000000     
   17.000000000000000     
   29.000000000000000     
   13.000000000000000     
   22.000000000000000     
   25.000000000000000     
   28.000000000000000     
   27.000000000000000     
   19.000000000000000     
   10.000000000000000     
   12.000000000000000     
   14.000000000000000     
   24.000000000000000     
   16.000000000000000     
   33.000000000000000     
   15.000000000000000     
   11.000000000000000     
   18.000000000000000     
   17.000000000000000     
   21.000000000000000     
   27.000000000000000     
   19.000000000000000     
   20.000000000000000     
   5.0000000000000000     
   22.000000000000000     
   12.000000000000000     
   19.000000000000000     
   22.000000000000000     
   16.000000000000000     
   7.0000000000000000     
   26.000000000000000     
   14.000000000000000     
   21.000000000000000     
   24.000000000000000     
   13.000000000000000     
   15.000000000000000     
   18.000000000000000     
   11.000000000000000     
   28.000000000000000     
           1
  0.52631578947368418       0.52631578947368418     
           8
  0.29672534344884061       0.29063696895200830     
  0.29935754520444519       0.29827352702182502     
  0.28742740586010784       0.30016773221513771     
  0.27904972701677694       0.29818931443344809     
  0.27877876643380534       0.29161093569443541     
  0.28700758551344174       0.27726939360440728     
  0.29655831346417977       0.27962586636803377     
  0.30096326712436033       0.28335569132643346     
           5
  0.48578270149054870       0.34518982727946934     
  0.47870141895707946       0.35479584541034159     
  0.46256566200557098       0.34203803520461779     
  0.47188038304086349       0.33213596639217924     
  0.48378540011526022       0.33168780812722976     
           5
  0.28838296934012253       0.60560052121694985     
  0.27043968054967155       0.60534954017091214     
  0.26900572245829818       0.59785991580603148     
  0.28027106762619769       0.57957231647418694     
  0.28364595959352179       0.58528268182601628     
           5
  0.60228157277376504       0.46986810903132908     
  0.58528467556823593       0.47364654293364916     
  0.57808000345452126       0.47133393660247541     
  0.58190753532889428       0.45839453897013710     
  0.59581548951181451       0.45318789158719358     
           6
  0.73300307525257502       0.26640871415285922     
  0.73007096846193931       0.27413561696420147     
  0.71161789499696693       0.26418957519611702     
  0.71313808867039774       0.25229702942419158     
  0.72066522066837124       0.25113962640236065     
  0.73424233850080955       0.24984506650289526     
           7
  0.44678462228014626       0.45059164205728425     
  0.44775976638072085       0.45769841138598094     
  0.43822265835209345       0.45829141603264695     
  0.43199785859296436       0.45781813662888354     
  0.42420762317274330       0.44322711526071445     
  0.42713457327542625       0.43356696559165547     
  0.44402319355485698       0.44590773197202160     
           3
  0.65316473458866742       0.67061664000421273     
  0.64633921079600298       0.65726422907953119     
  0.65789473684210531       0.65789473684210531     
           7
  0.73252212264084460       0.59007532498392168     
  0.73684161251560631       0.59791383699412215     
  0.73026401040024924       0.59935588594224332     
  0.71257619032184227       0.59951703164832004     
  0.71541173338410569       0.57881248979917665     
  0.72524969555507890       0.57880767091035590     
  0.73567288265471065       0.58539415056788235     
           8
  0.35186952568716257       0.78042414924113945     
  0.35103802195056472       0.78665009629149174     
  0.32806165008310872       0.78935405802289671     
  0.33374148150005717       0.78194682730269638     
  0.32854971666590638       0.77297398140108498     
  0.33211372269484435       0.76543156205566265     
  0.34683520327679263       0.76254961615414774     
  0.35577961440411437       0.77100921462118321     
           3
  0.52555328487535036       0.87626769230543167     
  0.51320046715615752       0.86371881748520574     
  0.52631578947368418       0.86842105263157898     
           7
  0.73122705807476340       0.86403140152607028     
  0.71542486521192106       0.86496153031150003     
  0.71067078492303748       0.86843484784163671     
  0.71538521563271407       0.84820764390492642     
  0.72448859774363161       0.84521099080653306     
  0.73702898118306004       0.84672917657235602     
  0.73204975802917049       0.85106563313619221     
           4
  0.46751293194695709       0.68035778849718687     
  0.45576421858063615       0.68101093391065881     
  0.45342727390289006       0.66462790632413682     
  0.46351527369452467       0.65849006888277517     
           6
  0.82507701145059686       0.47392123519545626     
  0.81882004924989649       0.46955011487448090     
  0.80275916847545581       0.47245316837500012     
  0.80472494002462480       0.46444464532219903     
  0.80289086486556771       0.45451393113547478     
  0.81483920840412827       0.44788185718379825     
           8
  0.82043499328472025       0.75787670271808516     
  0.82628536979387235       0.76406884867949398     
  0.81489278500632711       0.76222034972241026     
  0.80330196267387133       0.76151159763694121     
  0.80506413576920910       0.74927723278786618     
  0.80321000069746384       0.74114039630796935     
  0.81001438894177402       0.73820847629790731     
  0.82887276401966437       0.75299705207626288     
           3
  0.81799341359297539       0.32812182738182699     
  0.81578947368421051       0.31578947368421051     
  0.82334038065460746       0.31878707607988632     
           6
  0.28886954207290988       0.47393732402809563     
  0.27804417170550705       0.48667326805657513     
  0.26723365643734703       0.46662817317999472     
  0.27907616882179820       0.46073125095451395     
  0.28891757967950615       0.46219837164015087     
  0.28654164271234883       0.46835359643132146     
           3
  0.43674728983300659       0.59252241015530016     
  0.42825569305613548       0.56834491895773964     
  0.43421052631578949       0.57894736842105265     
           7
  0.12713151909043019       0.73945829040297584     
  0.12823111959465072       0.74816871589868994     
  0.10973478612578071       0.74552358750953318     
  0.11107198439614234       0.73673984384531654     
  0.10874385871818597       0.72735239978511557     
  0.12491892812055372       0.72295291107120085     
  0.12424540256718240       0.72928167993955684     
           5
  0.82751957908938845       0.62887757262152832     
  0.80864561611318042       0.63455388169698446     
  0.80361030027111480       0.62822781128904659     
  0.81391336099877309       0.62125026953505580     
  0.82579319224969550       0.62118001395767919     
           7
  0.88190969719049206       0.19293433776721602     
  0.86936597448110187       0.19178318012957085     
  0.86341190918483857       0.19408787884651160     
  0.85726283909043344       0.19537496099932300     
  0.86821869701554455       0.17262800271016035     
  0.87600794508058744       0.17062454559904824     
  0.88081343124758982       0.18377774597316626     
           7
  0.58886957954011754       0.17476643639665423     
  0.57293686348907802       0.18510873781439363     
  0.56561637041332913       0.18510299654441306     
  0.56598484271401373       0.16410173279526691     
  0.57144514357434784       0.16714850068279430     
  0.57551513298207313       0.16190290303310936     
  0.58976817439580576       0.16633816037813753     
           4
  0.34478974797300144       0.18181343840131861     
  0.33408568324285171       0.17144317701942338     
  0.32839661851810203       0.16489154946477333     
  0.35314644215501007       0.17004348359477672     
           5
  0.15806405725575637       0.37552743881668804     
  0.15134555497015242       0.38144613821553014     
  0.13337187179428087       0.37876796678956448     
  0.14043211750307624       0.35453686662116968     
  0.15398420877730101       0.35629698064514848     
           4
   7.9755636970942401E-002  0.57863562457025242     
   8.3033015366031887E-002  0.55540432509016791     
   9.5129799401731996E-002  0.55804559802103859     
  0.10344043732958147       0.56307011682534136     
           5
  0.23404388662055453       0.85457491684697018     
  0.22687102032785808       0.85016642979708368     
  0.21524595108473324       0.83877123385631325     
  0.20961074511251454       0.83358144607368789     
  0.23395388505758885       0.83890731504567095     
           5
  0.55145605809429421       0.60567772461120639     
  0.54611251146753625       0.61600958646665749     
  0.52595450588622572       0.59176962201394967     
  0.53327665864041052       0.59142450956953541     
  0.55058802820055364       0.59115500151099409     
           3
  0.73173758091463481       0.44999300125649888     
  0.71620563782689539       0.44555496093221825     
  0.72570211906181947       0.44002909502676057     
           4
  0.46693985763321638       0.21974007476891727     
  0.46033378244309581       0.22280133236232669     
  0.44845913813118721       0.19706819519425312     
  0.46052631578947367       0.21052631578947367     
           6
  0.69614830157305096       0.35556758225694407     
  0.68588485709582181       0.35049378446086893     
  0.67070269153440032       0.34979223786250357     
  0.67343645628243820       0.34144878929175809     
  0.69467632318516659       0.33046235656652828     
  0.69227693518767108       0.33790708309560241     
           3
  0.57717547966094385       0.34636397807791319     
  0.56578947368421051       0.34210526315789475     
  0.56231006748936840       0.33101857809301594     
           7
  0.42013836261219384        1.0132892959714421     
  0.41370326897132625        1.0090403946856299     
  0.39879318478153947        1.0055092526992873     
  0.40069191720398545        1.0005768943315057     
  0.39908500285300280       0.99545354107526451     
  0.40919314415627489       0.98889325946802387     
  0.42187649300589514       0.99240021335034700     
           7
  0.29786859461653203       0.70650703335791010     
  0.28804266384499039       0.71100809817743549     
  0.28898174399833143       0.70513455929883173     
  0.28451725423744684       0.68935891138703076     
  0.29449448296875408       0.68566642943018807     
  0.30080514635341471       0.68875113455533465     
  0.29945433263283838       0.69466055996527465     
           4
  0.35543703154028122       0.38047629441958725     
  0.33750956754026207       0.39198694346948826     
  0.33566984091741808       0.37180728498091453     
  0.35606842103505043       0.37209351832506243     
           8
  0.66785412370066444       0.53345072583430486     
  0.66695531669296915       0.53831336306889199     
  0.64454471836130756       0.53138482454852209     
  0.64620639015808490       0.52472928607190361     
  0.64391012742304177       0.51420600898292201     
  0.65687738909736670       0.51601911490869801     
  0.66367372093168098       0.51890845803643371     
  0.66603858122289672       0.52430302501126513     
           7
  0.73750239961017838       0.66923981827577783     
  0.72397234845679959       0.67072211586618513     
  0.71397603177939906       0.66429924890192515     
  0.71347981665239535       0.65670701980328627     
  0.72006525233264873       0.64569835012802346     
  0.72659786706905827       0.65077029128494923     
  0.73098786752448941       0.65738722671124505     
           4
  0.72111738409184734       0.13523789524064733     
  0.71545780123583491       0.14402185935618392     
  0.71052631578947367       0.13157894736842105     
  0.72338843802576236       0.11750782040110488     
           8
  0.80294534988787192       0.20317886187913237     
  0.80241628241096563       0.20833857172874212     
  0.78850146818175482       0.21122869785916160     
  0.78027801720553081       0.20281167724774735     
  0.77664929860637255       0.19604255804485207     
  0.77922701764842839       0.19183036351501756     
  0.78098445099435188       0.18467023782499986     
  0.79959525391306485       0.19053870494221692     
           6
  0.63033989910278687       0.87444302559466713     
  0.61951569821510288       0.87858934607136474     
  0.60557903513066846       0.88145166190146529     
  0.60601525117105359       0.86921666377930662     
  0.60863643923868704       0.86121658324526285     
  0.63168878847444732       0.86443613714468837     
           4
  0.39775414900311640       0.80145153653394674     
  0.39079834880515057       0.80165897837194489     
  0.38152124909433038       0.79422605626727527     
  0.39473684210526316       0.78947368421052633     
           6
  0.40473168816603811       0.66784603189692693     
  0.39409708814530525       0.66692130497772417     
  0.38336170574104322       0.66685120936269804     
  0.38439323505755524       0.66129195056033296     
  0.40709817898945005       0.64415481511723283     
  0.40842298797717402       0.65310495166560967     
           8
  0.17165704640255181       0.22794942511041794     
  0.16474020350798732       0.23327567389105014     
  0.15673431284991729       0.23778099524532195     
  0.15030607241596983       0.23573366591459760     
  0.15228951029549476       0.21394739608545291     
  0.16128208045454176       0.21270883430671589     
  0.16700966465776940       0.21702074531736348     
  0.16743185500409269       0.22326152978981681     
           7
  0.21074775524343403       0.19168447815097514     
  0.20625424859892749       0.19663331258822991     
  0.19958587693823049       0.19774534915901182     
  0.19049371299930498       0.19157033461028189     
  0.19830401772319578       0.17628024331127673     
  0.20850846495003589       0.17836467539752207     
  0.21110519581073187       0.18298835568579050     
           6
  0.22259318806838321       0.25832563446321039     
  0.21430136169714908       0.25877118662554677     
  0.20780089248802186       0.25731280793101996     
  0.20117466267308648       0.26057611651810886     
  0.21733516687344567       0.23733983115019344     
  0.22057603467095999       0.25011150954717154     
           8
  0.28843163916759162       0.64396098924944611     
  0.27925724309834715       0.63971895064045137     
  0.27320226898227173       0.64075326605339034     
  0.26367658379379394       0.63561446077870665     
  0.26623564844007336       0.62857359750350850     
  0.28477856833267823       0.62333481234018495     
  0.28974820439918264       0.62733859322325791     
  0.28744781866809904       0.63225532924596994     
           4
  0.66964371977751724       0.39861435693258501     
  0.65433084686469933       0.40422975207672263     
  0.64883679678941530       0.39886131228577809     
  0.66591183549785848       0.38088886602318656     
           7
  0.68099347026241264       0.55872309757434369     
  0.66283040125202430       0.56473002366693570     
  0.65924337754577556       0.55260023989290208     
  0.66004261625024685       0.54075221246379723     
  0.66810427755421797       0.54149685356645061     
  0.68033201555322609       0.54196599115275246     
  0.68051553393137942       0.54764683128475866     
           8
  0.66722030500622664       0.20030364386622862     
  0.66738561261383911       0.21061182458598715     
  0.65958433712146036       0.20818579478144406     
  0.65026919416278062       0.21099659722378494     
  0.64604870609408860       0.20062235773527953     
  0.65384545681687678       0.18349072340819236     
  0.66863273319378203       0.18488100501747173     
  0.67100258231901899       0.18938769782332993     
           6
  0.63246872666298815       0.28919480534931119     
  0.61785965786685582       0.28896199986420962     
  0.61898852487856337       0.28114337131094225     
  0.62066312162535553       0.26575691423072589     
  0.63701481090128043       0.26407537565455702     
  0.64402786707225013       0.26583671969983491     
           6
  0.16821225618864658       0.51006792483816266     
  0.15403353815987331       0.51200275423410946     
  0.15019956307252727       0.50138627899198784     
  0.14498772016189906       0.49390203198997484     
  0.15329799918063688       0.49289436535498010     
  0.17033715465905525       0.49322399420147445     
           8
  0.20784007894673351       0.73897023365834935     
  0.20554002781869155       0.74951064300177850     
  0.18793446667567434       0.74818932559153295     
  0.18656885126870706       0.73128736133227978     
  0.19164040200280705       0.72522174002641537     
  0.20157082112331134       0.72566206656783749     
  0.20854333453276458       0.72390287831839850     
  0.20890338896273034       0.73089287652553536     
           7
  0.38899327236287190       0.50847283163163814     
  0.39554959540831847       0.51657935414132661     
  0.38157894736842107       0.51315789473684215     
  0.37268358502812710       0.50995426592252335     
  0.36825995107463133       0.50296051228289163     
  0.38158845115284512       0.50341759695205057     
  0.39025158976807972       0.50145663916217453     
           3
  0.71052631578947367       0.50000000000000000     
  0.69769832892801587       0.49463794385957421     
  0.72046455502555928       0.49064767570463425     
           5
  0.73615446723741385       0.75919118113940931     
  0.72758224404339711       0.76393388718713062     
  0.71932223135845708       0.76241575032280562     
  0.71640232326877384       0.74920566653723097     
  0.73323944020905829       0.74328188752487878     
           7
  0.89400867013026819       0.54529244080383821     
  0.87897637409981000       0.54963694337393598     
  0.86824179903060694       0.53489065890788945     
  0.87361601668216349       0.53163546545731299     
  0.87886414783191469       0.52762462526552489     
  0.88479510181725662       0.53231909252394061     
  0.89352889970370253       0.53163560008768773     
           8
  0.13185171852269148       0.92981622547750242     
  0.12326579759557375       0.93030168480025510     
  0.11801390992165890       0.92766676175125751     
  0.12090066359801775       0.92030693536456976     
  0.11955563977271468       0.91054685387975287     
  0.12684570397683326       0.90754579504311839     
  0.13038184608215828       0.91186058773039358     
  0.14142645550431968       0.91201644259163772     
           4
   8.3922576015457551E-002  0.34185662369144598     
   6.6179208386149213E-002  0.34051736460042481     
   9.0639882713361528E-002  0.31584368181907763     
   8.6178744243947392E-002  0.32814812046295694     
           3
  0.86325936970531625       0.35755587442208547     
  0.85526315789473684       0.35526315789473684     
  0.86267547316651627       0.34504575503861462     
           3
  0.53374366745648472       0.78661314279513017     
  0.51803424524667763       0.79326083180531626     
  0.51251947792945196       0.77863853695588947     
           5
  0.93514468430859410       0.85233036164573617     
  0.92868304444087946       0.85384013275008330     
  0.91060954325900312       0.83997981649147824     
  0.90715539256446609       0.82968627470740164     
  0.91368774035498990       0.83027165636286226     
           8
  0.85152508926189663        5.8036122806915030E-002
  0.85129689488028359        6.4102560602072617E-002
  0.83813119438627037        6.0046376358173385E-002
  0.83065544169809236        4.9138694287008088E-002
  0.83044656163257846        4.0880012504079868E-002
  0.83615205954921035        4.1173604142648132E-002
  0.84274158846109049        4.2469740043483813E-002
  0.85181539117648020        5.0743431692714287E-002
           5
  0.48112916835031222        8.0697026105811226E-002
  0.46410733561595824        8.9060064869180916E-002
  0.46332213020777196        8.2560080268900715E-002
  0.46526911546653804        6.9506135480950151E-002
  0.48716682773227815        7.1104666394813124E-002
           4
  0.40292696049524346       0.27625553463684904     
  0.38470140293319305       0.27708493289959057     
  0.39167108056871580       0.25590996138871291     
  0.40849891011756273       0.26336340961438093     
           7
  0.27689654805953479       0.39684263739150516     
  0.26479374427310720       0.40600769073617554     
  0.25857223381707845       0.40432759016392755     
  0.25012191027278219       0.39594765833993562     
  0.25014998083744805       0.38756346248419510     
  0.25263180322648793       0.38158516443071550     
  0.26418759059497898       0.38660773010813654     
           5
  0.20880865786994804        7.7663712269456731E-002
  0.19966971015199528        7.6055660873153769E-002
  0.18461029818829267        7.6583780413329847E-002
  0.19204884877909534        5.5382264845790001E-002
  0.20883571779927135        5.2293768210469993E-002
