   76.000000000000000     
   350.00000000000000     
          75
           8
   18.000000000000000     
   26.000000000000000     
   11.000000000000000     
   30.000000000000000     
   21.000000000000000     
   19.000000000000000     
   15.000000000000000     
   16.000000000000000     
   29.000000000000000     
   26.000000000000000     
   37.000000000000000     
   16.000000000000000     
   12.000000000000000     
   31.000000000000000     
   8.0000000000000000     
   19.000000000000000     
   20.000000000000000     
   13.000000000000000     
   15.000000000000000     
   22.000000000000000     
   28.000000000000000     
   12.000000000000000     
   6.0000000000000000     
   27.000000000000000     
   14.000000000000000     
   18.000000000000000     
   17.000000000000000     
   29.000000000000000     
   13.000000000000000     
   22.000000000000000     
   25.000000000000000     
   28.000000000000000     
   27.000000000000000     
   19.000000000000000     
   10.000000000000000     
   12.000000000000000     
   14.000000000000000     
   24.000000000000000     
   16.000000000000000     
   33.000000000000000     
   15.000000000000000     
   11.000000000000000     
   18.000000000000000     
   17.000000000000000     
   21.000000000000000     
   27.000000000000000     
   19.000000000000000     
   20.000000000000000     
   5.0000000000000000     
   22.000000000000000     
   12.000000000000000     
   19.000000000000000     
   22.000000000000000     
   16.000000000000000     
   7.0000000000000000     
   26.000000000000000     
   14.000000000000000     
   21.000000000000000     
   24.000000000000000     
   13.000000000000000     
   15.000000000000000     
   18.000000000000000     
   11.000000000000000     
   28.000000000000000     
   9.0000000000000000     
   37.000000000000000     
   30.000000000000000     
   10.000000000000000     
   8.0000000000000000     
   11.000000000000000     
   3.0000000000000000     
   1.0000000000000000     
   6.0000000000000000     
   10.000000000000000     
   20.000000000000000     
           1
  0.52631578947368418       0.52631578947368418     
           8
  0.29954230945282312       0.29664863883187353     
  0.28678699522269724       0.29815750987508288     
  0.28212186837642622       0.29968267043078656     
  0.27684282733686699       0.29260223800474627     
  0.27701385819534963       0.28612081934877015     
  0.28552559502391567       0.28160625993859578     
  0.29625914664710928       0.27915148732504474     
  0.30328367515159510       0.27601285646099571     
           7
  0.48292124604008524       0.35406089847067723     
  0.47107141322765073       0.34990366433179981     
  0.45965708200445271       0.34974872080350189     
  0.46426578788592360       0.33204368805543533     
  0.47197795898289457       0.33388081120619323     
  0.48102958676292662       0.33664626374350026     
  0.48223990067947409       0.34194244381111422     
           6
  0.28484200976646140       0.60505374576844440     
  0.27173857557087927       0.60243967930040665     
  0.26314940043189211       0.60472173811002727     
  0.26409165622325936       0.59573100916208843     
  0.27037795298318168       0.58471682094357091     
  0.27573871547568973       0.58128132286920453     
           7
  0.60093009842262368       0.46467431653431235     
  0.59031432833273767       0.46952847629043754     
  0.57983792766994624       0.47242385462324715     
  0.58265903212431569       0.46325525259235600     
  0.57863190032876433       0.45443693915973205     
  0.58292360459070347       0.44720376347029261     
  0.59793270663277498       0.44846886671462266     
           4
  0.73350532084970399       0.26237477789405400     
  0.72368421052631582       0.26315789473684209     
  0.71398879562278439       0.25812376906942158     
  0.72907500352926746       0.25603395283354891     
           4
  0.44032818554233955       0.45481520996020708     
  0.42524811985077104       0.44715695551366752     
  0.43849013652497348       0.43458599755032568     
  0.44592037684676655       0.44318420586661550     
           5
  0.66520581689827529       0.66916628570616754     
  0.65913746388213079       0.67130198116172846     
  0.64512116544477216       0.66325117222865670     
  0.64474425839853766       0.65546994427233640     
  0.65789473684210531       0.65789473684210531     
           5
  0.73208343135341480       0.58895391521390972     
  0.72876175588228809       0.60205605662381712     
  0.71243445532752869       0.58996279400892482     
  0.71480190410997890       0.58237199478587820     
  0.73580522485236766       0.57830900073875524     
           3
  0.33262425088783831       0.78762293774705439     
  0.33279923571784542       0.76286071093832586     
  0.35117821119456921       0.77022490848497660     
           7
  0.53993555908538504       0.87784822962506759     
  0.52850955183380821       0.87916976144957359     
  0.52210815995318238       0.87644496078804524     
  0.51272883859225915       0.87392198586816450     
  0.51393481512481098       0.86280989149755449     
  0.52718567309251996       0.85760920755890679     
  0.53438925703610696       0.86987800774330404     
           8
  0.73761627804635488       0.85989841136360701     
  0.71802325622454788       0.86924231491365767     
  0.72028995028346088       0.86297102848037976     
  0.71366515425045052       0.86208684069256614     
  0.71262079657687716       0.84975538668049189     
  0.72748489502378255       0.84302101613499647     
  0.73533670153359154       0.84736978025099474     
  0.73440945217568876       0.85436801374396742     
           3
  0.45213436123946765       0.68334804692898388     
  0.46864593711969360       0.65735402479365612     
  0.46957755012740465       0.66720551525233007     
           4
  0.82432367907339510       0.46645496778011364     
  0.81003939770447209       0.47362609812224210     
  0.80727853908015923       0.45027880595931707     
  0.82059521075671449       0.44965142826820970     
           5
  0.82924083052209263       0.75342060621933882     
  0.80688327896502277       0.76245206343356209     
  0.80323438132975866       0.75547471465503613     
  0.80684677986285080       0.74215810617689348     
  0.82990200034519890       0.73714456310205645     
           8
  0.82307812981248429       0.31736796584065380     
  0.82990164893308938       0.32527292264944674     
  0.82667016330490239       0.32896201819728266     
  0.82006537264060153       0.32536723205558915     
  0.80385082989118717       0.31597476827897925     
  0.80667695315443366       0.30642207948076244     
  0.81359229212406925       0.30406443360728969     
  0.82115162475886694       0.30744681911758276     
           7
  0.28514032184637528       0.47274150478912635     
  0.29037417870410526       0.48302826128649134     
  0.28147220177932220       0.48163357518847116     
  0.27521042597716050       0.48109546267058512     
  0.26354810230232456       0.46495655509736272     
  0.27919224310358803       0.46268193102527877     
  0.28956111109530119       0.46016937791162887     
           6
  0.44429748613438308       0.58357578579458125     
  0.43741606941576722       0.59116332079660294     
  0.42446674568686937       0.58013750259708285     
  0.42280074480540936       0.57052425318678912     
  0.43431418729090782       0.56998310010844122     
  0.43928665029277186       0.56500904520367090     
           5
  0.12838735139726948       0.74716518802974541     
  0.12167679013359212       0.74532329700923905     
  0.10894654981116686       0.74457329695740770     
  0.10901310143546310       0.73330367898495175     
  0.13220631723648713       0.73148178348183113     
           8
  0.82471230101404580       0.64446557345089184     
  0.81850773839936519       0.64517715053828306     
  0.80682453115436181       0.64523397860345044     
  0.80169029294814365       0.64277881597480535     
  0.80810301696834619       0.63824740218590914     
  0.81238919096803264       0.62280231637899175     
  0.81720719743107273       0.62042357875544019     
  0.82684008501480410       0.61962861302650940     
           6
  0.87858407207505795       0.19614494567815816     
  0.86001858001120457       0.18919914811193658     
  0.85813769501774972       0.18339748446567619     
  0.86552819062732489       0.17364290585932529     
  0.87424017728823666       0.17356404531499298     
  0.88197098464349999       0.17792500051656779     
           8
  0.59180276162445089       0.18511199476201118     
  0.58538969589878376       0.18390036480592981     
  0.57724578473474120       0.18479071569504285     
  0.57148650842818005       0.18448593852932341     
  0.57034315586682327       0.17480648763103743     
  0.58178169905292121       0.15821585379857619     
  0.58969927639398534       0.16641728048972720     
  0.58876044863971544       0.17653289055640334     
           3
  0.32853722808087232       0.18377572834270681     
  0.32971941315342695       0.16823153443012134     
  0.35139666198558994       0.16460520083777716     
           3
  0.14473684210526316       0.36842105263157893     
  0.13448418278164534       0.37514292898169588     
  0.13903591912820368       0.36028327534951110     
           5
  0.10516186855880991       0.57221393797609343     
   8.9169927795706677E-002  0.57574392531888974     
   8.3803583180105015E-002  0.57009588812233525     
   8.7177123714153648E-002  0.55309271441348518     
  0.10102909933431418       0.56738671511954109     
           8
  0.23777215129498308       0.83971077183973586     
  0.23049935198963886       0.85043229249753494     
  0.22096742598093977       0.85338429851511344     
  0.21001600600487372       0.83773958965153206     
  0.21736459199161587       0.82973670978951020     
  0.22338439506656188       0.83072915906222844     
  0.23059573059466951       0.83205349434463993     
  0.23080615961973561       0.83810047013275690     
           4
  0.54853198657736957       0.60722812674440529     
  0.53947368421052633       0.60526315789473684     
  0.53014759509533571       0.59357233551648214     
  0.55088558149178535       0.59275592096972995     
           7
  0.73511579830219564       0.45510356615284253     
  0.73130455290205831       0.45931904438275473     
  0.72160075264844425       0.45457767328805687     
  0.71621445002677264       0.45243625833012679     
  0.71169667496825550       0.44493682712363081     
  0.72650017334517814       0.43651957114580814     
  0.73723051667235218       0.43663310570633507     
           6
  0.47179650319795241       0.21713212802478787     
  0.46083295717609130       0.22364552098704019     
  0.44762482462341885       0.21256045655774500     
  0.45304558929341487       0.20075906475638358     
  0.46268033571278566       0.20296048043185910     
  0.47362231846259306       0.20121907350626630     
           4
  0.69665410562880881       0.35485052179644500     
  0.68442811280036597       0.35546739671369881     
  0.67607620323141060       0.33467206635311542     
  0.68316775531620455       0.32819598220872104     
           8
  0.57605103361822907       0.34375062492989750     
  0.57609351689325006       0.35164029850801648     
  0.56746205323031262       0.34930586498400934     
  0.56350455382712539       0.35275133330833197     
  0.55827745579300470       0.34307984846143752     
  0.55860604310861617       0.32961330109848580     
  0.56445614063722127       0.33111662100621020     
  0.57521320128072206       0.32834698406320856     
           7
  0.42077013580879219        1.0113553965194206     
  0.41252184892180294        1.0091972614974802     
  0.40100507170400179        1.0101817071417278     
  0.39913595587273620        1.0044688680948648     
  0.39749185668063580       0.99577141230758337     
  0.40261547988156343       0.98929059614752435     
  0.41165531265447786       0.99153284837493061     
           3
  0.29206083073856887       0.71037865009055001     
  0.28127889039918008       0.69042620687511347     
  0.29968568496218317       0.68517961132183691     
           6
  0.35312526420255963       0.39181785199338354     
  0.34584193581809125       0.39504755493968935     
  0.33309974240702495       0.39111747841279598     
  0.33105241669327523       0.38420847838204097     
  0.33718382752028964       0.36857278107282992     
  0.35279548187796417       0.38519988336182293     
           8
  0.66573671215744923       0.53490209587091508     
  0.66888800298536999       0.53914231327395989     
  0.65799968222466976       0.53893855710687899     
  0.64666416848407604       0.53595079187547379     
  0.65044485518292028       0.52654646639473268     
  0.64428000629284898       0.51684495247686268     
  0.66530728267958128       0.51997350427920386     
  0.67074728724806587       0.52084132530909610     
           7
  0.73336444568261672       0.66200849855470345     
  0.72366631891030098       0.66788612007706261     
  0.71779295905221607       0.67084379723477039     
  0.71243099085763162       0.65401506050920999     
  0.72197123952512265       0.64971663486921405     
  0.72820945736602138       0.64974706107085944     
  0.73582885112841834       0.64575432737551963     
           7
  0.72190267916154838       0.14324482091904581     
  0.71557530267062153       0.14171363065606976     
  0.70460468914595353       0.14242378069568520     
  0.70159279070962854       0.13661074624110039     
  0.70199846243770347       0.11942873650541097     
  0.71423283262674842       0.11838481528888686     
  0.71529361748144960       0.12435721063694037     
           3
  0.78947368421052633       0.19736842105263158     
  0.77682917453316813       0.19699485658350116     
  0.78598931990621901       0.18768599776982328     
           3
  0.63060909856104652       0.87966725048822048     
  0.61557655168352809       0.87979576651851010     
  0.61414680573675717       0.85836444892274644     
           5
  0.39957914773900599       0.80006015248393048     
  0.38590577074061799       0.79349585398295808     
  0.39511609770503758       0.78023692566345981     
  0.40489185930129823       0.77989460753586959     
  0.40581831064936041       0.78772929183984441     
           4
  0.39237620477594692       0.66698536466428160     
  0.38495330330897926       0.66875101264640358     
  0.38702257199821066       0.64902463296729029     
  0.40333942416526342       0.65498225852409331     
           5
  0.15764336306420881       0.23560551614574274     
  0.15071064575431956       0.22833608925500123     
  0.14875747554772686       0.22217482348474984     
  0.16352417007591802       0.21658680401209815     
  0.17100054367370246       0.20968504465174612     
           5
  0.19777250597370089       0.19684920214027643     
  0.19016770798003682       0.19194739823863949     
  0.18728675548391227       0.18382738407133975     
  0.19041857175717836       0.17145452245936857     
  0.20203484191360330       0.17618881417442991     
           3
  0.20728696060345850       0.26265079559647503     
  0.20206931735436462       0.24241546756630758     
  0.21400956794490839       0.24099056223651089     
           6
  0.28461975462829525       0.63743445563396028     
  0.26312255973069376       0.64500486428706783     
  0.26246658533005113       0.63562009599898894     
  0.26794667344894385       0.63229048822613287     
  0.26650943886513695       0.62622299390608815     
  0.28402216999727586       0.62082912382363731     
           5
  0.66627795618627006       0.40509926236532762     
  0.65472901703985042       0.40219448828967103     
  0.64536314640553749       0.39977732200658811     
  0.64735060939919120       0.38915100696234717     
  0.66931703910737450       0.38763575631230901     
           3
  0.66414432905142495       0.56027044319293418     
  0.66676159610803798       0.54286006881476800     
  0.68360455996026959       0.55047013133484146     
           3
  0.65789473684210531       0.19736842105263158     
  0.64760004005203942       0.20369332851038849     
  0.64617396833339313       0.18752462462837718     
           7
  0.63922745029916006       0.28139468443471566     
  0.63980598853326109       0.28858298430586005     
  0.63466660234613481       0.28434091411738793     
  0.62697135319297315       0.28446020869040073     
  0.62045528524775673       0.27503949523653759     
  0.63525709169598166       0.26643106282443058     
  0.64556250120809633       0.27068447224174980     
           3
  0.15752902674534019       0.51093549917722747     
  0.15789473684210525       0.50000000000000000     
  0.17142338389173514       0.50316401241771980     
           5
  0.20598307873122323       0.73916906429504270     
  0.20985884821116460       0.74609716618737909     
  0.18714805711742252       0.74969626002757039     
  0.19606208795894875       0.72772057132448909     
  0.20851169886738904       0.72885856492351520     
           8
  0.39510299375775487       0.52373381712205425     
  0.38812695486332954       0.52273031782063351     
  0.38137963444357537       0.52446881275277446     
  0.37383072908650472       0.52686726887290736     
  0.37088109254247792       0.52242229831987430     
  0.37196468305400920       0.51625839937888640     
  0.37334354658439295       0.50161595120675573     
  0.38965394683142807       0.51211643377918936     
           7
  0.71805849247338871       0.49889343856145457     
  0.71092674619821872       0.50770742556622817     
  0.70504182702824048       0.51410323204875408     
  0.70150829519491398       0.49716914246466637     
  0.69780375637513792       0.48711768879587486     
  0.71734052383657587       0.49263910291571522     
  0.72422231564204476       0.49135565265269543     
           3
  0.73556636067158565       0.76065834505775842     
  0.71791883390181432       0.76014746849091375     
  0.72368421052631582       0.75000000000000000     
           3
  0.88157894736842102       0.53947368421052633     
  0.86786359508192290       0.53355746066958099     
  0.87878038073644749       0.53200451114713287     
           5
  0.12921524264726697       0.93507974315872522     
  0.12365076915382758       0.93239782032497120     
  0.11869056123826344       0.91738255716764827     
  0.12565119685791254       0.91370883999664987     
  0.14149177687056932       0.90831494681817149     
           6
   8.6552205247126909E-002  0.33450184116940551     
   8.2542677043861049E-002  0.33909641140078361     
   7.3059209236729344E-002  0.33737840471005148     
   6.8836874235532808E-002  0.32420783980594681     
   8.3017196241331637E-002  0.32098598309052517     
   9.0220038678799241E-002  0.32079228992578440     
           6
  0.86317357302669839       0.35606962547752818     
  0.86453707242454847       0.36565289369243870     
  0.84652656375070767       0.36544010003399069     
  0.84594437153038782       0.35332939215823639     
  0.84699070245437502       0.34233512749903700     
  0.86857079549228833       0.34402537285671136     
           6
  0.53741998525859991       0.80252012883241064     
  0.52354023052301868       0.80150871144725921     
  0.51908640569482811       0.79550817219544545     
  0.51380667020927850       0.77675618600916374     
  0.52290532693345948       0.77907516559444345     
  0.53580585559549510       0.78910930149086678     
           3
  0.92105263157894735       0.84210526315789469     
  0.91016356652959973       0.82939226022476165     
  0.92756075400986682       0.83096600710185298     
           3
  0.85606365520396033        4.7782034338421625E-002
  0.84210526315789469        5.2631578947368418E-002
  0.85107870962781662        4.0676947639509464E-002
           6
  0.46440296501861639        8.6571258259820816E-002
  0.45974137178564611        9.0995719185260088E-002
  0.46052183736550234        7.4323547418570168E-002
  0.46502023696131894        6.6875338084825389E-002
  0.48424254460260446        6.9098493054072660E-002
  0.48141450845954009        7.4746479941797270E-002
           3
  0.38859152103069772       0.27096462748702588     
  0.38352214232278864       0.25704535460652223     
  0.40414780880457973       0.26088776998983026     
           7
  0.27650810708599299       0.39292617749856368     
  0.27098450324966739       0.39925892126428686     
  0.25813023523374323       0.40411059648760683     
  0.25125737792135455       0.38608565682124796     
  0.25685188076197485       0.38505957234062249     
  0.26353208208698342       0.38505321953886440     
  0.26830301854334726       0.38243081697004144     
           8
  0.20933248979570046        6.9245301740156195E-002
  0.20645563969858952        7.3584169418787468E-002
  0.19603991558835501        7.9447875808137003E-002
  0.18847838969901312        6.7448530361497727E-002
  0.18633538770465172        6.2477225804291651E-002
  0.19295310759357387        5.7412936653284778E-002
  0.19267716921164205        5.1907898353531517E-002
  0.20902119040912778        6.2574311389774095E-002
           5
  0.66760543080543444       0.92867631763078440     
  0.65842790463258705       0.92831676614443925     
  0.64766608765419897       0.90763682101223575     
  0.67194004692101539       0.90829086721024044     
  0.66955238591836042       0.91511571170875039     
           8
  0.75832763607070586       0.95563004749283598     
  0.75907749140409131       0.96114777786204375     
  0.75039546493380405       0.95635631684984512     
  0.74075410980185041       0.95606254554627890     
  0.74198381151827031       0.94826864781422082     
  0.74314771964937587       0.93623966003669390     
  0.74989499381131175       0.93372370995247111     
  0.76040746783862367       0.94396691616727779     
           4
  0.60446626192728636       0.56145403104665237     
  0.59826865091439052       0.56602090257782200     
  0.58444447145546596       0.53873080756908687     
  0.60347582341629769       0.55149972858184071     
           3
  0.49940251884659326       0.44758942445727434     
  0.50000000000000000       0.43421052631578949     
  0.50810990027009184       0.42660047708570853     
           8
  0.66847449606147202        6.3934253036183469E-002
  0.65384367881733374        6.5361181359660625E-002
  0.64998799973788901        5.7151610359452050E-002
  0.64446246993487344        5.9359701155165992E-002
  0.65013054435582029        5.2068122951199822E-002
  0.64792339381569752        4.2264838926348733E-002
  0.66792703674169485        4.2432951635946133E-002
  0.66889042814717958        4.9727658904456976E-002
           3
  0.86071317611260656       0.11911488131894667     
  0.86842105263157898       0.10526315789473684     
  0.87814436831091658        9.9059471396076126E-002
           8
  0.78450515165289880        6.6177479245592058E-002
  0.77071526296868198        7.8556120178117694E-002
  0.76922736247401724        6.8298737711033147E-002
  0.76345135501577421        6.9244186107326106E-002
  0.76780524681816442        6.2129442822504023E-002
  0.76395279534280791        5.1676075357133082E-002
  0.76755280401454640        5.6083620612570037E-002
  0.77358423895132200        5.4857287338656982E-002
           5
  0.47156495397365739       0.80225123166116763     
  0.46460743994785614       0.80189943825674492     
  0.45409194925842072       0.79744533010763774     
  0.46550529503357274       0.78103784832613177     
  0.47361576247892506       0.78296030117119186     
           5
  0.36373007928143469       0.32067866339897727     
  0.35834921868098568       0.32526609156525910     
  0.34953638042737789       0.32503638494625164     
  0.35851284553964041       0.30732592455279284     
  0.36807668489215112       0.30408517340600089     
           5
  0.52848935145097520       0.27333959953740083     
  0.51335417502067571       0.27152244244212564     
  0.51775326534126753       0.26144232649791205     
  0.51581007042209037       0.25346530119195287     
  0.53272324730292342       0.25485282952063026     
           6
  0.52775831167260634       0.49704335178887982     
  0.52106137225132443       0.49818321240448449     
  0.51910782610295736       0.48570349323305162     
  0.51339493882538068       0.47419718894577462     
  0.53109618877031839       0.47379125651931570     
  0.53982032145587833       0.48013514791944778     
