   76.000000000000000     
   135.00000000000000     
          69
           8
   18.000000000000000     
   26.000000000000000     
   11.000000000000000     
   30.000000000000000     
   21.000000000000000     
   19.000000000000000     
   15.000000000000000     
   16.000000000000000     
   29.000000000000000     
   26.000000000000000     
   37.000000000000000     
   16.000000000000000     
   12.000000000000000     
   31.000000000000000     
   8.0000000000000000     
   19.000000000000000     
   20.000000000000000     
   13.000000000000000     
   15.000000000000000     
   22.000000000000000     
   28.000000000000000     
   12.000000000000000     
   6.0000000000000000     
   27.000000000000000     
   14.000000000000000     
   18.000000000000000     
   17.000000000000000     
   29.000000000000000     
   13.000000000000000     
   22.000000000000000     
   25.000000000000000     
   28.000000000000000     
   27.000000000000000     
   19.000000000000000     
   10.000000000000000     
   12.000000000000000     
   14.000000000000000     
   24.000000000000000     
   16.000000000000000     
   33.000000000000000     
   15.000000000000000     
   11.000000000000000     
   18.000000000000000     
   17.000000000000000     
   21.000000000000000     
   27.000000000000000     
   19.000000000000000     
   20.000000000000000     
   5.0000000000000000     
   22.000000000000000     
   12.000000000000000     
   19.000000000000000     
   22.000000000000000     
   16.000000000000000     
   7.0000000000000000     
   26.000000000000000     
   14.000000000000000     
   21.000000000000000     
   24.000000000000000     
   13.000000000000000     
   15.000000000000000     
   18.000000000000000     
   11.000000000000000     
   28.000000000000000     
   9.0000000000000000     
   37.000000000000000     
   30.000000000000000     
   10.000000000000000     
   8.0000000000000000     
           1
  0.52631578947368418       0.52631578947368418     
           8
  0.29659450659659714       0.29477738995882807     
  0.28902391643712272       0.29990527152271856     
  0.27851869206346375       0.29852671750014836     
  0.27546119205958136       0.28890500518451262     
  0.27944860970963931       0.27988426663149846     
  0.28741785118081614       0.28080758329884070     
  0.29601720296091233       0.28009391648129767     
  0.30088777048487569       0.28551178496730933     
           5
  0.48583468637397803       0.34330261824906971     
  0.48034505691256574       0.35574129742360927     
  0.46167106382801404       0.33290327301033362     
  0.46834099648292443       0.32978179699695953     
  0.48444943397731022       0.33530259834867460     
           6
  0.28400976690437113       0.59885721066742015     
  0.27146615121797424       0.59950478847830779     
  0.26760959729099359       0.60483672412962097     
  0.26717712752886913       0.59530021341477246     
  0.26560314347030572       0.57873490108837100     
  0.27807638662609313       0.58162910721886629     
           6
  0.60211117099267542       0.45867736224368749     
  0.60455531085803105       0.46900547995160474     
  0.58439351383231020       0.46577791686014391     
  0.58401970353459542       0.45355360289983199     
  0.59487086293163194       0.45057784210495599     
  0.60504329526316336       0.45124424330983082     
           4
  0.71164713354195142       0.27543562455367526     
  0.71075931214135091       0.26721787591563134     
  0.71395696391737995       0.25978461090860716     
  0.72368421052631582       0.26315789473684209     
           6
  0.44807036240381637       0.45254797177677231     
  0.43903255713593631       0.45613692747361800     
  0.42624209376381877       0.46004062201062113     
  0.42372693348219226       0.44236527393177516     
  0.43028082186962657       0.43779756841830753     
  0.43561632212184931       0.43345563568900747     
           5
  0.67129768580040261       0.66683111733127454     
  0.65178972192630014       0.66524541936474268     
  0.64436368915883979       0.67087343834246294     
  0.65309793103879499       0.64940707562890010     
  0.66426852956749727       0.64868165502459840     
           8
  0.73286692314420776       0.59489820147322847     
  0.73625894397259950       0.60604264290895138     
  0.72129349844692170       0.60414081180454815     
  0.71444687827445075       0.60340744491726583     
  0.71002314245379472       0.59470160991486076     
  0.71042590560810293       0.58512533925704258     
  0.71396480304584098       0.57925886543485550     
  0.71958656485461436       0.58445315169495349     
           3
  0.34100518379835965       0.78780232442212261     
  0.32887861918442240       0.76480504925554627     
  0.35456984124501401       0.77480154496661824     
           3
  0.52631578947368418       0.86842105263157898     
  0.51965192850193620       0.86060904333198618     
  0.52796381833706996       0.85842929867495266     
           6
  0.72721401222549598       0.86599503378595766     
  0.72018751708637196       0.86432550547293552     
  0.71203097321071795       0.85061335662330362     
  0.72131049236195133       0.84221967537635400     
  0.72858069721791729       0.84438338239385891     
  0.73714690825027707       0.85157455213056443     
           3
  0.46052631578947367       0.67105263157894735     
  0.45203243753601174       0.66502051422352093     
  0.47250629958951035       0.65954213021266617     
           5
  0.82740745989709708       0.46585731179604783     
  0.82929345199306970       0.47275883989361361     
  0.81196348518535055       0.47116016900940599     
  0.80861947460607375       0.44781697799599424     
  0.82384717273632790       0.45116754088935385     
           6
  0.82153404404824382       0.75734763631969493     
  0.82007062147591714       0.76305972595570482     
  0.81235175898889789       0.76174068701592745     
  0.80791075427106629       0.74524718906462595     
  0.81948121930975026       0.74275173498186686     
  0.82984389931537805       0.74921797648317257     
           5
  0.82338721895130806       0.31513639146182931     
  0.80411523414852226       0.32534125879699305     
  0.80679335529196317       0.31388303096919695     
  0.81478906438983856       0.30772664255123011     
  0.82362859813955125       0.30470644519661977     
           4
  0.28585295964119156       0.47413558656301313     
  0.26917232018160037       0.48318494910412807     
  0.26466923920776497       0.46844337645129841     
  0.28998830049524338       0.46569404899223937     
           3
  0.43807658488211543       0.59213457283510740     
  0.42793464567283768       0.56730976277574274     
  0.43600641511899335       0.56847153444538334     
           8
  0.13212971030414231       0.74322225420999311     
  0.12527988205924659       0.74506095245458948     
  0.11456501128177886       0.75078893811570391     
  0.11099136352940885       0.73750825767861450     
  0.10595241314071933       0.72658650053839446     
  0.11198742710684528       0.72902277518046055     
  0.12014782257391068       0.72273341331725893     
  0.13130177704768192       0.72472205336654938     
           5
  0.81503373299955584       0.64012640749679761     
  0.80303558658660701       0.62882857805549408     
  0.81084313818772746       0.62375689073127671     
  0.82751070457232523       0.62094891027890442     
  0.82518349992080731       0.62704115756919621     
           6
  0.87907058954047179       0.18197392237506316     
  0.88189599132906238       0.18854047822337144     
  0.85541749691049696       0.19379491120841916     
  0.85577957818786532       0.17835999533476676     
  0.86029817961330468       0.17150310621599238     
  0.86961362364895878       0.17375250448059079     
           3
  0.58430914259379230       0.18462045568620894     
  0.56976343155437748       0.17592883820905131     
  0.57894736842105265       0.17105263157894737     
           8
  0.35525397770005357       0.17207662741376792     
  0.34181339028523106       0.18018731195651830     
  0.32988105416144325       0.17340531411403695     
  0.33078453186721751       0.16230789192897088     
  0.33172868563646679       0.15697140805691839     
  0.33628492124965581       0.16124079031073221     
  0.34760360915274613       0.16388739650368428     
  0.35539793180699242       0.16243735256837399     
           8
  0.15523541547329509       0.37099644436010992     
  0.15789964006840007       0.38018455134139600     
  0.14974554710741547       0.37941985615267204     
  0.14322666231491074       0.37914652870037052     
  0.13293134914706670       0.37511196231196142     
  0.13259113583570106       0.36265081416174982     
  0.13837535466828901       0.35848858843995041     
  0.14778158512411413       0.36135161436767732     
           4
   8.9617069177811773E-002  0.57766073035659560     
   8.1203735605188884E-002  0.56957973031208164     
  0.10231740142035346       0.55591180800090401     
  0.10621687121252955       0.56574008899053929     
           8
  0.23640283536777329       0.84534937142860533     
  0.23024058116382767       0.85101167803755362     
  0.22193206958306672       0.85347960556179481     
  0.21493240918699724       0.85090049675968438     
  0.21048323844510727       0.83838597839842677     
  0.21743548339368732       0.83491559850938091     
  0.23216192272957992       0.83064022258651538     
  0.23623081575993315       0.83521287963313062     
           5
  0.54620480183894149       0.61365505333530901     
  0.52845003635949050       0.61846761121396154     
  0.52618484166154200       0.59344851900169537     
  0.53764141153389733       0.59738170921770273     
  0.54521202298748828       0.59261171787025257     
           7
  0.73731041860288837       0.45202660039341835     
  0.71837261457637924       0.45803900620268567     
  0.71647316655850535       0.45094435221353890     
  0.70967532935247235       0.45099929579542808     
  0.71171015306549990       0.44550265400651395     
  0.71689412418723930       0.43646685216119302     
  0.73626456552729380       0.44280699379761612     
           4
  0.46568455548280013       0.22094351614417074     
  0.44874942509122451       0.21776923220806174     
  0.45122879342211508       0.19879064802812199     
  0.47159261026976979       0.20795705580486867     
           5
  0.68122821318635640       0.35336631796830065     
  0.68421052631578949       0.34210526315789475     
  0.68808017815576983       0.33094941031749325     
  0.69444438161776101       0.33003998112316862     
  0.69563971711595729       0.33779950665255398     
           4
  0.55262469748432008       0.35358370276453682     
  0.55168812326312189       0.34508430479140478     
  0.55844297717039837       0.32873578870711589     
  0.56578947368421051       0.34210526315789475     
           8
  0.41374517520077936        1.0072316634052652     
  0.41192888578485387        1.0137752421521427     
  0.40238479896794466        1.0100560288977218     
  0.39417716052389634        1.0131946138722263     
  0.39640634209639403       0.99784249039169814     
  0.39846949605971860       0.98832618914815351     
  0.41356100927893319       0.99066755642581927     
  0.41773190504692775       0.98665100454432730     
           7
  0.29721275968643396       0.69946634651216166     
  0.30240264832346675       0.70515101663895230     
  0.28864230649515804       0.70571241943566798     
  0.27684081415505246       0.69490649727819154     
  0.28245859546343599       0.68969065186281464     
  0.29946054846305264       0.68614974162468845     
  0.30121045025489129       0.69363213236897858     
           8
  0.35166823982173545       0.39208406945986629     
  0.33712804114383671       0.39130350441978201     
  0.32852024706857791       0.39135286237997657     
  0.32858686129941811       0.38113547259174296     
  0.33086026579339534       0.37466619152957570     
  0.33531835403516069       0.36758671516859420     
  0.34310475231871657       0.37417711898062095     
  0.35167388693200002       0.37401477492479079     
           6
  0.66672167525267423       0.53756629316114923     
  0.64969753872902902       0.53545461449653320     
  0.64437201106793163       0.53793547114017470     
  0.64897946205647006       0.52738452206398689     
  0.64722626585830856       0.52102318262778669     
  0.66556829034776999       0.52874365939034496     
           4
  0.72355693683402289       0.66543106128847307     
  0.71460395516019182       0.65415163358082207     
  0.72978219425224922       0.64535114795345738     
  0.73579895425458008       0.65168881415869884     
           4
  0.72041020061596772       0.14077934427001609     
  0.69984324923423347       0.13518419396461867     
  0.71930157508907833       0.12161070871906153     
  0.72408977163035193       0.12662786135051546     
           7
  0.80303744282506884       0.19750605200968308     
  0.80325145966544576       0.20736330134971617     
  0.79521831860158820       0.20579215964140085     
  0.77917376103669334       0.20058870410053026     
  0.78209081516235157       0.19407728370475469     
  0.78363140236506446       0.18599795432112715     
  0.80291748937079144       0.18684825831622665     
           8
  0.62773978897496518       0.86951414110091685     
  0.62991321611876105       0.87742968682017186     
  0.61363374985716168       0.87842545208268741     
  0.60471995607873374       0.87614039109199482     
  0.61946576389327757       0.85845020560420049     
  0.62608193217896790       0.85555319012341902     
  0.63220916170430952       0.85437756316525937     
  0.63043323195206469       0.86136434888068603     
           3
  0.39473684210526316       0.78947368421052633     
  0.38738289282165150       0.79207085367798202     
  0.38085134072610444       0.77661364830951873     
           4
  0.40337513647679268       0.66205262544879273     
  0.38117873148072084       0.66794769131132947     
  0.38358089985324700       0.65074258954648190     
  0.38841553506155069       0.64539248168815444     
           7
  0.16760858827967129       0.22788542770158865     
  0.15816941262949122       0.23621390400941614     
  0.15506510985417621       0.23083994948948117     
  0.14883225806487874       0.23626154498514279     
  0.15104088222625872       0.21434184310467616     
  0.15905719603212831       0.21554795168968627     
  0.16076765122938039       0.20968801854149971     
           5
  0.20690298377595698       0.19732872636266230     
  0.19668854275594355       0.19674902754002377     
  0.19251041256504772       0.19215691047241573     
  0.19549729776677868       0.17300347973612359     
  0.20939726970741335       0.17486463219913523     
           8
  0.22185887207378607       0.25977194841637519     
  0.21224611617667355       0.25997934089253316     
  0.20258603423053362       0.25563976462882859     
  0.19760830613669686       0.25685862631152095     
  0.19925659128650286       0.25117426569254392     
  0.20310646050497397       0.24647271087355255     
  0.20759825017816522       0.24091180872832452     
  0.21462979386427469       0.24269705866152663     
           6
  0.28792924456425750       0.64549057821853428     
  0.27938190893140469       0.64484248692876511     
  0.27662040281600941       0.63885788133174537     
  0.26554891408966508       0.63886266807552550     
  0.28019383194527575       0.62021909407704345     
  0.28396427045267497       0.63628889929595100     
           6
  0.67082854284782556       0.39916192207846557     
  0.66807637101301254       0.40883322428786645     
  0.64949386929042519       0.39845678425825692     
  0.64437933254812574       0.38818329545542962     
  0.65937637743790578       0.38451932445294018     
  0.66820603874065820       0.38504332616606146     
           5
  0.68271615792343188       0.56073869864514014     
  0.66630753920182673       0.56593939606523902     
  0.66167488209529779       0.54828208870651229     
  0.66133314928628306       0.53852781275545192     
  0.67319964173952140       0.54023293800508665     
           7
  0.65789473684210531       0.19736842105263158     
  0.64474511116279887       0.20927603742240727     
  0.65058954582428241       0.20033875718044175     
  0.64464281016284719       0.18460728251261679     
  0.65309271526920454       0.18595452789693520     
  0.67129679431478306       0.19132160273369520     
  0.66510240634201101       0.19356797124929798     
           3
  0.64450464449828315       0.28568033883954519     
  0.61930439113631208       0.27983455795322987     
  0.63157894736842102       0.27631578947368424     
           3
  0.15899632017768894       0.51379081555625616     
  0.14707736092846441       0.50587339499460460     
  0.16109404680300066       0.49219079138310678     
           5
  0.20418548956116070       0.74931191419278764     
  0.19743469675362305       0.74918012602358663     
  0.18900790764052527       0.74091241072138725     
  0.18718537595758858       0.72727741537501200     
  0.21039864313524040       0.72351817659961015     
           6
  0.38883789396899360       0.52381960020084728     
  0.37920005502309889       0.52613222961489592     
  0.36754525102551827       0.52339626091922131     
  0.37043207203021711       0.51716802194325495     
  0.37421243554250710       0.50233190004597850     
  0.38382189951914486       0.50328733852640162     
           7
  0.72374245952606020       0.50450369906145620     
  0.70966826750224443       0.51201280412327221     
  0.70493060304376443       0.50893629136691254     
  0.70143625200341808       0.50087719807552267     
  0.69946785646405185       0.49302938707326044     
  0.71397067247204549       0.48691094115396694     
  0.72052825815732668       0.48799358217675703     
           7
  0.73513729652131532       0.75186981439986167     
  0.73729916332731238       0.76320624704931950     
  0.72895172364200034       0.76104611270844214     
  0.71326660317498158       0.75245715494305832     
  0.71289283530766834       0.74094596873953222     
  0.73152701816672572       0.74433012459453463     
  0.73701361320995684       0.73738211742504312     
           7
  0.88778232800105727       0.54714161662183902     
  0.87458850151717304       0.55053809681176591     
  0.86782425272197095       0.55021207746927803     
  0.87082478090238224       0.53439563590944250     
  0.87888437979422496       0.52872238555823758     
  0.89323158125277380       0.53398164160149142     
  0.89142024965695554       0.53911609532679128     
           3
  0.14035188708241955       0.92858925602377329     
  0.12460359450813036       0.93157932050681047     
  0.12652637698453592       0.90718018121781274     
           3
   9.1299864524685734E-002  0.33609086305677383     
   6.9872605411286468E-002  0.33277909090184232     
   6.7204866458338772E-002  0.32101531003437134     
           6
  0.86793004860775669       0.36460891434126663     
  0.84547095081471091       0.36165693478679034     
  0.84298313490129828       0.35163727627222979     
  0.84372708140012964       0.34258043185453341     
  0.85316369587709862       0.34769645576530439     
  0.86798148528934738       0.35350807700868581     
           8
  0.52610963696804847       0.79881204464087785     
  0.51829007731342402       0.79977986104006171     
  0.51902049434081754       0.78929374367066452     
  0.51522044612106621       0.78398474833286136     
  0.51816264120655975       0.77634140206960067     
  0.52179298122313789       0.78211661466148297     
  0.53129307352723198       0.78079184991922412     
  0.53991078340053689       0.77792689459196940     
           5
  0.93248740505461947       0.84689232628980626     
  0.92738070091707392       0.85528114883490813     
  0.90702058558926213       0.85183604667995183     
  0.91665388863843678       0.82977873946959813     
  0.92467204212970888       0.83365937142619351     
           8
  0.85002757234947013        5.5626022145812117E-002
  0.83699881894855854        6.5389027435147490E-002
  0.82943282146573061        6.2970817832423295E-002
  0.83012643538094022        5.5326316123305526E-002
  0.83227208763131133        4.8350335061017519E-002
  0.84822180383172963        4.1278852371961716E-002
  0.85570708332876522        4.2833195784392021E-002
  0.85567556875970274        4.9824148123150357E-002
           8
  0.48761806719933254        8.5407846798528766E-002
  0.48605392563917876        9.3040059303410749E-002
  0.47863575487261217        8.9579381363713850E-002
  0.47138426662438748        9.1289939585558116E-002
  0.46189383120871391        8.5447612883779001E-002
  0.46313036887579651        7.9565261187124092E-002
  0.46588922870727784        6.9318842230707126E-002
  0.48089835470029813        7.0986489072404527E-002
           4
  0.39734215334331779       0.27076664388004484     
  0.38825033358255240       0.27037623166844249     
  0.39473684210526316       0.26315789473684209     
  0.40728068350986507       0.26630397532511019     
           4
  0.27161010108671024       0.40651603051479507     
  0.25815067751984433       0.40874326873281902     
  0.26315789473684209       0.39473684210526316     
  0.27476362396944937       0.39178025487281437     
           6
  0.20137714287365902        7.5887118887845953E-002
  0.19266698574431526        7.8469847308339294E-002
  0.18387062050876926        7.2651463374473743E-002
  0.20778395093057908        5.6661317775102561E-002
  0.20479976286085005        6.4655307692019923E-002
  0.21039793086742922        6.8739529106044070E-002
           8
  0.66915179372487965       0.93293425180454148     
  0.66426816417413648       0.93394345273390000     
  0.65649195234355551       0.92908634894450337     
  0.64931801078346674       0.93485091201858017     
  0.64533099577503272       0.92239377915747878     
  0.64607174785387467       0.91613845635385072     
  0.65596497297902701       0.91285082515074123     
  0.65964672191198270       0.90705855047372064     
           3
  0.74453867256916018       0.95531316439170078     
  0.73979162378432073       0.93573962445056647     
  0.75644110345403370       0.93964398799636328     
           8
  0.60380218075520720       0.55704410116582792     
  0.59768709058612757       0.56453040450345182     
  0.59111278153552460       0.56482885439667818     
  0.58805724648274305       0.55998700604643714     
  0.58265437158007116       0.56176595619615399     
  0.58094275036224330       0.54802858152588396     
  0.58181451369727244       0.54056404480005527     
  0.60057654587953702       0.54608651750974646     
           6
  0.50050639427294441       0.44341325863876352     
  0.48822833005619004       0.44446345503019230     
  0.48687308758026077       0.43242892759943108     
  0.48931458747496737       0.42663212779769882     
  0.50514837914950117       0.42012691253904505     
  0.50873000498792409       0.42626993932635288     
           3
  0.65395767256266368        6.0589354338361698E-002
  0.64430464079730998        6.1761889795903094E-002
  0.65789473684210531        5.2631578947368418E-002
