   76.000000000000000     
   280.00000000000000     
          75
           8
   18.000000000000000     
   26.000000000000000     
   11.000000000000000     
   30.000000000000000     
   21.000000000000000     
   19.000000000000000     
   15.000000000000000     
   16.000000000000000     
   29.000000000000000     
   26.000000000000000     
   37.000000000000000     
   16.000000000000000     
   12.000000000000000     
   31.000000000000000     
   8.0000000000000000     
   19.000000000000000     
   20.000000000000000     
   13.000000000000000     
   15.000000000000000     
   22.000000000000000     
   28.000000000000000     
   12.000000000000000     
   6.0000000000000000     
   27.000000000000000     
   14.000000000000000     
   18.000000000000000     
   17.000000000000000     
   29.000000000000000     
   13.000000000000000     
   22.000000000000000     
   25.000000000000000     
   28.000000000000000     
   27.000000000000000     
   19.000000000000000     
   10.000000000000000     
   12.000000000000000     
   14.000000000000000     
   24.000000000000000     
   16.000000000000000     
   33.000000000000000     
   15.000000000000000     
   11.000000000000000     
   18.000000000000000     
   17.000000000000000     
   21.000000000000000     
   27.000000000000000     
   19.000000000000000     
   20.000000000000000     
   5.0000000000000000     
   22.000000000000000     
   12.000000000000000     
   19.000000000000000     
   22.000000000000000     
   16.000000000000000     
   7.0000000000000000     
   26.000000000000000     
   14.000000000000000     
   21.000000000000000     
   24.000000000000000     
   13.000000000000000     
   15.000000000000000     
   18.000000000000000     
   11.000000000000000     
   28.000000000000000     
   9.0000000000000000     
   37.000000000000000     
   30.000000000000000     
   10.000000000000000     
   8.0000000000000000     
   11.000000000000000     
   3.0000000000000000     
   1.0000000000000000     
   6.0000000000000000     
   10.000000000000000     
   20.000000000000000     
           1
  0.52631578947368418       0.52631578947368418     
           8
  0.30143445260228119       0.29395064610832911     
  0.29885518246994636       0.30033873550569679     
  0.28890799633052372       0.30054581388377155     
  0.28162103136077299       0.29914556636490564     
  0.27956446991913719       0.27823703369251518     
  0.28688173032703329       0.28040146473628724     
  0.29442388856634000       0.27758447710937229     
  0.29751806532503916       0.28224088549459769     
           7
  0.48707207584517948       0.35173653837905011     
  0.47638216667821237       0.35331827390376047     
  0.46591812295572843       0.33793619448090889     
  0.47425833572829390       0.33161388304352474     
  0.47869145206104524       0.32850756970376965     
  0.48717001157754880       0.33128331021924340     
  0.48592841248705088       0.33683352613766093     
           8
  0.28386861091536797       0.59903431528135065     
  0.29023822850184233       0.60438486871150365     
  0.27885049372225279       0.59931524590383634     
  0.27461249841748131       0.60539265069510984     
  0.26746615813603142       0.59488572765860392     
  0.26367607061742304       0.58751582130267643     
  0.27002136798165649       0.57954736816100061     
  0.27847457888451882       0.57996499702872839     
           3
  0.59210526315789469       0.46052631578947367     
  0.58017552419875895       0.46914980759338565     
  0.60168202050850716       0.44843781776200192     
           3
  0.72368421052631582       0.26315789473684209     
  0.72265009901135979       0.25356322600763487     
  0.73077885989156577       0.25224767736953024     
           4
  0.43421052631578949       0.44736842105263158     
  0.42418310388536729       0.45480749015245331     
  0.43088059430999920       0.43468327365173021     
  0.43958429719130887       0.43660427527447088     
           8
  0.66260095264520902       0.66907002579051778     
  0.65100514136035836       0.66924715836695092     
  0.64947881596781598       0.66281910859360460     
  0.64700977087730727       0.65758490955691506     
  0.64772029776622886       0.65174606514685385     
  0.65126600527024336       0.64735609848054276     
  0.65714310045044377       0.65068784174156891     
  0.66600443354886085       0.64686339861891351     
           7
  0.73392547080141035       0.59151508764890925     
  0.73207258095541072       0.60430676027431485     
  0.71515742932476345       0.59797468100603146     
  0.71007491882849694       0.58930999470705037     
  0.71096332307497734       0.57907856486207721     
  0.72839932733589030       0.58340935273217431     
  0.73504395399169786       0.57864598761661712     
           4
  0.35309668151373363       0.78633161919618111     
  0.33754306133103473       0.78475254333161482     
  0.32885837355652409       0.76347761142430270     
  0.35456238034688581       0.76238650687799669     
           7
  0.53857243937781030       0.87464641586858716     
  0.53103034788812764       0.87858526442720963     
  0.51466133667044911       0.87158761983032906     
  0.51437515592368976       0.86340957100140614     
  0.51943992654006377       0.85637078782863085     
  0.53716988245347796       0.85825989139092218     
  0.53625945411921405       0.86551837730146031     
           5
  0.73493248169862035       0.86070868819364588     
  0.73015515019423383       0.86882979539754834     
  0.71571717824335535       0.86322461092038727     
  0.71158213820322513       0.84847685888329571     
  0.71994611882680759       0.84618985085539133     
           7
  0.47328728757888744       0.67989516445099896     
  0.46446448742724683       0.68170625272306440     
  0.45550871081841793       0.67994249088145275     
  0.44656824261440692       0.68126146612301741     
  0.45275306863447989       0.65953270453442125     
  0.46757401882227695       0.66197734204288550     
  0.47078595278190843       0.66862418333942220     
           8
  0.82916848820021238       0.46262749325123054     
  0.82394260098454342       0.47330623412099870     
  0.81748224897026533       0.46821588874457237     
  0.80613877637277165       0.47268896153381706     
  0.80500553835893263       0.46353429564069404     
  0.80740153744842080       0.45562233060802149     
  0.80202661706471368       0.44706670480338584     
  0.81146470626776135       0.44872338072948204     
           7
  0.82679062585823371       0.75414169681827325     
  0.81429784387086290       0.76179917852118462     
  0.80888790776549646       0.75788077173571045     
  0.80272019726971899       0.75657438909021957     
  0.80239381061358539       0.75053728192164604     
  0.80869711519087284       0.74292278827874525     
  0.81876346720477211       0.74013664988168437     
           4
  0.80987115769051776       0.32578626028479529     
  0.80231044192459355       0.32740265911945515     
  0.80186528294713644       0.30231399062396702     
  0.82576341069816339       0.31326324905649255     
           7
  0.28240827166272042       0.48165656775740123     
  0.26797770936730309       0.48760518586345625     
  0.26423767695116984       0.47415931116816523     
  0.26690276572702359       0.46962663480519751     
  0.26399514009427416       0.46513232039159497     
  0.27311555707752755       0.46599007476271442     
  0.28224910732223341       0.46161800086252830     
           6
  0.42406408430765302       0.59142430722328576     
  0.42166718373654249       0.58418507062852310     
  0.42665270107089470       0.57265462834876701     
  0.44760062194017103       0.56957325010379978     
  0.44272733641097350       0.57496400602364173     
  0.44764816554693865       0.57777671178383461     
           6
  0.12967982221106211       0.74926394988582778     
  0.12282818938514747       0.74901812413356339     
  0.11113826608890463       0.74917855576991799     
  0.10434862760438129       0.74580406582604397     
  0.10972213909094937       0.73068035741519621     
  0.13070021628294765       0.72602504977401783     
           3
  0.82787282971373222       0.63449628649121148     
  0.80589518955415385       0.64531296486067080     
  0.81406801261748352       0.62193365990685878     
           7
  0.86813583453202692       0.19221170162841458     
  0.86017159658636488       0.19064743072524543     
  0.85998977748923244       0.18528133752226722     
  0.85899910770230503       0.17143998035338756     
  0.86940014047675862       0.17286461618568730     
  0.87485848492205209       0.17127498567327384     
  0.88236902723808885       0.17374549021965158     
           5
  0.59098404243348635       0.18024724676620835     
  0.58255453314496963       0.18275168157356067     
  0.57193324624797670       0.17962007184927908     
  0.56755973585642283       0.16770094812635034     
  0.57855328409157825       0.15702350861777506     
           3
  0.35036559115679128       0.17787026263884023     
  0.34210526315789475       0.17105263157894737     
  0.34112652838056579       0.16008750894337295     
           6
  0.15609923545838122       0.37125337108123319     
  0.15859547233338195       0.38157878506767828     
  0.13705997568602693       0.36680320774941622     
  0.14421535167008548       0.35970276940225571     
  0.15361954814977968       0.35662582768584883     
  0.15196956663883790       0.36204451588354930     
           4
   9.9744731162030531E-002  0.56024370316506045     
   9.2105263157894732E-002  0.56578947368421051     
   7.8821642889055285E-002  0.55701048962256561     
   8.5841004078259037E-002  0.55175999837709155     
           7
  0.23566368214958183       0.85023167599602267     
  0.22273548069802926       0.85526714288295191     
  0.21031603036061211       0.85262662108592968     
  0.21376873359448342       0.83859269146205662     
  0.21990418951447946       0.83445273352006721     
  0.23187297109083990       0.83238193061538779     
  0.23657225427873341       0.84002101994932288     
           5
  0.54877220423008555       0.60552132206107645     
  0.54380518223669128       0.61720719875178454     
  0.52805233477327673       0.60013338008179040     
  0.53347525765919657       0.59636005412375670     
  0.54738517579361745       0.59591647042427487     
           3
  0.72435038031640364       0.45863669714645605     
  0.71238577345224563       0.44613668047313132     
  0.72944792781285894       0.43757755373949359     
           6
  0.47029585014486347       0.21850304962571318     
  0.45598786542544700       0.22272293685572012     
  0.44799523483338627       0.22412963412441883     
  0.44737729390819525       0.20433689642780070     
  0.47439354784106835       0.19878448025763704     
  0.46899468554436902       0.21151316061175440     
           3
  0.68309869340624318       0.35376536738396785     
  0.68421052631578949       0.34210526315789475     
  0.69129224024837432       0.33974978249022597     
           4
  0.56578947368421051       0.34210526315789475     
  0.55502615923151566       0.35274741825545530     
  0.55246704343463759       0.33068352423165648     
  0.56120605976065885       0.33297113817516305     
           8
  0.41307636318362018        1.0080456278265062     
  0.39912643151026878        1.0138633232330672     
  0.39441057396325863        1.0101096721048657     
  0.39622020885597253        1.0047037984934175     
  0.39751031639110468       0.99532800509016184     
  0.40668737108143499       0.98776334991268044     
  0.41215590560983079       0.98796803097307462     
  0.42081262851425266       0.99115849830621638     
           8
  0.29913524971399402       0.69839708866404715     
  0.29230789875723584       0.71082566919260493     
  0.28827771081534970       0.70713284268932841     
  0.27916227886500600       0.70532332886662219     
  0.27892912792593871       0.68457504390413448     
  0.29433841571875541       0.68943559318417558     
  0.30089569004170152       0.68528516744118984     
  0.30036157401780977       0.69032915567061970     
           3
  0.34012098459405860       0.38923584850668919     
  0.33482108342232797       0.37050000493111829     
  0.35299636866613149       0.37209582953243986     
           3
  0.66176379904944582       0.53349505004422870     
  0.65789473684210531       0.52631578947368418     
  0.66539948686176742       0.51617038894382006     
           3
  0.72368421052631582       0.65789473684210531     
  0.71552634442206753       0.65020497372471475     
  0.72585652402916045       0.64709333162107951     
           6
  0.71911117356860699       0.14147024158732346     
  0.71174010245475661       0.13875148958601494     
  0.70303102495948022       0.13123455858783104     
  0.70018685730652919       0.11996588150229286     
  0.70842848314659979       0.12315207771441564     
  0.72371124974301515       0.11995106817581966     
           5
  0.79684999766812126       0.20346004933312720     
  0.77626368518636424       0.21140372120008480     
  0.77713795521638906       0.18957906889031123     
  0.79026796817843792       0.18698135635637553     
  0.80219650015236976       0.18631714594650214     
           3
  0.61046079596814318       0.87728006625544197     
  0.62400826293363354       0.85780956175741363     
  0.63210335158126396       0.85546618398107088     
           7
  0.40075197139709179       0.79664908072096119     
  0.39706009318566660       0.80166898729064884     
  0.39086381813854720       0.80044436643723926     
  0.38349065726823972       0.79084814684866955     
  0.38672862508065808       0.78312484492635748     
  0.39077159901496727       0.77575129258101350     
  0.39913079180310085       0.77773034172865463     
           7
  0.40625414500026957       0.66574536051494870     
  0.40567975669880607       0.67181484010691594     
  0.38469273196631343       0.66731418059899950     
  0.38499137600558925       0.65900223324739171     
  0.38441624619800630       0.65260921949022088     
  0.39733287681595708       0.65081823657319837     
  0.40605329302712784       0.65118948129156939     
           5
  0.17097794457900956       0.22529302877969723     
  0.16677192105520827       0.23206384176581180     
  0.14935996195547457       0.23642910920354357     
  0.15120062014001784       0.21577538679596961     
  0.15558991207613879       0.21048423817691525     
           4
  0.20501332903933150       0.18535933518796172     
  0.18554402440360959       0.18388286535926462     
  0.18577182360114286       0.17117456873571607     
  0.19815922892371654       0.17189084062996668     
           6
  0.22154822636003441       0.26408723716844273     
  0.20317267287019566       0.25774623482356668     
  0.19689313903750486       0.24119959508303626     
  0.20701679814870119       0.24124148856758584     
  0.22040214420597171       0.23677659085141264     
  0.21952529148502453       0.24343902601756354     
           8
  0.28669897407527734       0.64372511553073808     
  0.28059353406046894       0.64393114657761785     
  0.27847070036966304       0.63898768962160435     
  0.27233193206369172       0.64394651485323162     
  0.26288647079541455       0.63136781536713515     
  0.27786145644041688       0.62414001683012110     
  0.28255836486739927       0.62011156871883044     
  0.28984908453309727       0.62812685264705204     
           3
  0.64742725089666142       0.40623654148689980     
  0.65789473684210531       0.39473684210526316     
  0.66929523265624702       0.38832063165609354     
           6
  0.68195447308356649       0.55411793718300328     
  0.67784419491801751       0.56011204259967284     
  0.66065526913211658       0.55640401362290304     
  0.65986001132261407       0.55042373522973920     
  0.66418190880041716       0.54223669318121959     
  0.68181288718752642       0.54706959422771373     
           7
  0.66559377619600768       0.20446090448136087     
  0.65801469088092956       0.20803605175252701     
  0.64793233307003173       0.19601838268573615     
  0.64906471721478798       0.19082207090665176     
  0.64859047490659549       0.18534110812436000     
  0.65345075104585959       0.18726208909746328     
  0.66707176274714786       0.18931998407163789     
           7
  0.64033790884306585       0.27488069860427528     
  0.63662803751090846       0.28818598609627594     
  0.61858355694800249       0.28190903667750272     
  0.62326843968379697       0.27348028108759831     
  0.62403936455246023       0.26592779142697048     
  0.62962366368384803       0.26287838100403027     
  0.63904992109185721       0.26339356203382447     
           6
  0.16741583654110628       0.51280570373103140     
  0.15015417491963004       0.50116446132362391     
  0.14581367976021395       0.50747602957013416     
  0.14664806409492331       0.49317415660412900     
  0.14591663022414339       0.48657018717722267     
  0.15516326824750826       0.49044477360392552     
           4
  0.21129069760628599       0.74639100183363716     
  0.19784780164091836       0.74394694655287907     
  0.18500621898660480       0.73604094086088012     
  0.19298310165223431       0.72416446675435087     
           7
  0.39119334529896388       0.51230310146379299     
  0.38414728753513921       0.52078537006290460     
  0.37428399238900817       0.51869491329369366     
  0.37016185838540333       0.52314343282230535     
  0.36893042179693147       0.50177933597800539     
  0.37631644729926844       0.50163087258212780     
  0.39160115446179888       0.50279988855229873     
           4
  0.70687688282147909       0.51227039573641442     
  0.70121144249195333       0.50734301007752325     
  0.72181732879130356       0.48943566024481272     
  0.72178941896499349       0.50052138564664150     
           4
  0.72940889430308875       0.76205459449116120     
  0.71393896319442463       0.75478432652885119     
  0.72337255061868821       0.73726974480777507     
  0.73775146304144956       0.73883886179941483     
           5
  0.89409422537911287       0.54272097954890330     
  0.87117329352661221       0.54511798943156564     
  0.87271024565659572       0.53243413106200710     
  0.87022940747925415       0.52670900594123538     
  0.88939804082056595       0.53067041526777159     
           8
  0.14294500288869713       0.92894485507745239     
  0.13834898200056298       0.93388601733264576     
  0.13076291441175458       0.93309036677230106     
  0.11800258919856964       0.93511485310586373     
  0.12327795498409873       0.90867036023555614     
  0.13408722471084991       0.90778164065464473     
  0.14527009024213963       0.91551224822137811     
  0.14050260081527849       0.91957873726566464     
           7
   8.8891589738718260E-002  0.33540068167686288     
   7.8717589507839858E-002  0.33662766533543809     
   7.1351998136970143E-002  0.34127174604496952     
   6.5424681473458271E-002  0.34121960840683396     
   7.0307461271893662E-002  0.32592862044007093     
   7.0994326201665028E-002  0.31783419722371747     
   9.2989611344872283E-002  0.32112606682408945     
           6
  0.86026347095001443       0.36644385623268372     
  0.85283894012143513       0.36906989279571989     
  0.84292513831655436       0.36546609805899904     
  0.84493936234589440       0.35269140278945521     
  0.85172650874799982       0.34242653272439283     
  0.85746745558148674       0.34536361699832552     
           8
  0.53937739790031403       0.79524879412561589     
  0.53702673949586244       0.80258478449117798     
  0.53056829619201684       0.80132906616507604     
  0.51953205663345547       0.80062016289006444     
  0.51350046285230355       0.79917679873102543     
  0.51233688291890611       0.78847673620311376     
  0.53382565878835697       0.78063306736028149     
  0.53900226010712005       0.78895833283363082     
           3
  0.91772231095224233       0.85113363323085278     
  0.92105263157894735       0.84210526315789469     
  0.93381566560950524       0.82911774456338849     
           5
  0.85194673829836209        5.5179112499988088E-002
  0.84290070992398647        6.1787663265969239E-002
  0.82977522957049876        5.5829720322924097E-002
  0.84611941261116175        4.0971162449937495E-002
  0.85077666014767084        4.8243788666601367E-002
           5
  0.48430524253106766        7.7795016779854578E-002
  0.47827630141285782        9.2689889499745451E-002
  0.47368421052631576        7.8947368421052627E-002
  0.48222765239308668        7.0643084076797633E-002
  0.48726229691149470        6.5686217772364358E-002
           3
  0.39887168839975384       0.27464937633880049     
  0.39473684210526316       0.26315789473684209     
  0.40464047079977200       0.26525265110835844     
           6
  0.27541993920748270       0.40689347718735008     
  0.26553144670301626       0.40498705669445922     
  0.25386455355278248       0.39678418367376922     
  0.25526888967354761       0.38658352422175407     
  0.27033337818619618       0.38664175525222205     
  0.27632664697688802       0.39359359607293032     
           4
  0.20027141491178069        7.7172789289396471E-002
  0.18837905159321189        6.4332068251067742E-002
  0.19123030472862218        5.3461103089714711E-002
  0.20233209959935697        5.4400439732596395E-002
           3
  0.66569153193456321       0.93291180000621121     
  0.64671186679213988       0.91324609115825839     
  0.66703033439239245       0.92284456592397923     
           4
  0.75002738247722922       0.95566462136486552     
  0.73833207918759181       0.95013871158221663     
  0.74264204775129750       0.93917789461380330     
  0.76239892147334887       0.94392116723759467     
           7
  0.59941979538624779       0.56543364731631252     
  0.58462072771126805       0.56358250328535731     
  0.57851192627746006       0.56378330358179507     
  0.58269618597782480       0.55841380954136932     
  0.57874419997521176       0.54154272456574171     
  0.58510191542635415       0.54456957378673132     
  0.60318176008477031       0.55206442349632079     
           4
  0.51041981804478187       0.44066345201604845     
  0.49325657493630570       0.44492814469775160     
  0.49998580067067799       0.42152296443301845     
  0.51100232840104409       0.42987600148532834     
           4
  0.67193969660057451        6.2227048118162862E-002
  0.64422868039590520        5.6123536845250448E-002
  0.66588673152323352        4.0537139164296430E-002
  0.67032398533307680        5.0479264932514520E-002
           4
  0.87710511764779242       0.11607140362889884     
  0.86812084488132513       0.11553889655372880     
  0.86079594028017548        9.7878786250049324E-002
  0.88240769152708132        9.4992235571463454E-002
           8
  0.78556253666975273        7.1498938270490697E-002
  0.78804841416092974        7.7184603459903689E-002
  0.77561573085193203        7.8098081811374287E-002
  0.76677599261819862        7.7681516228988237E-002
  0.77124266336221858        7.3622809322794122E-002
  0.76444777838354883        6.6805699823331677E-002
  0.77727634924099676        5.3737919909851925E-002
  0.78341400902971370        5.8393314371575890E-002
           8
  0.46912257695600901       0.79330622617941005     
  0.46373184467145268       0.80145067468121445     
  0.44847187989129789       0.79245084147913181     
  0.44705638156300392       0.78451869412219455     
  0.44960196886173914       0.77692460417556297     
  0.45922993336147311       0.77812257326538004     
  0.47389815420135917       0.78394635654016664     
  0.46801966448669752       0.78542174177625301     
           6
  0.35439479332486967       0.32388693064063895     
  0.34682411180719058       0.32747935485839341     
  0.34615314041667566       0.32024580047827894     
  0.35594657207864061       0.30618851557525251     
  0.36447888942750456       0.30862993055654570     
  0.36914948813832765       0.31433518996328930     
           6
  0.53767164079808027       0.26901861320840703     
  0.51661779374690464       0.27123801111423274     
  0.51390508471072482       0.26627890944051708     
  0.51370637627516591       0.25950439718366036     
  0.52931332761873662       0.25357807980476688     
  0.54001671677692764       0.25259400327607584     
           6
  0.53030776884491604       0.49800008863169504     
  0.52291838731615992       0.49823395437703211     
  0.51368690218085344       0.49482833485488309     
  0.51920523678212616       0.48467076511959661     
  0.51579983356821701       0.47456912379607152     
  0.53952793800523458       0.48068853165965181     
