 nroutes = 10
 
 RouteID =            1
 Route number of clients =           19
 Route length =    2373.5281195756784     
 Route demand =          133
 Sequence =           18         102         142          50          31          24         133          70         141          39          11         120          82          95          59          75         160         149          21
 Visit points =    519.06211226945186        126.98748848015660        792.17851678905038        224.28616661766765        817.58215881833212        297.62417499203184        859.07086421355973        281.70548078166354        963.38175521062908        304.34163467540503        975.85953432930626        319.81222717308947        976.74834365357276        349.29218215460071        977.81839553121813        384.77901166882333        978.28876100326499        400.37804912169605        932.73851401439526        464.24933264456700        923.66540876506338        459.37170556345558        883.50656306185340        462.84756227111694        858.01425341349864        411.77545299441516        803.13511746470590        472.96032970916286        794.70503690482008        482.35904619466442        725.29895741320422        471.49561776344683        636.89671368388451        440.26841183384130        617.47537680333858        433.40801937531933        607.97027300366369        426.73635542476472     

 RouteID =            2
 Route number of clients =           19
 Route length =    2450.1648095180381     
 Route demand =          133
 Sequence =          134          85         125          66          43         117         147          20          91         161          90          94         166         106          33          74          41          78         138
 Visit points =    208.41763624372498        317.79780639021260        387.04155999874934        578.08132221655251        442.98113033653181        659.63038753212322        505.34660745638388        750.54718107153462        560.54025616035312        767.93752337811384        574.41813112880925        804.79051894459951        579.66949807171704        818.73563684664498        544.79576734426814        849.28604258029509        556.01733202320008        893.72214940706976        526.91456622469661        907.68797405741111        478.74799856118597        912.76221965103275        449.14924757878447        949.98933453196582        435.01474239146859        948.55748271903121        320.67632843224811        955.20916419331309        362.98686440960404        880.70414394997510        366.42860469087975        834.97884038029520        368.79947082855892        792.16578589451922        322.04714603564975        772.01628863723363        348.91074238537300        714.69312994293625     

 RouteID =            3
 Route number of clients =           17
 Route length =    2461.7661951831215     
 Route demand =          132
 Sequence =          109          28          16           2          29         114         136          37          84         146          51          10          72          32         112          53         158
 Visit points =    768.62979689580891        590.53570593878555        779.11816311586392        598.59388267733891        781.71375868988798        609.54171162721354        783.68746943976839        617.86738703306446        784.00080412480872        619.18997496303245        811.18990243628559        733.95535195553612        833.49032440045551        722.99519838802041        924.09705012015490        678.46403975195415        919.12241489101075        636.50424658884458        911.42034255545548        571.53920950756083        897.00000000000000        572.00000000000000        865.00787016227605        580.15943560376695        829.92100824679198        557.16165529189573        811.27345388045285        544.93906440577598        810.45748273532240        515.22990170909145        810.45750212903079        515.22973783642578        676.32380701505542        384.67757864497202     

 RouteID =            4
 Route number of clients =            6
 Route length =    422.51726686498750     
 Route demand =           53
 Sequence =           99          63         124         103          86           5
 Visit points =    85.767910814949957        14.380248519871850        167.00000000000000        28.000000000000000        186.92718314862361        46.400270863605975        118.22473874125296        76.254992773512058        99.059705506998014        84.583178801510286        67.796374756680578        57.888652694746874     

 RouteID =            5
 Route number of clients =           17
 Route length =    1732.6042609239914     
 Route demand =          130
 Sequence =           15         159          17          14          96         156         115         148          97         116         153         151          38          55          92          30         121
 Visit points =    345.77201674194487        426.29628923286629        349.20902643709815        430.53371854512528        362.80595691322605        449.72518634347364        380.71142050085103        480.06226586796919        392.56703077839734        480.72388145962668        431.16028069921072        556.54374084119434        518.74491060642538        587.69404951372780        562.51926955762758        603.23453606754651        568.25967948423181        599.09936151384852        575.80996822701263        593.66042007549675        592.02099985922905        581.98260817893845        537.40373494478285        532.33587604844899        519.96509739309181        523.61164085033533        500.00137106450802        465.17170594790326        352.93596820576431        348.27960291633445        332.09163434608803        313.37625391650658        266.94361938537162        204.28742823718099     

 RouteID =           6
 Route number of clients =           18
 Route length =    2110.0452535240374     
 Route demand =          129
 Sequence =          105          36         110          34          65         164          81          45          98         150         135          40          19         100         108          27         101          80
 Visit points =    548.49845578553652        33.831175743790652        588.00000000000000        34.000000000000000        730.79498926387248        12.470710571730086        854.29136253899946        35.755119481064526        856.05437729481355        36.083659905328417        872.28702436521519        39.108637851683113        910.47767487128124        68.217660033543453        923.61334457878388        78.229704757121851        952.00000000000000        89.000000000000000        951.88694410526944        100.79098601928740        953.23376151828393        124.30311736745237        903.48623926143250        220.33076865896632        859.04669698152111        259.03314136422523        837.81418431645614        197.84805328968380        757.20427542627863        156.60685898959701        692.06219222634797        122.26795924776961        639.01409600615648        94.304265608909930        502.72282169042927        64.213833023863174     

 RouteID =           7
 Route number of clients =           18
 Route length =    2153.7803304693002     
 Route demand =          130
 Sequence =          137          73          69          22          83         155          56          58          61         127         126          47         165          26          35         118          93          25
 Visit points =    45.451470994379783        481.13486099697610        68.558312600309264        583.22467902581593        60.082816292090605        592.98846566506506        57.185227436881092        596.31505520931296        46.547248788671212        608.52803307173235        41.989161689564021        811.96036927085652        27.921748084674466        846.50504713938199        15.247443150149902        891.90418868596032        2.0000000000000000        966.00000000000000        117.32117171777429        854.69926418174293        169.77581683756588        811.68903753266443        171.12166587777236        779.27922910030179        258.25367275854109        706.80460522068483        264.01617149261938        690.74562871762873        238.41349354911983        672.44973337913257        173.51032579416264        655.64102298043315        138.95345728991748        572.41250904133926        124.04467066947328        536.50543155536320     

 RouteID =           8
 Route number of clients =           17
 Route length =    1498.4287672528471     
 Route demand =          130
 Sequence =           42          87         144          54          76          23         139         154         132          60          71         113         143         130           3          79         152
 Visit points =    312.60748081499196        127.21683016360274        327.89818746682602        108.59762121970388        422.16496219843145        96.737885008818438        473.63158296766943        160.22322126418439        499.53664831823750        192.17775334570447        583.56096590256550        186.54597816815081        608.00000000000000        182.00000000000000        628.33421756881705        258.25203975063306        632.70047034549566        274.62521364640003        625.90696586549950        285.01665726678470        552.04807775333302        283.50130992746341        537.87945397178635        285.44948784594413        464.99641465307946        263.77850540163263        441.01995215853827        256.64996671501706        398.30398849990013        243.94991141928710        292.42739303627656        191.18378178876628        180.66175732923813        112.18726813824824     

 RouteID =          9
 Route number of clients =           17
 Route length =    1390.8740182411275     
 Route demand =          133
 Sequence =           44          46         119         140          52         128         123         162          62          68          48           9         157           6           7          89          67
 Visit points =    229.67845831837795        234.17540333358394        255.51204398854253        336.07770653238964        259.47726270049515        360.01139702090597        259.81354133547831        362.04114351214668        300.90851180985675        466.04037610543008        299.98179849843319        565.83924163772963        237.79487346901118        574.65242878879496        239.47384096775352        548.96774876163875        239.55247655151581        547.76478931829308        238.87556579077025        527.82560862828905        238.46857144803323        515.83712475383459        193.34044135562382        493.15036030896107        166.27616250010496        472.15759778982880        115.99004460540846        433.15281373378934        113.80932050926316        431.46131961936851        92.594141870158538        379.89804476229460        48.845855192007406        177.08383908917060     

 RouteID =          10
 Route number of clients =           18
 Route length =    2961.1509098954430     
 Route demand =          133
 Sequence =           49          64         107         104          12          57          77          13           1         111         122          88         163         145         129           8           4         131
 Visit points =    620.46025899064000        858.84852947378954        634.56033013234537        872.19133103701358        645.26170105962922        882.33575337419484        733.06314690125748        965.56877418358476        739.21336037910964        971.39898394240356        793.51393132239889        913.96671264916574        806.88594456003534        903.10672953952314        812.60252651233429        898.46404916345830        819.33195955365852        900.10630126946887        964.33651771516941        954.35027613884540        942.38434671115283        920.36269537651356        882.73423222544477        817.26060374430290        794.70928917656147        804.16480630420676        774.87987026109545        805.90443487695950        694.00000000000000        813.00000000000000        698.47618156194585        725.75956795417494        604.87736287145447        478.57678796592899        596.27140779542333        471.99185118749529     

