 nroutes = 11
 
 RouteID =           1
 Route number of clients =           14
 Route length =    1473.6387322253413     
 Route demand =         1165
 Sequence =            8          69          65          42          51          12          70         113          63         104          83          98          47          25
 Visit points =    398.00077044549886        544.06377233750914        220.38332646064933        657.85562962174561        204.51420980579439        668.02229015408716        225.34263921350004        689.75047966898046        198.29175834785596        726.07570915061058        101.39551507292151        779.19756468182800        31.764585146709138        577.67490895768424        20.356491231735522        544.65812482264312        80.583084831735235        409.38307345674457        122.26350198113431        315.76461965069927        156.19028857216918        340.76078453316677        265.00000000000000        408.00000000000000        292.34951590249949        469.67322796196657        329.27475627312646        468.12213949903759     

 RouteID =           2
 Route number of clients =           15
 Route length =    1241.3252770188678     
 Route demand =         1132
 Sequence =           52          79          20          67          62         114          95         129          96         106          31         140         154         111          80
 Visit points =    514.33120688769054        680.53691860107347        485.20325781353671        733.01382447225058        500.83790689912291        787.48956062782793        523.21709823640140        865.46527444085439        594.86249417127397        898.82409872694836        654.58221791519418        926.64223210746911        747.33989540849109        969.84982388469257        755.88882924352117        957.69234335625924        774.84547145522265        930.73400995228724        811.93610543714158        862.62214056966798        816.43735086129391        833.08589573627307        725.10025740211165        748.68711288740315        717.55417648407467        741.71419985103864        705.04023424478464        730.15076289290994        616.50261785784915        630.77026798064708     

 RouteID =           3
 Route number of clients =           13
 Route length =    961.87964045147908     
 Route demand =          964
 Sequence =           53          90         145          68          58          11          38          73          48          26          28         150          50
 Visit points =    653.67826618268577        594.66749626532589        703.46680296603029        591.08624031619331        731.06837053980394        589.10087813314510        831.56864195748949        633.09685096958299        849.32619580284518        640.87056984219055        916.34572699090722        582.75490099466481        930.11425829259008        570.81558432889972        944.13535263416679        556.68743602061863        843.81412155804969        542.97663286008117        775.54072796795697        533.63250430362461        758.52929393309580        531.29183158140518        679.44792908426768        520.40327231017693        561.75729949421816        504.19867849203644     

 RouteID =           4
 Route number of clients =           16
 Route length =    1167.0867138277849     
 Route demand =         1149
 Sequence =           93         132         112         157          40          30         118           2          82         148         109         134         124         128         153         110
 Visit points =    617.60582721527351        154.48908888443634        632.47605014292435        91.018145432433172        618.22033207618995        60.981502057609660        613.34736996087929        57.174105961776021        587.25141381514925        62.845167133785310        528.27515565881674        22.885673100380195        469.46022745736053        32.395438132394247        436.29392890062582        16.671070738821712        435.53154970539862        17.543956372363517        432.87481876003881        20.592406580142725        429.32039839644256        24.679079206582180        425.76682457249780        28.771166071305814        413.01042734107074        43.460683761970664        407.32750671427789        62.069854977001420        405.88159106622720        75.043393735668744        407.43290914827503        82.047792501561915     

 RouteID =           5
 Route number of clients =           15
 Route length =    1411.5993804399097     
 Route demand =         1174
 Sequence =          161          77          97         117          27           9          21          60          55           1          14          89         149          17         127
 Visit points =    237.91843794218875        282.65164990993674        237.89364684219080        258.90244707341799        237.82056282166752        188.88993340274769        122.12441853975496        101.92761749914368        97.314067516145570        50.633209501881389        192.06660129777467        45.237581587778401        269.25878117919285        32.607076566460563        327.39570186618897        23.094472183619160        329.29980915495116        43.723888657090356        310.70812690242184        80.046777879365365        291.91795476929076        119.47990470986154        303.20384338724267        162.17646024113077        309.77997772960151        187.06713502485388        320.28571115965019        226.83134611881911        406.17699935182429        371.83205115639566     

 RouteID =          6
 Route number of clients =           15
 Route length =    1342.8653804377698     
 Route demand =         1132
 Sequence =          116         102          88         142          43         123          56          66          94         100          36          35          99         130          86
 Visit points =    634.16621389963473        739.73917059086182        702.74003528104629        862.27248642642405        799.11794017772445        943.06634329015935        822.65419723337266        972.27977912568986        842.14507036950818        964.56637917055127        872.19526341347273        952.66704088192535        915.92197274218324        935.35204707175262        905.79918134848538        916.92084537760206        893.71557164906540        894.91945871442715        880.91614457390745        881.09088943994971        914.71989210943002        843.19462242128157        895.56977229805352        802.21681243111891        818.84234655624425        709.06041735406734        803.14647555083206        690.00372743749324        685.79985873480632        616.45415191724135     

 RouteID =          7
 Route number of clients =           15
 Route length =    957.38612427841053     
 Route demand =         1170
 Sequence =          156         103         147         159         121          85         160          84         143         122         107         133         138         126         139
 Visit points =    530.04055565962892        281.43704379861788        532.34773994578541        158.35329135300091        447.52484666885226        116.97800994978510        441.95089653422411        114.79291627506294        415.55655587180973        114.50003384746502        409.77597816364192        114.43371047286908        392.48421489333242        114.23531367747943        383.67299509823653        116.91129427474330        374.52240148541063        119.69034320676491        358.35974896413711        113.71546872483444        349.22643269952158        123.21674384417985        339.35784705664088        133.48291053711432        345.83632191526112        146.52506849289335        354.75890958952647        164.48759831072749        374.94546451960497        222.11668088490109     

 RouteID =          8
 Route number of clients =           16
 Route length =    1207.2725868478283     
 Route demand =         1174
 Sequence =           54          76          41          61          46           7          75          44          33           3          64          18          19          34          22          78
 Visit points =    458.87437867557588        516.94655990713215        327.71877128052643        563.20539052349409        318.70470285270449        578.73386268095351        313.00860587351690        588.55250926384872        294.99039929922117        619.61139099585228        342.19320786051486        788.01501800382903        322.69727424429834        792.34930923276374        322.41095249560931        792.42088908145615        277.44968896817932        798.82003730756060        263.87303338439682        812.03161563027948        251.18127681659385        918.20674103016950        359.00000000000000        935.00000000000000        365.13522904803949        870.73882693787027        399.85672062549617        808.94334058974687        440.19728984882136        800.32512182177925        460.39931918118100        688.65484542012257     

 RouteID =          9
 Route number of clients =           11
 Route length =    656.62053215504409     
 Route demand =          820
 Sequence =          115         141         135         119         144         105          10          29          15          72          59
 Visit points =    498.24319056136460        269.85900893309764        492.59384175140229        260.88410825093848        458.60673292823185        206.89011063765810        444.53615285958074        206.50137710865994        424.22002582078170        200.15088694723963        411.42078080256073        237.68680418455921        417.78095366071562        262.45512169010567        419.26780917604685        268.23997595062940        424.74815320008975        289.56214959139299        478.29918264149694        439.31480021778538        498.17357291389271        494.89249226068262     

 RouteID =          10
 Route number of clients =           16
 Route length =    1469.4881728119108     
 Route demand =         1171
 Sequence =          155          92         125         108         137          39         146         151         101          87           4         131          57          32          16           5
 Visit points =    587.35542180847222        330.48946115661784        613.52381792136850        279.71048448943748        631.34240216549540        245.13406376914736        683.73718392801084        216.77453530658175        718.30854560109492        198.06222308050243        740.96186444216460        147.59247088930817        740.88992925162574        147.30389413398072        727.42800928817007        93.276771482862770        716.17693785475637        48.083064044571351        714.30296481502467        40.516095395877798        719.02441306779178        23.513041346597557        957.36278124217290        38.919778220949325        944.51707495883443        54.813943790191779        916.00171432458262        90.096383944947135        896.42199271630977        114.32263746323034        871.59408096252037        193.86232732461693     

 RouteID =          11
 Route number of clients =           15
 Route length =    1124.8399948150297     
 Route demand =         1143
 Sequence =           45         152          23          24          49           6          37          71          13         120         158          81          74          91         136
 Visit points =    641.28687886656735        479.54749402232778        659.77416378770522        476.85885571995721        858.78545188608450        447.91629470746221        906.85208518526383        411.33195949187285        957.43107144072360        372.83542954942698        939.85549632730670        321.17697508854110        931.37780826881294        296.25919802137878        897.78260900786927        300.60164274964984        869.83135491915255        323.55395506763494        764.89870608703961        275.47401719159348        721.85116798820127        286.08010068190310        710.00000000000000        289.00000000000000        689.08556271616976        310.18652030462329        686.65643169270152        366.05047766096101        638.23547089196711        400.79862167955957     

