 nroutes = 10
 
 RouteID =            1
 Route number of clients =           15
 Route length =    1408.5443222889355     
 Route demand =          105
 Sequence =           52          87          99           2          49         129          53          96           5           6         113          90          12         117          29
 Visit points =    595.37258798939865        708.61771733977378        619.41754192524775        735.43409864817386        684.33523260855986        807.82589438888260        730.46478499173418        859.26643545839886        787.67522662222962        910.62073375899968        828.56282427439817        987.84003882090167        847.47550863083393        982.59956257167573        936.19583585583348        898.46931220305362        961.76415423216031        874.22380845226382        975.70334358237858        851.80505552709224        885.33907712513712        841.36578808263789        840.32826020526568        821.16336985966223        818.96512001249721        805.57259164008155        774.19210519915532        772.89733239083023        639.70722388702745        639.04750717314141     

 RouteID =            2
 Route number of clients =           14
 Route length =    1501.0390039634797     
 Route demand =          106
 Sequence =           62           4          23           9          26         108          94          69          38         131         115          34          27         123
 Visit points =    244.55170776131703        677.53744393073066        221.35977854745235        750.86206701206447        238.01885782200026        781.08863031867565        257.73713639192192        816.86586540283417        233.11338783103227        845.11068826602445        162.50982851026600        926.09693703508549        132.61050009530410        960.39314635281812        122.01055127036857        938.81469723889381        84.760789499240346        862.98488879743797        19.779657902226855        773.11558558447075        24.161396978706261        650.44319746973247        24.481924698579057        641.46961411219490        40.368666693351159        636.75204849547015        58.703409189077576        631.29699481823366     

 RouteID =            3
 Route number of clients =           14
 Route length =    1214.8565622043106     
 Route demand =          103
 Sequence =            3          76         122         138          21          55          18           1          68          83         136         103          28          63
 Visit points =    499.37095980515642        491.34225430057518        487.46390791383027        327.46047353364662        521.03722594512215        265.51881141112625        536.42510043198160        237.12869157368800        557.07956503928892        118.55536105614773        508.49294718162241        59.126932567445984        555.08251569804236        44.863896419516159        643.86181460686009        17.684800543621677        728.55631839382386        92.460503062710387        712.19353136200107        136.82062895090533        694.54118042015455        184.67681069304953        613.12375187371447        223.08274051977065        604.99114945595863        242.95503346711402        599.09240109118934        257.39666577483604     

 RouteID =            4
 Route number of clients =           13
 Route length =    643.04577783271259     
 Route demand =          105
 Sequence =           56          54          79         121          20          73         110          45         109          70          88         124          98
 Visit points =    487.82945388391698        463.19995746314129        409.73513034900066        441.89910959566510        379.38247449654546        444.71397617878932        369.85085458390796        443.83877980950098        359.08399640312462        442.85016346990363        334.12279992886982        428.52537723337628        284.35445007419838        469.91243302781692        296.98670015608832        496.90521243616269        300.00000000000000        515.00000000000000        277.13922724812687        583.65317974672348        332.52477687786359        578.53870561572978        366.97420630823609        596.15988258122547        496.17713330443502        502.76342205798824     

 RouteID =           5
 Route number of clients =           13
 Route length =    1203.7293037552038     
 Route demand =          104
 Sequence =          120          35          58          78          92          41          80          31          97          13          50          74          10
 Visit points =    247.30189502088800        392.16544860083980        193.80439095088016        419.88499214424638        184.57412118121701        424.66762395568099        123.69851400104400        354.90060226704270        67.412574542920879        304.29213151966479        55.362734482807952        383.87685562163057        73.909674137385210        421.98581987824110        95.366639453296969        503.85585233501001        106.36084223152521        518.42092206107236        115.46440612699351        530.48128201329519        112.04075815500917        580.90689106187438        152.00000000000000        585.00000000000000        223.09178217874356        562.11876559418704     

 RouteID =           6
 Route number of clients =           13
 Route length =    1007.3722871777607     
 Route demand =          101
 Sequence =            7          84          51           8          15          65          48          61          66          19          72          44          57
 Visit points =    582.29585975547616        525.18678150329208        653.46243425234866        546.96742718238659        734.02821238716808        599.11409869662521        764.40952430078755        626.09941912427769        788.49445054742353        647.47749828903352        837.76219483139982        691.20815898469959        882.88787803433661        725.74917437224235        916.91412466110432        751.79423396790560        866.88945448002960        762.59421634017963        865.12583488071380        762.56136210783563        789.48958962125562        743.82309340133111        762.22837850365102        704.68068284152707        712.66928127689789        650.54074857644059     

 RouteID =           7
 Route number of clients =           14
 Route length =    1186.8319773971200     
 Route demand =          104
 Sequence =           30          39          60          59          42          67         100         102          14          33         135          81          89          91
 Visit points =    590.54277841807175        522.93789619784900        770.63970245246924        568.56323066658217        877.53681219073815        573.46984747000636        975.03248350907108        513.51647172172022        867.53614023669229        475.95798530302380        840.27846882941083        451.21285990513678        815.33669356832672        406.05415634057391        797.51592723901319        328.68076631406353        788.07589096458400        287.69444759866951        768.04516060315564        289.07980321944444        762.96144276664972        292.42378986918567        668.16090457507858        354.78203717875351        621.78541575281440        385.28707708935997        578.05247103552824        426.48030113017376     

 RouteID =           8
 Route number of clients =           14
 Route length =    1386.4569041638313     
 Route demand =          102
 Sequence =           95         126          36         125          25         112          22         137         114          85          24         118          32          16
 Visit points =    554.52449791544666        712.42729784811297        559.70188519373642        732.81003152164737        619.05043372506896        966.45793027890795        537.75583867037676        968.53042833484324        467.86270657618218        987.02959931868668        348.03483365697878        985.88872968575095        297.80674156658887        963.10126681349277        416.10791597701507        864.10971086023528        445.62245766750061        839.41265770856819        494.99867768810407        798.09583352404286        501.32411665762470        792.80285950366260        483.61722654215566        737.01102681186615        453.26313225627422        681.67712973630285        450.11362625893770        675.93574806125980     

 RouteID =          9
 Route number of clients =           15
 Route length =    1499.7961432932848     
 Route demand =          105
 Sequence =           75         133         107         132          93         130         127          64          82          77         106          43          46         105         111
 Visit points =    294.74983532178237        273.20611282106557        205.98128162715437        224.16798899653239        82.998980038925424        156.22927553887894        63.409968414195752        143.86798616015017        138.86730648321509        105.68786322832142        203.47554337327844        72.997200000643801        215.81186783471452        98.300274279329457        240.88073563815735        149.71910864089125        298.90326957580675        109.55953468408735        296.50961252679679        77.581157821297182        297.33043849762311        76.629061379159353        332.67866835237146        35.627771121862573        382.67614970367885        42.321242513277909        379.56352507325875        153.22753053270418        396.95015542317338        203.28881591840118     

 RouteID =          10
 Route number of clients =           13
 Route length =    1464.3532400063480     
 Route demand =          104
 Sequence =           71         134          40          37          17          11          47         119         128         116         101          86         104
 Visit points =    687.39908553322175        405.62718595225050        872.32610375991760        322.58560980491166        911.01671888279350        278.02125038336283        929.64144148771641        256.58081320709169        963.44772910651466        217.66363837291692        886.44616693099522        184.76081457131698        925.58242788463645        19.980016410324762        900.86342835284552        22.903994595533966        808.95569544507475        122.47501867709282        771.69059325533794        156.61925276751327        779.34890051748209        175.33105017766090        705.12245374371946        258.96354851624426        652.31864469948232        312.45463939348656     

