 nroutes = 8
 
 RouteID =            1
 Route number of clients =           27
 Route length =    2157.8349493455976     
 Route demand =          138
 Sequence =          149          14          16          67         166          51          93          75          69          55         179          62          91          23         113         161         111          74         134         132         173         157         117          26          49         119         106
 Visit points =    398.71369785427390        346.90465995684303        421.98349196998117        384.98814978540832        437.23035428649439        409.94125951475132        492.38909085516275        455.14175104544216        593.97512919279779        538.38765461686182        662.46726569125076        560.48090447269590        695.69599693472469        571.17823976795978        719.91382216998386        578.95777969160690        780.61760433714608        598.45205064846073        793.13465486591929        602.46820789608762        798.57768874666772        604.21195435509912        815.46400364563192        609.62170422179895        810.30763687568731        627.10892032881031        807.68250050285280        628.00218836042268        800.69300810231186        630.38053722763186        793.48175726532031        632.83434492588401        780.38150509800062        637.29203199624874        774.02427456124383        639.45523801740649        763.99810658141678        642.86689138087957        757.69479192797701        640.30722127225533        720.00000000000000        625.00000000000000        693.00257234511548        618.72709031400041        420.65055631879750        534.04726151397381        396.96996499882198        513.28244915990831        376.32975502506883        500.54295723993749        352.42577057690562        485.78900768614301        270.24883647303579        435.06799325094681     

 RouteID =           2
 Route number of clients =           23
 Route length =    1873.9536448752306     
 Route demand =          134
 Sequence =           63          13         120           4         163          34          73         112         169          80          30         150          39         104          85         138          28          58          43          10         102         168         172
 Visit points =    434.18561112228520        222.06912451454846        472.90660021958070        250.43873514234232        495.31270809549528        266.85496238609414        565.64628026833441        304.13749225248512        565.64628026833441        304.13749225248512        589.83659782395739        322.17641166214605        645.82855892409771        363.93007975235969        715.12591956933011        415.60569465469763        759.43775909457236        448.64939994913419        776.00000000000000        461.00000000000000        790.34704467281824        469.36032271007281        788.82912543829104        472.55651209212414        779.12522706813661        492.98941539139230        777.35250951629325        495.77762918251790        763.93252089621058        486.99754983301278        751.28847591405042        478.71296697296731        734.44252274120015        467.66174539780116        710.73920600932991        452.09980379217535        689.78082575078349        438.33122885751555        636.00000000000000        403.00000000000000        519.87931799721082        321.57631367332527        481.97085408111576        294.99488606271581        430.46959342468517        258.88218481942414     

 RouteID =           3
 Route number of clients =           22
 Route length =    1987.3572953215869     
 Route demand =          138
 Sequence =           72         139         156         108          46         135         145         115         121         158         164          21          50         178          68         144          94          81          92         103         129         133
 Visit points =    440.54269626398519        348.65567950024058        443.34198313063632        355.25269411988143        459.02618499215271        365.86042999708133        493.55646935143648        389.21438447191076        708.87980880428483        534.84456274173056        719.25810329434432        541.86374087896650        743.64706683730697        558.35879022012512        754.36147946447261        572.71226467009751        759.90954237024744        580.14468135367508        778.22110321902926        604.67561271949853        778.22110321902926        604.67561271949842        780.65768607677421        584.75404787430489        780.65768186162825        584.75335817904704        780.65758995372039        584.75280975623957        779.18073877483403        575.94030506672209        769.71728973312452        569.67987955494596        769.71728973312406        569.67987955494561        735.11844321135550        542.58874895213171        720.40505593945477        531.77395573216972        518.00000000000000        383.00000000000000        485.66449957895003        361.76089928437267        474.79194350177016        353.66216926105341     

 RouteID =           4
 Route number of clients =           30
 Route length =    2398.7026792395482     
 Route demand =          137
 Sequence =          105         188          64          25         183         136         167         123          52          71         177         148         186         146          87          41         152         181         126          54         174          48         151          47         176         101           5         125          12         143
 Visit points =    250.10456801492987        17.657679065055792        405.74698190674007        113.19090744637543        507.51011832399143        175.65306873741864        813.78191512765864        363.64254158944829        859.10458479091210        382.80223934821350        879.66011931943160        391.49193129468335        933.31889569102873        414.17576061796188        917.80893008458736        455.28448336000946        911.43394818750483        472.18119157604184        917.30315034812133        479.61461885580343        922.97416445926672        481.70888471149988        982.98920959096074        503.87202121302448        912.00000000000000        528.00000000000000        911.90743270934843        529.64593886223304        902.89206721479241        541.98901147573736        901.62608072317801        543.88076764676180        901.62603904070613        543.88085628953820        893.35062115399035        561.48512784758225        887.47240622841502        573.99559042439239        881.63338009594759        565.48306689254377        874.05500809506395        554.43450177848354        873.06985876416888        552.99824521464666        872.86748337779568        551.62681007860226        867.58483448599100        515.82793931944514        865.84848075829620        504.06120941499120        865.84612541806803        504.04524800582868        858.71184639882495        500.11024821150511        845.91317742881802        493.05098411085100        831.08047919156377        467.06271312982699        808.17258777732968        426.92595040774029     

 RouteID =           5
 Route number of clients =           24
 Route length =    1969.9711695744772     
 Route demand =          138
 Sequence =           19          57          66         171         110         128          95          97          78         147          24          36          86          77           2          22          38           6         109          89          35         142         159         127
 Visit points =    354.49981430469154        138.12332093322468        434.00000000000000        177.00000000000000        500.04188596908728        235.82833097353932        513.57857393031827        247.88644754582452        533.29017306864284        261.94166201458540        575.59925130240629        292.10984696894280        640.85985872355229        338.64345528905289        796.36377121553801        449.52440540724092        799.30531290563340        454.19739760223280        809.25846162632479        470.00908457519199        810.75413591204926        472.38505340444368        824.50367140564515        494.22701997515946        827.39290266694945        497.41985439122465        824.25845090713665        498.94686849335608        815.74291195707860        503.09538709035201        810.98023696142388        505.41561805049741        802.72734035164854        509.43617923561919        795.49489590326425        511.76166682964265        780.07300738812580        516.71591878992467        779.43240244405297        516.91767043149105        772.20053196663218        519.19527030628967        733.31351575097187        492.41838014047568        719.21824877180575        482.71263636044864        461.82078872203942        309.95699960445228     

 RouteID =           6
 Route number of clients =           15
 Route length =    1108.9371840721574     
 Route demand =           85
 Sequence =           37          29          83         184         160         165          44          88           1         182          45          31          99         131         118
 Visit points =    308.62642298537605        238.82962481193988        349.30716322272804        261.41643780106142        395.40823119846885        287.01273213817296        404.30313253398276        291.95137071381691        405.97745509546490        292.65394236345651        432.34192954188694        303.71688371646968        440.73036399482623        307.23680058737312        431.49368508416455        308.72427751900932        422.41089488596486        310.18697217640602        407.26270302050864        310.72144198076046        375.71132956969166        317.25659846166894        358.90598771530546        320.73529812168658        346.47042911887803        323.30945423444842        308.53612637766923        291.34307006760793        308.53427712640945        291.34132386515932     

 RouteID =           7
 Route number of clients =           23
 Route length =    2518.5963375304500     
 Route demand =          138
 Sequence =          137          70         141          98          18          84         153         180          32          61          40         185          76          15         187          27         124         140         189         154          53          33         114
 Visit points =    842.33783700454194        520.27076883742041        940.42924253172407        580.85701906625229        944.34622860632089        583.27634925306063        946.59477036026215        584.66516321308211        955.16690809595502        597.59620238857292        961.08804074898910        606.52820985980759        975.41658462524788        628.14276715047663        982.16034171716638        648.02571854813573        988.79634849739466        667.59098439140473        972.31569386138870        655.97863472894551        953.82807050460724        642.95216511421518        929.36792809524195        625.71742943626793        924.46117422810198        625.32454750641205        887.86845442316087        646.99607148764119        884.16599399134975        649.18880163902804        876.45506405816832        653.75549151218547        882.00000000000000        671.00000000000000        884.95898219826961        701.89025016302514        860.69872535477191        684.04577220756926        857.80941200271604        681.92055610826048        845.43779425914670        670.78505280769218        830.38368564855330        657.23597232652105        826.60457157916949        653.83467358488872     

 RouteID =          8
 Route number of clients =           25
 Route length =    2535.8821524077225     
 Route demand =          135
 Sequence =          170         175          11          60          79         116         122          82          17         155           7          20          65         107         162           9           3          59          96          90          42          56           8         130         100
 Visit points =    412.27873310170821        435.38614233126066        700.87840257097685        703.75865910151265        713.01039382318663        715.04035263836863        745.64463785876546        733.70781074526246        757.82197322501975        740.67349677602579        757.33704777389880        743.11631811033465        748.86771582253857        785.78074153934062        817.93660524260486        872.10051667113714        807.31193469281982        725.55729854427557        805.91612087500289        706.30521465043932        815.46810077288194        690.29303525788987        825.50635357025214        673.46570683473954        827.29507294947030        670.46724005399585        829.02145645376413        667.57326817188243        837.36671124274073        655.01659106551324        841.34601287514317        649.02913987657814        845.32531450754573        643.04168868764293        841.79494954225254        632.73511567792491        843.69859480839852        621.65750861479739        844.56772958366253        616.59987855288716        839.78238871809606        601.72690781440167        827.44310009571541        588.11686429050599        824.34446901857484        584.69940517834880        820.68205318751609        580.66015170067737        818.55128194079987        579.15255938700091     

