 nroutes = 7
 
 RouteID =            1
 Route number of clients =           21
 Route length =    1822.4044026518027     
 Route demand =         1187
 Sequence =          130         109           9          71          50          88          52          20          99          66         101          46          67          58         135          59          40          70         124         115           4
 Visit points =    80.375031938031881        82.203833501870321        199.46695592405518        204.00549820680357        252.19236394631295        263.28062878699933        342.87255189354391        365.22540613874099        388.26003226271132        379.60811399725753        408.03459696983532        451.85011484172560        385.65019421952780        497.15730111569417        392.19398554871327        508.35910368119897        404.74685733990208        519.61713410952530        466.00000000000000        606.00000000000000        425.42667271368038        675.44321836048402        385.13281561438038        744.40810993535592        379.07385048239286        737.79607935320689        322.18624625017202        675.71574537953211        304.14493767988614        605.15229545996885        279.56292937613352        509.00675783965346        233.40324767131852        440.84183440243396        209.12988666479265        408.31062436782435        154.94086437652462        341.64783889918846        114.31052222557274        291.66480418197818        96.100664399492118        225.22023473258574     

 RouteID =            2
 Route number of clients =           23
 Route length =    2761.4329422140236     
 Route demand =         1190
 Sequence =           54          11         100          81          74          47          96          62         104         132          23          21          33         125         123          82         137         142          55          83          56          91          35
 Visit points =    403.58117405920319        33.658981124188088        868.09180536380347        55.121811330096826        961.60215580133217        52.312956016372894        872.30128622981556        132.28493191694005        862.21201642674237        141.32021730013014        814.66213703931760        305.00501063075950        841.26285691476448        307.24546621867518        891.80836132686113        311.50268024650404        979.65210955372913        403.49550826477781        966.57385579034599        489.09186872257430        952.73415813774943        508.41664641095304        919.73286747648979        488.89744730123311        853.41072075542377        396.14426107247976        837.48004849450172        408.05158731567894        764.14172660712075        462.86806401251124        744.54621370375946        477.51466279996464        692.65825485585344        452.79741613828793        680.97327387197095        446.04899894661656        677.23876736424847        446.23474088661897        610.50056032684552        381.96244207350549        591.70386949268607        363.88735547988000        565.74906834959495        338.94634466783276        519.10699424682673        294.12610242902377     

 RouteID =            3
 Route number of clients =           21
 Route length =    1694.1514967121745     
 Route demand =         1145
 Sequence =          118          12          89          65          45          61          64          44          90          18         133          28          85         120          97          19           7          16          32          36          25
 Visit points =    278.60196669374943        39.587436468565784        481.27912948259166        22.948663648175419        520.14274952937672        54.896776711426007        515.27857065628405        80.285184167498656        567.96751832985751        94.028017479293396        601.07279121939587        102.65074800800745        651.47977066340673        115.77653023551289        671.33140558728837        120.94581908687593        631.11171413712611        165.37277271296301        706.50985700846923        211.72515175541537        657.79270810378887        258.49602225967789        629.30812877057156        285.84262610073955        489.36859144684911        252.04857855307455        368.82739948562499        222.93904417490654        351.36004910663365        199.89537144022884        355.33255964761099        186.40695436809227        354.53156736220421        185.76277272054867        335.05637247198376        170.10355698210708        327.32913333830476        163.89346635499501        295.94238813010907        138.67107999663929        240.74785888451180        94.316759971875967     

 RouteID =            4
 Route number of clients =            6
 Route length =    512.17378911012554     
 Route demand =          418
 Sequence =          126          13          84         127         128          68
 Visit points =    6.7975892447255468        65.740142851281774        76.000000000000000        79.000000000000000        171.45362596207565        51.630059742571369        172.83330318552842        51.234457346121388        220.85815052862120        34.870785766957354        148.19975574925667        15.859640462945890     

 RouteID =           5
 Route number of clients =           24
 Route length =    2233.2852563332358     
 Route demand =         1185
 Sequence =           17          78           2          41          86           8          43         114         110          53          72         102           6          31          98          79          60         111           1         107           5          93         116         136
 Visit points =    27.090016670221431        403.32590708284863        11.519426669335289        421.89973420447728        49.676795590649171        501.01217947515391        82.816450098698169        622.33976613696780        102.77120358846186        739.15169661929758        74.387493048075584        805.64466039062938        43.128095372827744        824.64270079369817        17.061134274921930        840.48501436826098        24.020149891104243        897.77795452502528        24.318572762964294        900.27260404505671        124.88694774843086        902.63064032532202        130.50594290527678        976.10453019073691        178.94950697008457        970.79805167945335        220.38285081790991        968.83590566484247        232.09207628439577        935.92400657640042        207.00000000000000        911.00000000000000        190.09443727446973        864.35584818946631        178.65109401728768        832.78251053877852        177.79501610229306        826.66360190397688        172.69673719700248        790.09025046835188        167.51328198274661        752.79101030617051        135.12354306144618        519.72009508087694        74.145772182571406        370.20939861121911        54.111316103157094        270.17747880869973     

 RouteID =           6
 Route number of clients =           24
 Route length =    2909.3763798999171     
 Route demand =         1177
 Sequence =           24         106          27          15         141         140         131          69          42          29          39          80         119          22          77         122          37          14         139          95          57          73          51          49
 Visit points =    602.94716912861111        710.68351165927118        621.26076643180454        731.68153084215726        648.86879934158560        726.78332705831542        704.72472478896134        753.08246823475110        832.14704871017489        813.07785205469554        837.15352157278596        850.84018909958058        921.64552320461939        899.51688516743036        928.41565821401207        903.41722836945905        952.81111452454979        923.95913120218415        987.89484379560668        953.50096671949666        975.05179880454864        895.37453627826778        980.42205939315306        856.70414830369964        936.13644168612450        751.00099143675686        935.47456197440556        750.55141186522144        882.99561684433900        714.90526461448951        911.76344766368231        690.81966406276956        924.77044013270233        669.63580863175503        891.82794643235252        652.98533850437673        643.39770812276163        527.41863735122888        603.00000000000000        507.00000000000006        569.12631679045808        506.48469110503731        465.59588536386013        436.90262870326512        431.85040166140118        411.82103972783744        421.97905386038860        402.40752824495240     

 RouteID =          7
 Route number of clients =           23
 Route length =    2747.6079564246543     
 Route demand =         1173
 Sequence =          117         108         134          92          38         103          10          63         112          26          75          94           3         113          76         129         105         138          34         121          30          87          48
 Visit points =    576.28159451996146        773.52507924356291        604.78186915855758        808.82329878130008        612.31706538485082        818.15580571424834        614.94268262145442        817.60271165611607        664.98386579339399        807.06139742106063        676.23886076825033        862.48972168675743        676.75334388379497        877.28928255098810        694.23835098273480        885.02038207199871        742.37557249606721        906.30453986951329        735.57920806944367        967.38095154863902        712.93180298179914        963.57477131295150        689.22656611579293        959.59080919046949        660.39754352875673        946.72743679209168        655.57636696113559        939.52813892309268        632.83762035930044        953.82369681921523        624.61206316602602        958.99499896455143        569.54769042944076        969.18702410512049        499.98124307458858        982.06328047822990        489.07827140828817        885.97149713984106        377.87528380425482        888.55844770998908        370.44948092547827        841.97846617613629        245.13344826366657        774.86348486488453        252.75392814090247        700.97621006888824     

