 nroutes = 6
 
 RouteID =           1
 Route number of clients =           14
 Route length =    883.65520929138893     
 Route demand =           14
 Sequence =           50          52          38          31          73          25          29          80          16          84          94         119          61          10
 Visit points =    50.881058634003871        143.57937068563024        70.230156268876911        202.15926529871402        83.664285286703787        242.83143910926464        51.842593462281457        285.89403524575147        38.072915418331938        304.52780518506592        92.052561564548270        338.17652307850688        126.00000000000000        306.00000000000000        158.30540021961474        283.06243239788597        196.29611660208812        256.08816124347288        216.00000000000000        211.00000000000000        180.92546645899563        172.64381136953955        171.98868307171585        162.87291850332366        168.44017897216551        158.99321683780215        158.95893281567635        158.25034354276241     

 RouteID =           2
 Route number of clients =           21
 Route length =    2503.2629700272319     
 Route demand =           21
 Sequence =           67          33          36         115          48          65          86          74         110         106           7          97          19          28          44          15          83          58          14          23          30
 Visit points =    36.042051862229798        436.12638508675269        39.159902555068058        582.42647383488520        24.907174755641066        736.39479392474345        53.058384144121959        816.60437194719270        102.68024274491908        957.98900250193549        116.80583294086669        972.21167478622999        127.06384022640833        982.55171365958449        162.26026613998323        956.01681657243523        171.63518069142680        954.45392494418491        280.12134585146794        936.36820070859767        336.19069003137878        955.84108387026947        412.71816876569579        970.62554990284082        387.01935505156661        868.31611318958778        377.41620824885109        830.08506676893796        372.76564794899105        759.19180648089946        322.50780725693613        734.31817186398712        267.01749859227590        763.86516813520313        221.17997026028149        741.94308532621403        141.81535726149161        703.98646590159183        147.07175012155440        652.87732908685780        99.364441234988647        461.90624980623767     

 RouteID =           3
 Route number of clients =           21
 Route length =    3033.7815405269293     
 Route demand =           21
 Sequence =           99          17         103          41          85          89          51          63         104         105         101          47           5          26         117         108          66          46          75          18           9
 Visit points =    403.00000000000000        645.00000000000000        518.74524200112614        737.63550704861120        536.68966823173309        738.60303335488334        640.45391281276329        744.19778656640563        787.50581118551327        752.12652043810954        846.70004505339637        769.57271511804413        889.11569571581333        784.90236794668931        942.19652061805800        877.06941448027351        944.09662894955522        900.83524596794268        944.45305292858473        905.29326137862449        901.90695051335501        920.47517249007740        851.69059895670921        938.39409202432773        723.93103573828375        846.30722091093412        708.05835670411579        856.28113875430290        668.93910199808192        880.86251104135692        591.29162761806901        949.63940610810175        584.85834204289119        955.35646719916633        547.00000000000000        989.00000000000000        494.17188888526925        883.15912538885516        449.77729733359598        809.15387300367672        380.28487633339864        693.31083953437053     

 RouteID =           4
 Route number of clients =           21
 Route length =    1820.8814706356497     
 Route demand =           21
 Sequence =          116         107          96          71         112          45           3           8         114          90          35          92           6          40         111         102          72          87          62          54          20
 Visit points =    167.44521411264321        76.585411270614074        208.74751813605906        95.455050380181348        292.09747029071178        133.53485135366526        301.50330972443464        139.63477375633042        432.26655202069867        224.43801080376579        443.05996129160945        261.27514361645490        456.49902540516160        274.42797575441892        481.04781796351494        345.48217433253319        532.93662661939857        336.40343762793196        604.13406151293930        323.94644154868871        762.75401341553197        296.19364228148356        712.49596036132095        252.74077139956742        674.77243257421196        220.12519076066965        587.22639614230866        155.79426997617057        607.62021481513329        98.848709443277116        592.56843743539343        97.127146005783942        541.16357333766507        119.98702085245800        534.03660362855589        123.35295936382899        529.41575840496091        125.53530074144187        327.68700132756629        72.955183410563265        144.93645447291232        25.321691115692492     

 RouteID =           5
 Route number of clients =           21
 Route length =    1661.9893303855838     
 Route demand =           21
 Sequence =           88          32          91          21         118          79          12           2          49          43         113          76          64          82         109          42          39          78          70          55          93
 Visit points =    81.161398479366014        162.88463348031459        178.54992434910048        358.33585337905458        177.71069795911521        385.11583572082367        176.78775183567171        414.56734151612534        132.48307704510884        495.65605859264281        177.01849374289500        497.26657260553748        261.76744621920727        456.19418428869955        304.19721266157273        467.38187796534066        325.35965509615983        436.42087494002408        372.55104315959380        476.40669991063584        401.62316447215920        501.03985443378861        404.96277233950394        499.17637957994464        422.18141817521649        489.56872721319451        471.34197372185588        462.13814223253343        437.75672965909189        428.13688753932036        394.98841558526664        384.83881482304344        403.19677339291241        364.59352409808656        416.93216711017993        343.26311050166669        361.09177475406318        308.78295114059489        308.00000000000000        276.00000000000000        273.92606159542822        283.55461515424474     

 RouteID =          6
 Route number of clients =           21
 Route length =    2626.0755819158621     
 Route demand =           21
 Sequence =           34          27          11          56           1          24          37          57         100          77          59          22           4          95          60          68          81          69          53          13          98
 Visit points =    679.25894333434167        54.194321024522864        778.60667574940044        62.120728113299258        788.54283152913433        73.140136845902575        877.26420962667987        171.53403789269970        931.91599447382305        303.77660708295645        950.98151191458714        349.91001363793191        918.24090838387428        437.34787021473545        837.87745717544635        485.03802130346793        833.45792602740369        496.30463078733055        828.26685685380153        514.69651202607417        853.26842543224632        546.57349782437552        877.74218989046960        583.33780807283620        882.24566719841016        601.84402916927252        858.48636433655565        604.98062123570276        856.68988708208508        605.21666026760374        815.55524461588493        610.62020909655109        777.23977857817260        615.65233995999051        772.86485025881825        616.22588622625960        725.92633411757356        543.03195258177834        504.26608992581254        571.48804144715689        494.63600089704886        560.57419887880258     

