 nroutes = 43
 
 RouteID =            1
 Route number of clients =           20
 Route length =    2170.1919515115960     
 Route demand =          131
 Sequence =          556         482         333         185         512         598         877         691         239         829         348         401         389         530         961         550         121         387         860         370
 Visit points =    825.97022403733513        374.47979250370832        826.57636991827860        373.11740834173759        826.86070234035230        372.47132714014646        834.83877574724238        365.12935946249507        843.85042876906971        356.83622127811532        845.56384159755908        339.19095764896656        860.69324789706695        326.67523768476815        879.99988230365841        310.70392824271045        882.15540221187769        321.17737072285382        882.87204177188846        325.60260849673745        882.37549588703484        332.52158743818200        879.54936973315966        371.90144726783660        887.00156450913505        395.58654619001652        890.07212989621632        405.34563691782472        888.10170588347808        421.49470673737653        886.63736958547167        433.49192667919658        885.58994597378864        442.07118689438767        884.34662022192458        452.25504664178101        861.10317901929250        452.85012687885165        835.18232154958343        440.19664647059659     

 RouteID =           2
 Route number of clients =           22
 Route length =    2214.0340718008861     
 Route demand =          131
 Sequence =            2         979         649         976         851         191         324          35         823         883         926         651         208         410         423         546         835         963          77         679          26         250
 Visit points =    922.48779537890061        953.45722226535725        922.88859244021148        953.22776827591565        928.56788670872425        949.97640529720275        977.50075207632119        961.99148722966640        973.84623055859731        950.54127788507117        966.29225537261300        924.64686903592894        964.07323769398181        917.01214163448219        981.18455786890001        918.50489839938973        982.17089949314084        892.67524339803822        982.33359500100846        888.48164130922680        983.58969756804095        856.19713432659728        983.75603507038829        852.01041247106946        984.62359048520568        830.23688727964327        985.00455664987578        820.72401736254653        985.51990558668729        807.88232585940887        986.16390493724214        791.83486675488223        998.79972770453446        755.89217280549099        943.38632233362557        757.81904854947447        925.73763541211940        758.43274168951120        917.54996622378883        758.93512537778554        888.76051015403323        760.70160528690860        858.20262690608354        764.02006057321398     

 RouteID =          3
 Route number of clients =           23
 Route length =    1341.8636206686710     
 Route demand =          131
 Sequence =          107         690         307         788         635         148         614         360         872         347         661         516         846         697         773         429         642         518         479         737         954         894         913
 Visit points =    6.8453615254154654        469.62591002413973        8.5899498726564758        330.19023350200314        9.1360794133518048        286.58097733175737        9.1944809318813920        281.95525344530472        9.5311254621032919        255.31453651703478        9.6846875655714673        243.17826875500822        9.7585646597916949        237.35142106813944        15.435198035527867        222.14556658024773        24.618477071487963        213.82540828462948        27.466793587297218        211.24480013548219        34.807651686741615        204.59389663398662        40.022274011912529        199.86938767173314        42.844301345924634        207.77011558451358        64.312635971821564        271.87617389042322        64.441241135763718        272.26019856125964        64.441241135763718        272.26019856125964        70.807540605231409        280.71688683860441        71.490272761114397        281.62379563969239        46.962594871665218        318.65128309403474        43.678095513092735        359.49700443229040        42.596517602750801        372.87832504284603        42.373188301613027        375.57193665012744        41.883606279556702        381.40993297007810     

 RouteID =          4
 Route number of clients =           25
 Route length =    2214.5138762514257     
 Route demand =          131
 Sequence =          156         272         563         890         769         435         466         810         189         338         610         477         470         449          36         997         381         420          19         368         170         536         147          73         339
 Visit points =    796.55782406918684        558.75844178102307        828.30298946123901        546.84272299298391        840.63990056388207        537.20846510101194        860.66195055868138        521.57265549105819        868.46669594035632        526.09141309700783        892.23650722876744        539.85355526806268        897.69180814046592        543.01204171213817        907.49476658274330        548.68771604302094        909.08565017012620        549.60879891749187        970.90548446736568        528.55546608905956        984.11298983240226        596.72543674396877        978.64778344455226        639.81790186185310        968.94951977428161        637.36450476797017        959.12319810184101        634.87905493175890        959.11252228494743        634.87667890264004        956.48329630391936        630.25970080294701        945.50499954431518        682.79826157110165        944.69973471762614        686.65199735160422        944.69973471762614        686.65199735160434        922.46972762873486        691.51121911206633        911.13574453218598        688.67373144651083        910.23829990369791        689.94065331049899        904.59334574578327        697.92455722557077        900.99358372284553        695.48167479834194        872.47715798989429        676.12976351461896     

 RouteID =          5
 Route number of clients =           22
 Route length =    907.70386463653028     
 Route demand =          129
 Sequence =          524         141         804         702         361          15           9         355         634         942          96         146         870         826         571         915         806         110         179         736         457         903
 Visit points =    216.12211454330691        782.71365879730126        273.19348821055866        765.45913963390637        278.60203929922977        739.16160907448148        282.68621601931017        719.30346955697269        286.34001334619666        701.53792657023723        287.76891584209562        698.26001753858191        289.19781833799465        694.98210850692658        304.60709132921380        693.45179498642403        304.60709132921392        693.45179498642403        361.77471198375537        706.54266077640216        327.04950558693838        789.94257473199946        321.13381477919870        804.15035506066101        312.08126940819164        807.89698518458079        307.00000000000000        810.00000000000000        319.25922738508547        842.19700665235894        292.38312642969225        847.29774924532842        262.21026400968100        853.02417529027423        245.00644797974255        851.85334659483362        197.11924359206864        843.88191332802830        149.60307655393601        847.10448611824847        120.84415365565070        849.04371459965375        101.43178802694220        850.34331846309158     

 RouteID =          6
 Route number of clients =           23
 Route length =    1214.6138285582249     
 Route demand =          131
 Sequence =           94         297          22         294         197         840         211         494         280         952         194         440         528         648         499         284         638         282         220         710          74         707         875
 Visit points =    306.31690254017059        635.77267401202641        350.12051853082744        603.92903748270840        348.82821360532779        595.59336345765053        343.00000000000000        558.00000000000000        280.35802462886255        514.46699531156946        286.53425695817236        503.49449821624046        286.53425708938227        503.49449784908063        291.21652487347183        490.39227847500553        295.58569489737226        478.16618941990805        287.92969583886821        461.26000745031808        287.92969583886821        461.26000745031808        270.86254482499976        452.19838800963254        239.63705695523484        435.61955257918311        231.40006022386225        431.24620815554624        221.33490049271217        431.74707913421793        197.20541551146871        432.94783094345115        184.21254779551097        433.59439299934212        152.65624224923980        493.31762137088413        147.06186816640545        503.90549200913227        147.06186816640542        503.90549200913227        120.93704050683803        497.84212474772158        113.00000000000000        496.00000000000000        72.357715503711916        628.17896128972973     

 RouteID =          7
 Route number of clients =           24
 Route length =    2363.9431932525194     
 Route demand =          131
 Sequence =          275         967         848         162          97         584         666         631         235         271         336         193         166         951         323         137         763         618         169         326         878         319         849         380
 Visit points =    940.54983580253781        484.51295925950103        954.69503470933114        478.89908231819635        969.52192087200308        461.20206716963389        973.89347493751472        454.35306542713789        973.48569523068329        430.50510804626504        973.45173239703638        428.51887823694415        967.71755460386760        407.52104346173883        965.20430690932710        398.31784786114321        985.78987172680013        396.66340133853873        985.98265044515006        385.79817433929657        987.00000000000000        382.00000000000000        985.35956911331152        360.45127738611706        983.98133837234559        342.34681948057568        961.49249944199596        330.28042868527513        954.92763788306877        326.75805097016070        940.69741061172829        319.08689331762076        937.89615720870438        339.11687005602579        917.48399980979184        367.06564070096346        915.76302480559707        369.42203717282661        918.70135481895113        374.62343626963940        922.99230489583817        382.21922835322232        923.58645232125184        385.15863876914909        916.00970123386662        404.22684821305114        887.68637038557142        393.06662926571471     

 RouteID =          8
 Route number of clients =           24
 Route length =    1629.5937255660524     
 Route demand =          131
 Sequence =          303         498         831         340         906         733         933         160         928         904         259         263         821         574          72         939         310         843         778          60         586         786         622         413
 Visit points =    585.92760888190048        864.97059971983231        607.20718292384345        865.26106546304595        639.48811386986085        875.16331953011832        642.15689312714471        875.98224364057660        666.01147835442953        883.30248541649655        670.43901634647580        884.66155128688331        671.48110226648487        884.98180936200492        698.84919200178285        893.39286839462056        724.90516130195942        901.40067230258353        751.36036823936706        900.13095113405359        767.27905369528867        899.36693171260754        773.10014550713947        899.08754763842694        796.47909464112865        897.96547187150315        796.47909464112865        897.96547187150315        789.56284862662551        903.62508012205024        779.25988124974958        909.15320628301401        766.70176779246958        915.89134617961827        723.17010872673018        939.24854945016182        705.75706902215109        948.59163254570126        658.25767250499098        974.07775192387612        658.06370807773135        974.18182483660189        552.53379722740533        985.24962939824388        548.74279931530918        984.36649728224222        515.18844680534812        976.54984134617996     

 RouteID =          9
 Route number of clients =           20
 Route length =    767.60135690411482     
 Route demand =          130
 Sequence =          930         507         607         643         143         167         168         964         783         203         145         119         656         742          13         522         908          12         532         978
 Visit points =    48.137380788342121        867.49853482832430        164.62546063083494        894.00533132207011        305.73757598302188        890.53052818071899        317.22966907303112        901.47374510977932        334.38489058083672        917.80961264545067        334.89570912146849        918.29603387940153        322.82481892234512        936.19881897755511        303.65627594651016        947.06590914241247        291.90088961352836        953.73030942386799        243.44235616360442        956.28462605722871        243.44127720976610        956.28477245151373        242.74372096466587        956.37951209668768        211.82401794647953        960.57894336165123        200.30131953904328        962.14392540305278        182.68438659307000        976.43519469001535        180.57722902953051        978.25441221269148        150.96849568536322        982.73532135609150        132.56641644280768        986.94284501028449        115.32386227502087        992.35224023032913        113.32022316809611        992.98082899404847     

 RouteID =          10
 Route number of clients =           28
 Route length =    2542.5433992457647     
 Route demand =          131
 Sequence =          216         729         787          46         496         126         383         977         749         669         415         161          83         667         682         393         886           3         772          76          79         577         511         131         268         869         795         777
 Visit points =    798.87435527889068        290.83919899747343        870.40225203779653        266.85032222072755        890.44023886329273        258.62233859558717        898.19176804281676        255.43941130282289        903.04734315862993        253.44561856847915        889.00000000000000        230.00000000000000        888.72663620864546        229.42290515511530        878.27414895098229        207.35181853035508        871.45243364801263        192.93940714550448        871.31392604458870        192.63898498299409        851.52530732253376        149.71758945946726        826.85750193872025        119.07286497876851        811.29724698461007        99.742417113711980        805.42997691216783        92.453528944488227        801.71058565052203        87.832942772568785        797.99119438887624        83.212356600649358        797.20477992176518        81.104194645118227        785.82778894236651        50.605595554873453        770.10835407860907        18.613426297937874        752.16455756093364        27.326130239986064        746.21488949447030        28.434384082066071        723.47744564842856        53.344292433594710        742.74149636308709        80.088037916332397        747.00000000000000        86.000000000000000        746.32442489876337        91.927113037006279        741.96628202053421        130.16298855019068        741.51686186071174        134.10594631092138        730.86371441379345        144.51963305644514     

 RouteID =          11
 Route number of clients =           26
 Route length =    1719.1091286909334     
 Route demand =          131
 Sequence =          392         246         925         221         480         616         717         273         425         128         305         833         990         647         706         738         396         114         213         949          53          81         842         751         255         384
 Visit points =    524.24531345961077        494.29136918549182        544.55511573434455        470.94228163461838        546.23895879938993        469.00645780847572        601.47111062817044        470.63543981944650        609.12222219892158        453.05400990492711        616.89052870252237        435.20327866351124        621.24632401843451        430.21552902173829        638.86642440188689        410.03904160633624        652.00000000000000        395.00000000000000        652.52956230739392        394.53766375161575        665.27807502359553        445.60322711381286        664.38507620914697        446.97516863784517        649.09467313085281        470.46628521445962        645.25581736823483        476.36403761362203        645.25581723860125        476.36403790393717        641.85230887381101        483.99362129977078        636.52700478839097        495.94636181321772        633.50166580945790        502.75223355590867        632.64225690358683        504.69787024986056        636.00000000000000        512.00000000000000        624.93509431505038        532.47372828633104        615.98096597727329        549.04182166628107        625.00000000000000        578.00000000000000        621.47589770813352        606.07119291284232        616.47367964877537        617.29602580037647        596.51378298685154        631.63688016764468     

 RouteID =          12
 Route number of clients =           22
 Route length =    1944.5984849678255     
 Route demand =          131
 Sequence =          857         375         244          51         291         391         210         960         514         430         434        1000         312         118         450         799         209         525          38         603         564         785
 Visit points =    447.00000000000000        171.00000000000000        457.51878385061337        144.69407291224090        465.67386157804390        124.29942623640069        475.17397078234620        130.01363196409173        504.88833529973999        147.88647829338427        507.11607531399119        149.22643812705400        531.61776387497900        144.75759305645948        533.50371004843282        145.27260570728521        542.00000000000000        145.00000000000000        534.00000000000000        176.00000000000000        538.20679628611754        191.39317226949925        538.20679628611754        191.39317226949925        540.79438252582815        189.20940248830956        545.07350189711940        185.59807876517252        554.16737001779541        194.89152012280036        571.00478165692073        218.79282059979317        592.37133674702852        249.10844298272690        593.98255252606759        251.38319888870114        598.50674581069870        257.76981164299309        598.83494361522764        258.23311463481156        584.07661193076513        273.03921871840384        510.03035312188638        347.32516365885311     

 RouteID =          13
 Route number of clients =           22
 Route length =    1912.5836375244901     
 Route demand =          131
 Sequence =          513         486         553         124         461         199         174         675         295         478          67         716         559         292         497         615         911         258         102         154         796         936
 Visit points =    734.95280834598759        673.32166687733491        760.95197847744657        666.80626209555157        767.17270349144712        698.36067423134011        767.50654737507909        700.05408541035717        768.67265887141264        705.96914433666927        787.23770202830315        731.85093913149331        817.79744371226423        740.50450941295730        859.57518286629261        727.49128814427183        862.77999172275986        725.94799399963711        873.84741663397085        720.61841185398418        883.37887397964766        734.95265850143289        895.53473701738244        753.23371801585506        904.18698060089480        766.24572542268936        906.19494691875911        769.26548236186215        891.82232030016769        771.43816165836176        833.48138758405230        780.26110284476329        818.58043878754393        782.51874482711935        817.94818303645263        782.61848860327814        810.89772308034048        783.73278977679865        803.48500012678653        784.90434538275110        764.11398335156730        788.44393941685314        757.05908264215009        789.07856391005021     

 RouteID =          14
 Route number of clients =           27
 Route length =    1622.8987505498822     
 Route demand =          131
 Sequence =          464         172         709         585         455         765         436          16         837         595         175         390         762         116         966         400         633         582         974         379          39          71         745         219         703         460         927
 Visit points =    186.36918238178907        325.23738077851459        198.02443195491554        291.62099239614673        201.00831661499225        283.42486432811057        202.96884500032576        278.03968910962629        206.15364324967896        269.29169202037656        225.16289496586450        262.68024195061400        256.03367469605445        253.38548558120789        260.32156517840536        253.67216802524041        261.33592718155262        256.00543325745076        265.44777377040776        265.46362338700169        318.45150212791015        305.91686711615176        318.45150212791026        305.91686711615176        373.10006503443833        288.50111625521231        401.85043957517973        300.12685127201570        401.85195840484283        300.12729843770177        423.21182736957246        306.41595653514247        431.51697385519560        315.26839065151677        437.53782078397620        321.68599578997765        423.89873173302641        334.89711335740355        409.28198482669944        349.05521153474103        408.45527504619662        350.10972054199141        413.32636495013708        366.63084589384630        365.75165956331733        360.46506137300759        364.31388504530838        360.28177454189137        344.07444972477811        357.70166068049150        324.89272856168674        385.69966383368535        292.49268359151017        432.99138252387775     

 RouteID =          15
 Route number of clients =           23
 Route length =    1284.9762240204795     
 Route demand =          131
 Sequence =          483         150         956          29         803         809         157         328         490         463         377         845         992          24          63         914         916         815         139         489         957         417         186
 Visit points =    236.86525537191855        822.93144727774722        357.22754796884874        805.47223376476359        410.97613771431168        797.67571394159063        437.80752961636858        793.78367733489313        473.14385563382643        808.76898776552036        476.59133075222780        835.16319619094998        477.80184197379884        844.46432814058926        481.17214222221565        870.36050056908027        484.76387642710341        865.69221200824109        499.42562580491085        846.63588072148605        502.49251603342702        840.48319958446075        517.93793236659565        809.48743413324735        528.58880775225498        788.10290647912007        532.89519953049819        779.44916377116567        543.95036132200380        757.23369182506133        538.08353848402646        753.57061840567223        536.71700440125903        752.71739429894262        491.24092104378087        719.39212484183599        491.06669128911284        719.44667825945965        487.18537660160143        716.87305136564567        470.28426864242027        705.66624401367233        407.71969558189420        664.18085033172144        407.33886985468479        664.36183856988669     

 RouteID =          16
 Route number of clients =           26
 Route length =    2201.6064610282779     
 Route demand =          131
 Sequence =          548         438         432          75         885         608         152         646         212         249          78         704         814         888          54         779          50         999         454         645          95         965         718         692         200          90
 Visit points =    681.05275078473869        465.70392947900001        707.59023199206661        444.22367373290956        765.29800314533907        437.64559254716073        768.84745642353948        439.15738126430495        799.00000000000000        452.00000000000000        799.81064331796142        449.71341788110129        801.66863930592297        444.47256742452481        792.70128911596692        413.82750663205246        787.60560306918762        396.41353533994209        785.46302371020181        389.09150604846860        784.87005782023232        387.06511034135406        779.25647808050462        382.88548127543555        751.92986283501057        362.53926359459842        759.40347774943393        354.17599529157627        785.26170588639536        325.23962350544002        782.61002398622622        323.03089010011712        745.29386526185715        300.92866966111393        744.91378313099403        300.95014557231542        724.29532834596284        294.04524515833594        696.39013928765326        284.70009521912789        664.40470754649812        255.17686776477055        642.82489988499424        235.25784892291236        624.99567027501655        218.80063158365314        616.37929057585609        210.84730794103714        540.00000000000000        206.00000000000000        538.66466897487373        204.84733784829413     

 RouteID =          17
 Route number of clients =           21
 Route length =    1345.5975883736623     
 Route demand =          131
 Sequence =          374         142         929         918         535         202         759         229         427         135         701         422         238         495         456         394         149         800         330         652          88
 Visit points =    478.79021185430940        899.61471947228472        502.99990960517584        901.77845557360661        507.31431228314972        902.16397817259406        535.07084844725307        904.64421443859271        534.05070484454075        901.59537939600148        561.44023306634074        897.52706698226882        573.55584297887867        895.72747095389002        586.80676774093104        893.75924056794327        622.84850186269011        896.01810658577847        641.36526940129670        911.35213798935172        640.03623732824008        929.35699548895514        636.57076140927836        932.17327211820987        633.81868122491107        934.41396290138596        617.36670579688030        947.81002290512902        622.24068979513697        954.60214021995500        590.19881867077243        968.00520895660088        586.42227195979001        969.58493302945510        550.19444963228784        949.59797441906164        488.00758744382557        953.68432405207500        488.00757234776455        953.68432104892861        387.01070154528674        933.59242446708549     

 RouteID =          18
 Route number of clients =           24
 Route length =    1886.1672668087524     
 Route demand =          131
 Sequence =          594         412         165         613         228         968          33         572         558         732         975         351         834         304         854           1         195         881         696         278         105         560         623          14
 Visit points =    276.43914890421229        194.75509374275518        278.38538729903064        190.07473262732202        280.23294272094955        185.63168670942235        280.17984179373104        183.15272473681253        273.99141046235741        141.35193598127887        272.94383234440966        134.27589533891907        278.96308465224871        125.14411253449795        293.96055166099336        102.39151730569047        304.21231087238817        86.838615766780066        304.16791368689741        85.178579449987382        303.03907881213604        42.970793820040264        326.59587106312722        55.218217704333377        363.62126096903012        80.408937682199252        385.59586992574663        95.359657235958622        403.27022966087344        107.38464462993785        403.27022966087338        107.38464462993791        385.51007493939352        154.11315640776129        383.35185943020116        159.79160912520334        381.96728245351278        163.43455157571245        358.36801837858917        146.34234509887105        348.78496489731936        155.11840676586402        348.40771639562433        155.24696708694080        340.48890155825308        157.94557390304661        324.71863562674287        190.51466006627774     

 RouteID =          19
 Route number of clients =           21
 Route length =    1966.5145438889256     
 Route demand =          131
 Sequence =          626         288         493         776         714          34         329         419         677         111         628         950         257         711         539         529         641         674         896         217         311
 Visit points =    838.87360031705032        923.40257000950419        852.64953160339905        924.49563500921431        863.14810422651544        935.32123429544367        903.83407468729206        947.78929846828203        910.10561366446007        948.14567054009842        910.10561366445995        948.14567054009831        899.81398578536209        937.92830889070945        891.94129044677891        908.99933094519929        891.94129044690521        908.99933094475909        899.48399246692111        882.69025423189885        903.24039341200898        869.58786196367441        905.85637181402205        866.78772216716720        905.86003857714661        866.78330304018698        916.82107867224681        853.57293338990473        926.59943388011447        841.78794895896215        907.75056470358720        837.06980093695904        895.19780057936282        833.92767557764432        895.19773561560362        833.92766895943657        877.60856038786471        832.13576503057482        814.30051381226474        846.72506039118844        801.70099975624692        848.40957317952382     

 RouteID =          20
 Route number of clients =           23
 Route length =    2000.3446798040056     
 Route demand =          131
 Sequence =          672         517         670         761         471         327         302         500         917         730         353          65         685         569         746         920         940         602         684         609         922         681         251
 Visit points =    589.47745611477524        352.31379084324260        623.41722209408499        349.56139998066936        625.83693341646858        349.36517024420465        640.24886147514462        337.83815839299052        645.31511376967956        333.77692644408120        686.27715289473122        378.72549555817096        709.31340004015624        404.01289270227761        714.03420790387122        409.20171965382923        726.61283831603066        423.02739067888501        727.11106965344470        442.95674552304007        724.55833896573210        451.30625739631461        730.17501938076907        458.28997898024051        756.44440574283317        481.07781964471610        779.23299969911955        500.84618579099271        788.47896339949307        499.99241848615827        815.84582444049045        497.46537728743431        799.03506712733565        511.15459491248060        785.38333553599875        522.27137693672580        785.38333553599477        522.27137693673308        766.56269217082161        524.08248625506360        766.56266755203148        524.08247801325695        723.49293770133841        509.66371955992383        686.32059966468091        527.55897667782278     

 RouteID =          21
 Route number of clients =           20
 Route length =    1823.8313855656231     
 Route demand =          131
 Sequence =          227         581         299         859         962         256         797         451         395          23         712         617         108         358         439         232         545         144         671         811
 Visit points =    490.98199017484518        320.35871499724351        492.79835876723803        318.73628088029898        504.61473421181023        308.18154505179467        522.10898928630422        318.43192147990317        527.02398321208591        321.31175475468962        530.98203553381177        318.01926286882974        536.54725915207791        313.38720682368398        577.86306169939087        278.99917031762288        575.61285005562627        276.81739411159663        556.58060439157509        258.36397402902838        537.20631060066614        264.57447131746380        526.74546405200192        267.92773207764191        520.82822108723553        258.20400305622314        505.94751929856307        233.75073772177768        495.48198735582451        216.55286405316411        493.79139301202940        193.23823559124622        442.54203647263597        207.11874310253259        438.91335894899743        213.01461995547047        410.68217340489826        258.88466277303934        384.23562344375136        270.24648263235662     

 RouteID =          22
 Route number of clients =           27
 Route length =    1622.3932518120448     
 Route demand =          131
 Sequence =          693          49         441          61         673         481         760         474         446         129         630         523         222         364         468         534         639         932         880         445         982         713         215         190         874         945         207
 Visit points =    285.19152097976951        304.82765731262037        286.63635798406426        302.00938392245462        296.66195420899231        282.45287783265582        303.38964513372844        269.32895507289356        307.51016074771815        261.29060348192320        315.42589369622948        245.84849610964847        289.35382240875913        224.95114439941244        289.35374721545912        224.95113539687449        276.21036940839554        223.37752605124498        248.00000000000000        220.00000000000000        241.06249388927199        199.31455228559776        235.70701726313908        183.34623627498803        211.49783965845654        201.04597763195599        211.49778293023653        201.04601043011294        183.11449857753922        217.45617479017449        167.88808076618557        209.20325444593377        152.19445435330942        200.69710084484427        140.02016933330358        198.47337991440205        122.38777294504084        195.25269559183184        125.50690529886762        206.10648971892977        127.15262574965624        211.83318193245495        99.349591462341749        233.53033860673955        92.247950713266363        239.07237442861660        103.44271635925062        266.54193364485167        111.10763512897945        285.35000401372321        110.21715087977076        297.07390207208158        96.156904041240097        357.97850460910917     

 RouteID =          23
 Route number of clients =           23
 Route length =    1124.0647242896412     
 Route demand =          131
 Sequence =          734         934         487         905         542         998         619         818          64         867         784         694         817          58          93          85         243         367          62         484         444         424         755
 Visit points =    356.00302975754585        805.06625648712600        359.45425802407470        804.55994668598942        382.89554712870938        822.92822477994264        392.00471314675525        830.06322738687675        409.40636732921968        824.50411327692507        410.24621490461197        824.23862685183303        419.98795525066367        834.13188267831856        419.98795525066396        834.13188267831856        437.63028396820545        836.81385310314738        432.63921150328429        857.97731392369622        414.47671926774740        867.77966388008485        386.72657037493758        882.75649919111402        383.71432540577138        884.38221565771255        410.85610295864313        941.52851050356242        419.57617760714191        941.09350604978204        428.83217174601924        957.40693234812784        448.10167575715690        978.41947215967377        448.10167575715690        978.41947215967377        415.34232776828037        975.95492041814475        364.42038354782596        972.12395997432952        338.56020912979898        981.21326262969308        323.31120476805455        986.57296413813447        319.63228851213836        984.83085047479960     

 RouteID =          24
 Route number of clients =           25
 Route length =    1745.5988904487540     
 Route demand =          131
 Sequence =          465         686         644         366         653         373         363          11         342         770         334         678         552         472         176         947         399         163         597         196         510         676         376         624           7
 Visit points =    37.055864760046937        168.69885331123635        37.892815649489847        152.26581818661759        36.763435564371946        151.66164774022616        13.252435953649634        142.43510970573465        30.799170477040423        129.26188867133581        46.501085975763786        117.47959609458024        47.402819555439528        116.80869390629952        60.801813602414676        106.84198190253939        70.000000000000000        100.00000000000000        79.247716074955648        94.942179076144996        83.867097617726571        94.680571583010803        95.249395999757496        89.589494178278954        119.08569244207659        101.90485542631384        177.13476849912254        131.89673296946938        179.09268477298806        132.90831596426835        197.12308303944783        142.22395653545257        200.77005640861211        148.12874817319911        205.23609310527161        155.35968009150568        191.17577603207019        161.69516783478855        183.59120538660295        165.11272620934372        175.37654482720936        164.64663436722421        146.27600065373480        162.99549782391506        139.16647396059190        162.59211020137772        126.12717498874157        168.93708804192391        114.42872428536059        181.05892655024567     

 RouteID =          25
 Route number of clients =           26
 Route length =    730.27948945189257     
 Route demand =          131
 Sequence =          350         601         260          55         230         537         115         557         789         372         955         538         844         611         900         735         214         937         345         565         723         321         485         316         748         801
 Visit points =    65.946055213840538        893.89783852221797        99.498819508876778        913.25828968362646        121.90403728024589        926.18643833358692        170.85387819103568        926.78995641596202        172.58750363300524        924.68442501646916        184.05567686487677        910.75604218938281        209.35848620927356        880.02514826025219        226.91316750193911        871.53962373646300        227.26546004523027        819.48229576035646        227.27536803102925        817.67649831445226        227.33263824375618        807.23861457431667        226.69653766948389        789.25594493916526        214.74386202903256        762.45583104682225        210.18755940125391        758.42350331164869        195.12251070197468        745.09093551172157        159.84555681783749        713.87083202425913        128.83698385604595        700.07014305308257        93.445593833772634        678.03275746940005        90.932259303302800        685.82322180796075        81.018135098789926        716.55356435765725        77.205578953329564        725.52005757908682        75.712359509463511        729.03185950706768        71.220130164502521        739.59683020803993        67.357349997917609        750.67857042561252        30.994753808956595        807.84798099724367        10.774636948459220        838.04216605126476     

 RouteID =          26
 Route number of clients =           21
 Route length =    1520.2367415873134     
 Route demand =          131
 Sequence =          277         261         171         727         188          82         731         443         659         378         892          43         247         625         853         668         418         879         593         397         578
 Visit points =    463.35297844218468        507.41316233175547        484.94357400378493        490.08519185428077        507.99923649370851        471.59506400517233        516.53745281137367        464.75805314299521        517.30604948068731        428.54911705216176        525.13441954306506        405.97213026433712        526.21294931047964        402.86215021041824        531.07198749903091        404.35339344949614        538.34858662506588        406.58649289584537        552.21177194765437        410.84092748836315        552.54289523662931        409.82103599001425        554.43641097926366        403.98883620079994        556.32992672189812        398.15663641158574        554.27027343065834        381.96796873267209        553.56556163402126        376.42900490138493        546.17872685334726        373.11749429618601        517.51759484695026        369.32204128050375        517.04507785963028        369.96682640735605        492.46227309956430        403.51192068112300        492.46227309956424        403.51192068112306        367.37710720817967        519.16736400989453     

 RouteID =          27
 Route number of clients =           26
 Route length =    1734.6422183616489     
 Route demand =          131
 Sequence =          754         140         130         313         907         943         218         192         573         782         269         309         744         488         318          99         983         830         620         941         725         398         183          37         897         270
 Visit points =    514.63084866634574        616.65773585788725        573.65334784375739        587.93104688624169        629.79450404594047        560.60223636389469        655.80176145001099        547.94222973271474        670.60821670561234        538.26947948417978        688.17407378628991        568.19096308767621        690.27976692377706        569.11951806839863        700.08043320580839        573.44135268359742        703.31293504909684        574.86680050091888        713.71488567373592        592.30736917937372        716.09669995237653        596.30086972604613        715.96245289637454        596.44215061097327        718.09629941090054        621.31810216278177        718.70295215197609        628.39033725234083        723.06107785811298        672.18964622517581        724.27841494855568        678.86908446092741        727.37874675786475        695.87908143073378        727.38177837877788        695.88779860334330        739.46870576423260        730.64571514537511        747.64153516773092        754.15201038161968        729.15142777294523        760.24406642080703        724.43801524071637        761.79830855297735        714.49948865615397        765.07633938724086        697.36245884406912        770.72865732931530        670.25856630244209        765.59654058626529        655.83937936925236        763.73116566130818     

 RouteID =          28
 Route number of clients =           21
 Route length =    1097.4215058134807     
 Route demand =          131
 Sequence =          775         123         722          21          86          42         919         899         414         637         805         453         274         683         120         562         325         549         632          98         469
 Visit points =    78.808807522463354        535.66107721729315        79.630901672260720        490.47472779558319        79.630901672260720        490.47472779558314        76.266214373720246        458.95350970366457        112.33513579147855        433.34168710085032        90.099126090559110        412.99739769258753        89.462476965037482        412.41491125570701        90.158738774734530        411.65088636710402        108.14202652696946        391.91739067588583        125.06817370754750        368.16450780988720        115.41903342380434        369.45879916120236        73.131549982127339        369.57594867580821        73.111070515615722        369.57545694210046        55.753529840233924        385.87496059999773        46.571607395464802        400.52383746082137        31.059565731751746        425.27181257807507        25.192131755363832        434.63274089413653        22.268638990175543        439.29689328470158        19.848435934897783        466.13624787230725        11.000000000000000        499.00000000000000        8.1779344121571977        611.25549782752466     

 RouteID =          29
 Route number of clients =           26
 Route length =    1420.4572243135603     
 Route demand =          131
 Sequence =          792         547         655         850         337         708         265         103         596         663          52         752         262         861         898         871         467         290         508         248         201         306          45         266         356         969
 Visit points =    310.83448395675191        493.17709695764654        339.34021097721313        459.59588470102125        359.89154487870894        435.38535657074294        366.31305960945707        435.84389492526134        384.90818180121408        440.53464157544727        441.30733095845449        454.76171237683923        441.99382509916506        454.76269226298643        438.42812660705630        469.82413107089513        440.31332587155742        471.70540738438632        453.09486024528184        475.81565582025519        496.58761978947217        489.80195839103300        499.37992401334077        490.69990122459831        508.51622239054075        495.94555218929759        508.75887939321819        496.64644127046813        515.78802618901136        516.94938816570243        518.37095205811397        531.54641014507013        525.81108772032360        573.59323196442017        526.39720164035532        576.90556774434231        497.31381031708986        563.63448056530206        485.41368227558252        570.31186234398353        477.67371037212547        574.65490362684898        473.36827530422408        579.36153091065967        469.92629950842598        583.12423943190208        455.95217692881471        598.40050900111862        455.85903258334133        598.50233279164240        383.91724379896476        639.47713606856701     

 RouteID =          30
 Route number of clients =           26
 Route length =    822.37635778830679     
 Route demand =          131
 Sequence =          794         865         320         231         931         570         600         533         650         132         289         491         293          48         245         767         407         240          28          92         680          25         177         198         343          44
 Visit points =    119.65529816074607        661.39346449501602        141.09831634195683        666.53056385722437        150.49656770686522        668.78210096289388        155.10288907673578        664.64309721142195        184.95598112256667        637.81864228325742        195.41173155745057        639.75459216209879        195.41173156128545        639.75459216260504        208.04105217726067        641.42153736495709        220.00000000000000        643.00000000000000        212.80392934323149        634.74467621249505        211.38775113539464        632.04030676296907        199.27581191084883        608.91104362919373        193.79085127859040        598.43682514196689        188.29541598897359        587.94260398615131        182.97936560822484        577.79094075458841        162.81480066523690        572.23150644523992        150.38051937563040        568.80333578006685        144.10996617077384        567.07452443579837        129.91759283377166        592.67587971345142        126.76666134225576        602.46538561468185        123.83225120773589        611.58218977429647        94.874001146760065        597.79728234860329        73.632147641643712        607.08690029348043        72.314420827692757        632.13470876965789        64.600664788461202        656.78538254802788        47.732738680113087        710.73377725602700     

 RouteID =          31
 Route number of clients =           22
 Route length =    2181.8331921856393     
 Route demand =          131
 Sequence =          428         813         991         159         575         308          87         173         924         551         893         136         910         726         989         404         895         629          91           6          32         296
 Visit points =    581.80435525521023        141.22624163749731        587.66179877028276        133.99517425902945        612.18805254875247        122.09895813725501        614.45974447246363        121.00196318669275        643.07259906957222        107.18487967876608        645.38616828741237        107.00515027255766        664.18939354616680        105.54442349399410        662.39415191163050        114.07570246484521        659.18614555896386        123.47400446107059        658.59203293413509        125.21454024999449        654.12218978989790        128.03333705163246        651.31007880264963        129.80672578159849        643.02938436921522        135.02874235602798        649.69576039332003        141.57741679543756        668.14838414195833        159.70424088183876        702.97799871388895        193.91890351967263        741.20944413906579        231.47533425988999        756.57137239642134        246.56603219760461        741.88093774239826        259.80341419331467        741.87784801644534        259.80590823070480        729.48979476080376        269.80530088603189        719.57866257689443        277.80508909271447     

 RouteID =          32
 Route number of clients =           19
 Route length =    442.04804087520318     
 Route demand =          131
 Sequence =          505         540         515         958         766         921         822         237         816         151         935         433         187         354         300         836         876         236         234
 Visit points =    46.471280721953704        832.41003584059854        66.140837527631248        821.53394482116119        71.774718461248128        818.41874489916779        94.841990787042960        818.59544863371718        125.21425997080179        818.82811343452943        162.59353793835857        799.81216704878557        163.43562962762542        791.22201522368107        164.49767096255923        780.38816372282952        165.83355934551940        777.86591008635401        170.76849400714539        768.54839744471099        170.32572424126391        768.58870057386503        118.24633664853269        773.32922814857989        116.54068322363545        773.48448529478253        89.588097953899066        773.01334571241910        33.976679604873645        772.04124080473093        32.632270016755285        776.46977449558540        27.373805571999164        793.79134610707308        22.533540112954046        796.27129100947514        10.321736280263510        802.52809674053708     

 RouteID =          33
 Route number of clients =           22
 Route length =    992.90310974735246     
 Route demand =          131
 Sequence =          852         369           8         753         993         492         839         825         322         802         104         298         402         346         406          41         588         972         501          80         660         301
 Visit points =    42.306043283595045        673.56135407303611        41.931186908476967        671.82850168222365        15.792553758521816        550.99717546507736        75.867765462479383        523.71181567428164        77.036734407533672        523.78281431857454        111.35675800605955        525.86727957140022        151.32717298591291        528.29492770303227        182.01283927244609        515.77922784513760        192.31515539800060        511.57724326821562        221.82215088359524        538.67421896288306        224.95672084925349        556.31696477289734        225.52176804311190        559.49730023234622        251.69813098777934        578.68444507724951        251.69813123842511        578.68444583928181        264.42198497081188        617.36847052978180        263.24875503642642        620.39213273220616        259.27702453487848        630.62812402133898        253.49684950407979        645.52486015231761        234.71797354599244        669.14857500112475        220.63342347392413        680.54073673887217        200.88513572878557        696.50192059870210        191.66101648489342        703.94568162884821     

 RouteID =          34
 Route number of clients =           25
 Route length =    2402.9870150761876     
 Route demand =          131
 Sequence =          459         987         591          47         117          17         971         405         995         576          20         388         654         286         721         544         912         448         331         973         756         901         555         599         520
 Visit points =    414.64080296785903        266.68549860354995        589.37871597576020        28.157037107172279        605.96694445496803        16.340991076617243        621.59576514193702        30.604849312326017        660.40196887244144        29.384208736306409        662.73803884172776        26.462284692208925        670.14535976096874        45.402330960193090        677.01386025816350        54.949633472663223        682.52711047343485        62.613120621701405        702.64630135623156        90.579049023115189        712.10569816704060        97.607742258944057        722.01231220456816        104.96873493083567        786.91772977944959        153.19593963719828        786.91772977944959        153.19593963719828        808.83134678064528        158.05868263477430        808.94495779323256        158.40772082151713        815.47681422132177        178.47503007089898        810.10432089585811        195.15803786797861        786.67515100086041        218.38932668655988        786.67515100086030        218.38932668655997        780.65457022808016        252.03611522505054        782.36594068342424        260.34143426786750        782.36594049988094        260.34143619211147        781.60997199726683        268.26690980225300        775.39782812394890        272.95809486998866     

 RouteID =          35
 Route number of clients =           21
 Route length =    1419.1722332389522     
 Route demand =          131
 Sequence =          590         720          68         409         411         953         554         357         688         605         416         740         868         531          27         719         583         739         640         101         808
 Visit points =    149.49543979322789        391.58351584567879        158.48496382561214        363.21740042381640        150.20060691555213        336.43599292824467        155.06109277841807        313.59605946119848        155.33166432781880        312.34367801457353        158.63391998613449        297.07654662847108        159.74725186763757        291.94574038040162        161.16571921963467        285.42231718187764        165.46368497519802        265.66134341618738        168.00000000000000        254.00000000000000        228.07273861314243        330.79678786981708        234.49749318690371        339.01017260152031        241.92568164765578        348.50634385402577        246.03502362612204        348.83318717707027        243.47111535969421        352.67540211109730        264.74349439814193        408.34070297852759        283.81860510699312        427.51751696631345        291.74728561609146        435.48847103374794        321.23362162351930        465.13202012901530        325.88470994761798        483.51500406583438        329.83327713281949        499.12134006313602     

 RouteID =          36
 Route number of clients =           27
 Route length =    1865.0429365890170     
 Route demand =          131
 Sequence =          882         866         981         923         781         442         855         285         909         317         365         253         226         371         856         970         657         838         475         138         790         526         627         567         180         747         889
 Visit points =    654.17346514011638        982.60796853636054        698.08081593149768        997.19382087067584        735.08528313681188        984.74123964469175        779.49717540956601        969.79594417921055        791.27976416597016        978.63595532223962        800.48577764386584        983.18507781931555        820.72864628707441        942.53731745335017        836.77130791442028        910.32358940155018        853.55688698993106        876.61808017303281        853.55688698993106        876.61808017303269        840.84479699926987        850.52920879295220        832.87327526645151        834.16934937221185        829.04022425160065        826.30282427734596        821.14152736980702        827.61081804599962        809.53165445307491        829.53336826627094        808.31705108108736        830.64645795832155        791.87883054321242        845.71081093895316        791.87883052762527        845.71081100182880        790.96061423415358        849.41471471616842        786.07819854373201        869.10937008213693        786.07817799627117        869.10941846173637        785.16544966550691        871.25844225076355        751.41981321797914        836.32542335401934        722.70933383142949        839.94999419671285        701.49221312687371        842.62856169940915        700.90607014536545        842.64256380084180        700.32216926481215        842.65455871689312     

 RouteID =          37
 Route number of clients =           24
 Route length =    1894.3129401598192     
 Route demand =          131
 Sequence =          109         948         315         887         519         841          57         458         741          69         224         178         715         985         543         764         182         100         155         636         750         807         824         864
 Visit points =    778.85738815144919        713.46473383186947        785.18314618041779        702.57224060094086        784.93772137549320        700.30510943732281        784.36592925289210        694.95209879303093        783.56413984564369        687.37814705432640        826.33513122167903        667.77012419303298        849.15985472759417        657.30631014738867        850.65418833831677        651.14702610145559        859.00583610518652        640.18337680844456        859.00583610518652        640.18337680844456        876.36315425153282        620.91918553404571        876.36315425153282        620.91918553404571        865.04469476750751        604.17606347164156        855.78473690913017        590.47803283996814        848.73459264084875        580.04892575096937        827.55896903679707        573.38376448516669        818.19314942721905        570.43581361243253        814.56287164067942        577.59980631499536        807.44797450615556        591.64034925642102        799.73429371021871        606.86253229070189        766.47558003599693        617.29052966380777        751.93690923381109        621.84906732503305        747.12459625160250        623.35800458436859        730.59648980662223        628.54057376766161     

 RouteID =          38
 Route number of clients =           10
 Route length =    285.29873550825181     
 Route demand =           58
 Sequence =          658         664         768         335         662         873          18         698         408         819
 Visit points =    1.0000000000000000        880.00000000000000      -0.19407820031892842        920.84468004689995       -1.0291588196908135        949.41336901583361       -1.7770386945959840        974.99885984947502        8.0032386584501438        964.03590992714976        39.337028391242484        928.91310560194472        39.747524517252103        916.70073670421255        27.176517428321116        897.52021687328943        14.070190827165030        877.52292027599594        4.1941652536370464        844.88268016806592     

 RouteID =          39
 Route number of clients =           22
 Route length =    2183.8200178144539     
 Route demand =          131
 Sequence =          946         705         579         476         828         820         344         158         385         421         689         287         780         181         362         580         566         541         847         359         447         264
 Visit points =    286.23608535290998        27.072065561225131        290.66879972591346        14.129185775303007        301.75695317970002        14.148727380588817        320.25269445741202        14.181349553215716        336.26548179837704        14.209628135196922        372.78204609136958        14.274170989561119        381.24806936043763        14.289189155302759        387.74162554244054        14.300758607316672        423.71065688985641        14.364869048418422        427.84507002786688        14.372258622306040        446.32025717296193        14.405279937771853        457.44710538756772        16.740462916925434        474.95967863087827        23.287930014449167        514.78244099480958        38.176560182488217        528.10477373989215        18.618365847795342        565.26158097455004        63.050212194521350        560.94293899506454        71.191135180383242        527.35001512123711        86.703893690328457        499.69555877959260        99.474348103973298        493.75893638153639        108.46706686495206        486.56338523969185        119.38584378872626        482.59569195735793        125.42556288782039     

 RouteID =          40
 Route number of clients =           22
 Route length =    1629.3313910350157     
 Route demand =          131
 Sequence =          959          59         592         204         153         462         793           5         606         506         771          84         134         352         757          56         863         164         122         695          10         112
 Visit points =    500.69639505148001        657.74257259839703        541.14109032549254        643.25510611257869        563.73266245030425        635.16270631075690        580.68383163667613        613.93460012450635        626.72549774592960        647.96533678421224        649.59413247632131        664.86821089893840        662.80103621299168        659.47652395369960        663.36859111823355        675.02336293910071        664.17650384197248        678.52255902203672        683.01695298756772        732.48600497175698        665.88862078342652        766.07771633486266        649.86460739770268        797.50111450344173        644.04797436921569        808.90612999818677        635.52541457635209        825.61681571902614        631.06538992313108        828.84823261678525        628.90584024243822        821.82481173790484        612.12963410685120        789.58218470711336        592.34523444285526        751.55803227129115        587.73434807452634        739.49299261097315        577.02961651495559        750.57411624229633        554.58631084912952        773.80654580259647        535.63958905571212        793.41944891135836     

 RouteID =          41
 Route number of clients =           24
 Route length =    1311.8162048704414     
 Route demand =          131
 Sequence =          988         561         724         980         133          89         728         279         509         884          31         502         984         452         812         283         604         242         774         938         386         431         206         944
 Visit points =    127.08766460006358        739.53556059084485        373.53698002428530        633.95833349051532        383.71600682828176        629.59770695480756        406.81872031456999        579.52040187281887        398.95629009764679        567.17468847899511        382.31752471343839        541.04823355436270        380.43759659900189        534.14561852746431        376.89236178142357        521.12842338166126        375.16055330852214        514.76966577972780        373.42874483562076        508.41090817779445        376.03750000678707        503.90380666448198        379.59017469833202        500.29370495753653        395.82477435033286        513.25647449953067        426.10792268301174        552.26881421383371        436.99828136826682        566.30323782797723        438.54652170716406        568.30320774833604        470.79504158804281        609.96266602440255        490.41344784343033        635.30622225142292        467.58300733083678        643.29616846801468        466.21733352144497        643.77411195230388        465.14182121518598        644.15050790828866        451.19743664165014        662.76836242317870        444.26638808040985        672.02235660759823        367.89194880625115        703.96591861706611     

 RouteID =          42
 Route number of clients =           28
 Route length =    1936.3932375288825     
 Route demand =          131
 Sequence =          994         437         568         699         827         621         473         205         223          70          40         858         341         382         349         332         902         587         125         403         665         589         254         862         758         241         832         267
 Visit points =    232.66883363499210        152.93187875844080        232.45105245044689        151.55463331555038        226.44097039464961        113.54695078765295        221.70437871699545        83.592805224048035        206.38089982047077        64.295718778743037        206.38088682857514        64.295701588276216        193.18905535628619        46.840685957259467        207.84331940992493        42.504276833554087        199.46505182657052        21.770176790098876        198.92804545250286        20.441221397696175        154.63733583466563        8.7932053033439868        151.36976427708848        7.9338664844243301        141.18307221789792        40.630155989986065        141.18307221789792        40.630155989986072        133.15991647742410        45.330952729045002        92.951098578637115        40.441608002768731        92.950510426938408        40.441531139843164        84.976131313405034        39.399469600832170        78.317285083101012        38.529447398152456        78.315509534401087        38.529335884052458        19.939939111702131        34.863033068634309        27.018570208712159        67.302937469191576        28.293983089397589        73.147229804995405        28.294621570468387        73.149532506735852        28.295370389137300        73.151790159449590        28.296179688093449        73.153874417905612        33.286615570080173        86.006180858262226        12.070690563092828        105.91538860970211     

 RouteID =          43
 Route number of clients =           27
 Route length =    2902.7122914544725     
 Route demand =          131
 Sequence =          996         521         106         891         612         225         233         503         687          66         798         113         314         743          30         252         700         504         426         527         281         986           4         276         791         184         127
 Visit points =    935.98269335259693        263.60302923791085        938.07194965279314        251.60570499433689        942.14835855454123        228.19737575341534        943.06353020851282        222.94210330541881        942.61868894887277        210.53149968361674        931.18962557767782        190.87766310754552        913.26357108912873        160.05136230501029        906.89195263975500        138.13883704873683        895.57223791400543        99.209397567598941        846.06188177121646        41.838995575737819        843.46719692579484        38.832390004274899        841.11241311618357        15.278553566856251        893.59526177337386        15.854899866833971        907.91404728738337        24.693517795327661        954.80769915834253        53.639762695335335        970.09501446355512        97.389963494980265        972.29003851234211        103.67182143654098        974.48506256112910        109.95367937810170        950.40514265545073        116.74254735305080        967.90764725912004        152.49176851737514        979.00452007379738        226.92964487938804        980.60549186617959        237.67068027715919        983.14613963305203        254.71651154014646        984.03200186361039        260.65997930503926        972.16617839813409        293.86926492678850        969.31815297037679        301.84013101657820        935.18391258908753        321.43033550073363     

