 nroutes = 14
 
 RouteID =            1
 Route number of clients =           18
 Route length =    2611.3452795766325     
 Route demand =           18
 Sequence =           26         228         210         213          61          57           5         161           3         198         124         204         234          96          34         128         104         227
 Visit points =    315.36324854268918        821.26678526187004        331.81754372289686        864.11694668316761        335.01904718054345        889.94815217101745        345.79341122657809        976.88068726145480        420.19562090012283        943.44330520012250        497.58592059077881        974.49783519940581        502.93170524427467        974.43881427504107        586.78667587563064        973.51300109698934        601.93305190501076        949.27392211717142        619.46769743824723        921.21284287690992        638.60535331547715        933.68851080365630        642.15369112552651        911.18687993514584        643.87021205022393        900.30163667667534        656.17330446274491        900.30447733564699        657.29247344983935        867.11812906749924        644.51030704945981        837.76877647454035        529.57617937447094        853.16975701385900        504.95761080378611        833.84703496594739     

 RouteID =            2
 Route number of clients =           18
 Route length =    2199.7067812992796     
 Route demand =           18
 Sequence =          224           7          73          95          93          58         112         121         115          86         158          31          53         221          45         206         111         182
 Visit points =    32.822812674880531        186.24144824089146        99.600497010891985        650.59049695410715        108.74773769788590        771.36671134893732        108.95148118998362        774.05685240077764        118.65688532581886        829.77646536660484        118.65961219898954        829.79212059492409        122.52562016527344        833.65650278647990        147.39698624606589        858.51740969626667        165.22344611755159        864.64294303821555        235.78469927955973        888.88922143614570        219.07020372964001        965.15242839713449        158.92978279708024        981.60705831571113        123.76112598039938        928.88948881495446        106.65133022677199        902.83295351707000        79.594637480388030        906.98350532822940        67.940502640237909        918.34658696432950        59.328931800562117        926.74309033489078        33.356345786774831        893.63194137953337     

 RouteID =            3
 Route number of clients =            2
 Route length =    123.99994842877550     
 Route demand =            2
 Sequence =          109          28
 Visit points =    15.352256320620130        10.734101164085724        50.811752888706614        35.526927406711671     

 RouteID =            4
 Route number of clients =           18
 Route length =    2048.1564011459068     
 Route demand =           18
 Sequence =           10          13         225          44          72         151          30          90          24          62          68         149          27         195         145         130         157          46
 Visit points =    348.28263130124645        320.26112623575261        409.94550187678408        395.61052631013530        490.32407092629632        520.95414057472544        528.84430271914073        581.02320042886060        567.81968439341358        641.80202822045692        580.14725496345920        645.74394573331483        613.03276363361954        656.25748422472827        625.63767929524408        660.28729161857768        622.65670050080200        672.44091108000464        614.92507430297144        703.98040064852773        589.97225861673394        751.99206138321097        579.20030273568898        772.70716349908093        569.05423356782831        792.21138927921129        545.87001395450534        759.06336481306414        531.74211155525063        705.80841359246620        428.46218468370495        542.77192183932789        289.96554261408778        367.32566013501338        87.009204817948358        110.22245370758303     

 RouteID =           5
 Route number of clients =           18
 Route length =    1909.5622024731003     
 Route demand =           18
 Sequence =           14          50         150         189          87         135         114         162         201         205          84         107         231          89         164         168          59         137
 Visit points =    156.45777323623500        455.08198693319707        193.98768196903276        493.35684271086342        227.78820141736293        527.82814514718143        228.82991659085806        528.89053351825203        233.76715317214681        602.25729314782882        233.87659798609562        603.88363031549011        265.14987406053928        616.25584783575812        291.64521751611602        626.73783736977089        297.89123414637407        717.37745619489374        298.29091014743193        723.10368201028723        300.84363458915630        759.67699779382133        402.39255195094893        818.33326868825191        398.27990879300245        786.61523010688416        393.63299896916493        750.77675362933655        399.80488193921519        696.98545521955089        335.38899622514930        539.45097230467013        231.91865417147264        456.64023400959434        165.29311013829476        325.45672000113308     

 RouteID =          6
 Route number of clients =           18
 Route length =    1660.9146811158339     
 Route demand =           18
 Sequence =          122         129         173         229         166         217         223          33         155         218         138          22         152         214          35         178         153         116
 Visit points =    160.66810534191376        495.66610472972059        180.03426828805172        555.41132006443524        174.64971437271393        618.09520605862303        198.22227366148107        654.12307865009029        227.41873381801261        727.66604896580361        213.92769397897683        725.15205211987154        204.58565734440853        723.42128639795283        174.99093735541339        717.93837845075006        164.06781147043904        722.36133595568037        164.06781147043887        722.36133595568049        125.45222118878264        712.50106013028051        102.40718362422481        721.02490349041318        82.911838203379901        702.72998663684700        35.441714905912690        658.18284269000958        13.742028002678795        637.81931698306789        31.128354523361974        569.01357254083212        30.612702004103305        559.58765542216076        29.394042254628332        537.31105429513002     

 RouteID =          7
 Route number of clients =           18
 Route length =    2804.2130148150432     
 Route demand =           18
 Sequence =            2          70          52         222          88         202          49         113         101          79         174          94          37         117         233         188          41         191
 Visit points =    525.11022855143949        641.79609836719806        620.97923342936838        758.98880643604434        636.24529708470322        777.65416931215532        641.28356936701960        775.72563738677798        643.65230255041570        778.42139780494733        691.57499428484516        832.96029497384870        699.81401692895440        841.88437423167136        759.06411485159242        906.06098749458226        769.70266094931503        924.01612973290764        818.93878488795474        889.66086720045155        873.35701645310974        922.93757892319286        879.43980367146366        926.65719918489856        942.96544933408438        898.71927236485783        972.89878433126762        816.70829147888526        890.11552654023251        828.82379077856035        851.20825316204923        747.16974740315720        828.92845500577403        712.60232972711742        780.06241609498716        686.92096046506731     

 RouteID =          8
 Route number of clients =           18
 Route length =    2509.0357141926856     
 Route demand =           18
 Sequence =          110         136         147          36         216         208         139         127          12         193          60          99         154          42          55         172          19         126
 Visit points =    679.85820267215809        393.65758372441326        704.20706711716616        407.75628122660009        796.42283293499088        422.13903318651302        853.43833532086910        444.38121351563933        888.74736305193517        445.04534621774127        925.17898589005028        445.73059400011215        935.67312650937856        445.92797984315393        970.81283455607263        483.99432122234555        980.00000000000000        537.00000000000000        960.36774792169592        559.79875731188565        956.00000000000000        568.00000000000000        962.99900120130087        626.90744771565323        928.81813753928122        625.21082982112000        887.15106154866112        667.02696435503265        853.14131247913940        643.42438871374588        812.28667654040100        659.33907644787553        805.75201875235916        622.25658871335725        669.46299016942760        601.90713760550250     

 RouteID =          9
 Route number of clients =           18
 Route length =    2289.8543266359216     
 Route demand =           18
 Sequence =          185          29         120          20         159          76          32         134         125         156         190         103         211         123         144         171         140         119
 Visit points =    300.35351238467075        120.61977617852578        654.48823363482643        274.28005169032463        687.10712870468330        288.43350263021176        781.00000000000000        347.00000000000000        795.72793868052736        352.36786955770214        846.01420786564154        370.69563010752591        939.48453505872692        354.86392326772506        946.00000000000000        326.00000000000000        995.21524357406918        248.32214689843011        928.48586701863212        268.03973597731942        819.03738375941055        261.87675876028101        823.66015294632962        240.20122498126520        834.26348414064159        190.48365220632573        788.51952214162611        201.69415877113380        763.83065123211384        225.42409109351169        743.00000000000000        221.00000000000000        721.95990408282239        174.85568972711673        718.77616537211054        174.08460143672244     

 RouteID =          10
 Route number of clients =           18
 Route length =    1969.5452482137064     
 Route demand =           18
 Sequence =           71         199         209         141          17          75         226         187         176          63           4         163         194          56          77          39          97         175
 Visit points =    688.61145947711543        121.95818369356589        752.24903553896888        133.22886923341602        807.76569110660012        143.06127967153159        818.81847800667254        138.65481354358442        894.88719563220798        108.32822946554268        914.94612348510009        100.33126591686442        935.07724723796537        69.669867718957804        943.50975788556002        56.826443280856580        950.36328666856207        34.427299852256937        903.46316282935447        44.426054539342374        846.92448922105677        56.479675755369243        812.91925168629473        49.502660516442823        724.75309830355161        31.413194295832078        700.54424837399199        23.397342220628786        536.02328712110307        21.943996902341475        535.47597231599502        21.939162032647207        481.70448166493514        31.301241033712483        231.56216083131184        15.046949501935282     

 RouteID =          11
 Route number of clients =           18
 Route length =    1339.3337980295885     
 Route demand =           18
 Sequence =          230          23         236          54          69         197           6         170          91         165         146         215          48          51         196           8          43         177
 Visit points =    299.84978766599176        67.540580317307672        356.94790097135939        80.401819065169249        470.44322532283491        109.71745006874052        558.00818068107628        132.33531503185361        610.79149047655301        146.22301282719692        616.55319724690116        147.73896252269776        606.42278396812844        177.31604712920901        598.84420467301504        180.34952008659747        553.21918306545808        187.91993010637762        542.63311306496087        191.87565948738120        449.60203591991484        226.63845723912618        442.13771117985704        229.42764144783331        429.36266825596016        219.58266948274485        419.91745547053239        212.30176625279461        392.19740058434292        190.93358305350912        302.74259007482476        160.44411307001195        187.09229536693607        86.207284760709470        127.24080704871027        58.629268858546325     

 RouteID =          12
 Route number of clients =           18
 Route length =    1200.5189599839200     
 Route demand =           18
 Sequence =            9          38         192         183         184         148           1         203         167          83         143         105         232         160          11         131          74         106
 Visit points =    64.888487379278061        81.207407957872960        66.936110596097521        85.312968320263693        69.506571676110411        216.49413220778627        70.402985583760952        261.64481801459112        72.089017950113060        346.56710333788578        75.240537391145565        379.96522010381693        77.055135408640652        399.19537244457973        79.780237894254498        428.07457072282182        106.60398122770115        481.03461055909617        122.89241529481303        552.22088791597037        124.90384361581927        561.01154843942300        123.38391919610791        560.52815597009908        93.196511817146614        550.92743819350642        48.289611355154854        499.15670653157218        25.679706995888363        457.30017623002868        22.327678028439792        397.60836185995896        11.224290896661770        199.88152582249069        6.0509036934778386        107.75414447045411     

 RouteID =          13
 Route number of clients =           18
 Route length =    2178.5311702625650     
 Route demand =           18
 Sequence =          102          40         207         220         133         180         200          80          18          98          16          64         142          15          92          81         169         118
 Visit points =    489.27342019260630        422.16423744928869        560.58739048266079        483.69671937959777        663.89497549976352        544.63907070929258        663.89497613386550        544.63907141477875        671.58705838778280        537.27373628444354        696.63777900306047        513.28712947275028        714.52277689542086        524.65607860974171        765.27002364996179        585.08359139133904        809.56190668596741        538.38466304330768        874.59013928675029        533.78075140415399        877.22869333364918        504.77417633712076        852.28727660372147        495.09348026440551        845.79882049377557        492.57506717487615        749.30035317533884        455.12039396813941        745.22312154542999        452.74751259185206        569.12491790869728        350.26127051965182        470.32449950141336        292.76106104215188        393.65757959729530        248.14218163306933     

 RouteID =          14
 Route number of clients =           18
 Route length =    1255.2294737554516     
 Route demand =           18
 Sequence =          212         186         235          78         181         179          82          21          67         219          66          25          85         100          65         108          47         132
 Visit points =    117.27671235960933        188.63462374009848        171.39052493368632        275.70317710812770        183.99087413501258        295.99652014648854        210.54716251198971        338.76643558684054        269.14919139493901        422.99367729308369        270.64324600191321        429.64254391082881        273.36631670582170        441.76079836850465        336.56381904670172        480.99542013134328        368.26314173945241        471.72891541845297        381.30551076253846        436.93923818418943        369.04731797986744        417.16760224505612        287.26461375106919        292.47078089440447        260.42293941686364        251.54438330499599        255.86879737970600        241.99524732311065        229.58462702124831        186.88253566939142        170.19041518501703        151.49523701709114        133.38314239262485        118.78623618856238        128.11003718913591        114.10026003806941     

