 nroutes = 15
 
 RouteID =            1
 Route number of clients =           17
 Route length =    786.64118219508759     
 Route demand =          109
 Sequence =          155         188         273         225          47         203         252         206         168         136           1         234          78          29          28         172         116
 Visit points =    510.11899860631144        667.24107440126568        464.04550802804772        625.23251582117086        452.92177290245905        615.08643127708672        441.70590271363818        604.85630930038894        439.52363503808311        579.12436746312301        438.72335807570494        569.68799974330102        480.49381001060641        551.86633488842494        490.33239884913013        564.76369604809190        497.23018258983217        561.77337164334710        539.33500691337497        543.52010530951850        540.76098198139687        542.90191717739401        543.95164954243785        549.93028262343216        556.52771825618561        577.63235258342229        561.01019844774714        587.50577216122724        561.01922891265963        587.51275992343881        579.21692566187346        601.59411441768327        594.12023162757396        636.72154925371751     

 RouteID =            2
 Route number of clients =           17
 Route length =    1329.7741902923137     
 Route demand =          109
 Sequence =          170         240         248         205          99          72          52         233         192         166          38         108         135         281          50         106         242
 Visit points =    406.85936438873398        585.56425106565280        324.40926319832982        511.66496695612369        252.78682997635252        450.67108982365454        238.04269588803294        438.11494138590967        206.14653780900190        436.50323835442504        204.93877867163059        434.91173733969168        204.02591784162661        433.71422186097897        200.40641863807812        419.52120375150434        209.43979260519029        396.04460340005988        225.74302550817933        385.93565657549948        248.41693452817970        401.90510120937842        262.71535013374080        411.97560807097807        275.66913229687833        411.94563135462914        283.10302737567326        416.81730389999927        315.12191425541363        437.80031922524046        334.91403960322413        450.77074105945411        382.96824316351939        449.14710360002425     

 RouteID =            3
 Route number of clients =           20
 Route length =    1442.8642346648146     
 Route demand =          107
 Sequence =          104         272          48         147          42         182         216         238         115         226         275          25         124          10         118         211         213          43         126          18
 Visit points =    358.81158973759244        641.91908025624161        133.64300016735424        511.12723914253041        129.61951332743979        509.92473747809885        128.86065495246251        509.69793706957626        90.713771171483785        476.62564841537028        72.137709899215068        474.28862366744511        65.740470394035839        473.48379713167532        72.353210074826762        467.83238616407431        95.630625333362175        447.93893106986826        99.640835547461123        450.21374758929772        103.05645573841090        450.69071467045734        134.49802857280915        455.08130682748487        152.60394099901509        457.60966879947051        163.65152415801381        459.15238526048313        177.35360900474069        467.61255859201225        180.99989423746524        469.86390981321807        185.57717853201808        472.69009425262021        206.44448633790989        491.75052787618102        256.36655294233515        537.34990493602231        305.02580475645374        570.86455398696535     

 RouteID =            4
 Route number of clients =            1
 Route length =    295.15934494339211     
 Route demand =            9
 Sequence =           37
 Visit points =    558.68815931549602        732.89712748885268     

 RouteID =           5
 Route number of clients =           22
 Route length =    1870.8066909229731     
 Route demand =          109
 Sequence =           85         270         181         141         194         142         162         187         151         264          94         198         148          77          36         140          15         143          88         111         131          40
 Visit points =    373.92585353231988        515.34796124535501        250.69134281208912        388.17999979766438        216.92278834684024        375.57331011715189        181.00000000000000        327.00000000000000        173.29473987971261        331.50164169313882        152.62472315816643        343.57767905190337        133.47079806790654        354.76797067444704        83.654661824298529        371.92050254268645        80.678014715779852        367.59535780100873        69.008535631106966        350.63930481214464        74.474834433409228        345.99524760156919        87.202840822452217        335.18179008944242        111.62656543926148        319.04702234859832        116.64268840264003        315.72597373273635        116.59715485403305        311.45433938309429        116.18942460907705        273.20398172318176        121.90285826970057        240.46877838021530        137.11172456907181        250.38061081799066        181.40512505595174        279.24724394391802        265.80333573163387        234.98182848216948        336.91471456041012        309.65489250290580        336.78334592177907        377.34757343825800     

 RouteID =           6
 Route number of clients =           22
 Route length =    1601.4491692237495     
 Route demand =          109
 Sequence =          149         173           5          31         232          82          45         196          67         185          89         215          84         200          74         132          12           8         163         139          64         180
 Visit points =    271.31311179117017        509.50409838204149        209.10249087598672        460.75841624061843        183.95329637580738        441.04761420791652        179.28839335134890        437.38687793791689        123.03876979293831        393.24513719880065        117.56304193788485        388.94807449784349        61.946500492343773        405.87965966060443        60.186570072407655        406.41544291880757        53.167610982388879        407.75389160340927        46.945559577727124        408.93533397944566        44.316288247018875        409.42973152536103        31.990561384073001        411.74410516674931        13.682138925588575        415.18098800574967        11.423918156110215        415.60445157266395        8.8475181368196090        416.08758039545796        26.329826370268524        432.77429977732129        28.957611984312443        433.58476981814982        40.641906136542183        437.18847717844596        44.253300660425872        438.30231502411243        53.000000000000000        441.00000000000000        55.186064371302557        441.85066807295220        57.372128742605099        442.70133614590429     

 RouteID =           7
 Route number of clients =           20
 Route length =    1578.5268044134700     
 Route demand =          107
 Sequence =           30          55         219          17         278         228         244          27         158          60         119         183          46         179         222          75         223         218          80          22
 Visit points =    292.42248128748440        663.73140653537484        267.27772945830361        657.82075218640603        236.14938512392175        650.50695078927458        230.73368490642366        649.23449776730536        223.27364120768769        648.12163430364637        192.04382661361279        643.46288263842564        186.37260404485360        642.61687000820461        157.55108235258876        652.09133827875212        152.27087811635917        643.64982364984064        134.47100328706668        615.19298807267012        112.05755879241687        628.54326275455605        110.31336637381347        629.58216812637329        108.04541880445214        651.75572716949250        105.91761450656810        672.55911560259517        138.31730106730535        756.01571071446256        162.51829016520264        744.90330447129520        191.65854520264617        755.81071848603551        327.06725077753185        967.51477948944614        435.12032315134911        931.98665785509138        667.64753544536097        984.94184267248534     

 RouteID =          8
 Route number of clients =           20
 Route length =    958.25797921916217     
 Route demand =          109
 Sequence =           20          79         150         253         245          90         259         138         280         220         109           3         189          61         274         125         100         186         235         276
 Visit points =    562.34414113994796        442.60103492977044        570.06094773297116        432.32994124895936        579.14113904338660        420.24417823513693        579.14113907264243        420.24417818277340        573.13067523942379        403.58050026613461        543.40799403515757        404.84276550354593        527.74341633155291        400.04694316648971        527.74316896621963        400.04771042497100        526.36608853656071        404.31883876988223        531.37746164214911        418.83144585917358        530.40529951188898        421.02500165084547        528.35582245270939        425.64937667341422        512.07179891800888        447.48011254050925        528.86438916117061        462.61378389249052        537.59802140233603        475.84578777941391        541.00000000000000        481.00000000000000        542.22137130728697        483.54222019059091        545.64724315135345        490.67299239753663        549.07311499542016        497.80376460448247        591.16498350807990        601.65056900064292     

 RouteID =          9
 Route number of clients =           21
 Route length =    2006.0612263297801     
 Route demand =          109
 Sequence =          224         251          54         207          83           9          92         102         261         164         269          66         144         178         169         165         128         101         263         123          93
 Visit points =    513.79258180776787        457.92372225742719        513.78663189054078        457.91008947129751        511.20771246350995        452.20704140360556        476.65389257547139        429.13531376341246        463.67343414885306        420.45629204215192        424.42040388146074        394.21084745774624        432.47265834351327        373.29599082248870        434.53042800611502        354.28128683391458        495.03282695678496        337.55139676795017        510.39816925772863        338.51439931865883        518.62441846858155        339.02996863157489        592.00000000000000        375.00000000000000        604.99224593951578        379.93918407233025        608.38666329505270        369.50517341864509        611.19390854457583        360.87605573125990        601.97014205788196        339.45565716507809        672.00000000000000        313.00000000000000        669.98945902290438        301.23151251962776        667.90934977018378        26.562870094222159        829.78121364743652        291.78821655698601        739.60322687472546        629.70587747360321     

 RouteID =          10
 Route number of clients =           20
 Route length =    964.11309937599867     
 Route demand =          108
 Sequence =          241          49         174          98          62         229         282          33          70         239          68          13         217         209         243         227         157         266          63         221
 Visit points =    689.39286824544899        525.29471998088832        690.25125034550160        508.71928446859329        690.75051445664621        499.17196987083332        691.69764068312725        481.06964212632818        691.80405351033403        479.03578452587470        737.34689938415363        469.20396535560889        736.19093511421352        466.42168343986776        712.87773587630647        410.30931532916560        663.46964953737120        421.42731494007921        641.99277232677412        426.26012531919514        637.00031264904078        444.69731115099273        624.32877170489121        446.36024475794710        614.18582668014437        445.07738611269167        610.96633171089320        451.21880526722481        598.81927692486852        491.27820803791974        597.84561415725864        494.48922088486864        600.98728137816238        503.02698131713731        606.27593822953463        517.39937725552841        613.61127221148945        537.33380054896520        614.30225500477707        577.05427361145007     

 RouteID =          11
 Route number of clients =           19
 Route length =    962.52019902129041     
 Route demand =          108
 Sequence =          256          95         154          69         133         277         246         153         271         146          51         214          39         279           6         250         114         160         210
 Visit points =    343.00000000000000        673.00000000000000        332.68055468951911        636.83922063531190        329.72022610760695        627.70394590752755        327.65476690519012        623.54349134505787        322.47674372711680        613.11782384860237        318.05130626747012        604.20744668458929        314.29804481212574        591.11782797578655        310.61661753535867        578.27873324966515        302.61609509875018        550.37665677233679        315.76527830514442        561.01765988305306        343.16039255142948        583.18721150747558        348.10687154715220        598.67430295038071        351.20096315529440        608.36169467072568        353.26452422669456        614.82256492579575        369.30501504809780        626.19057032496676        369.30755753993304        626.19222942911711        384.30098659752196        635.97601016978740        389.15693300291434        639.14450910388018        401.34790743224545        647.09892260234369     

 RouteID =          12
 Route number of clients =           22
 Route length =    1853.0978570897380     
 Route demand =          109
 Sequence =          105         267         254          86         130         127         231         202          34          71          26           2          16          44         184         268         103          11         117         176         107         156
 Visit points =    288.45820030488085        503.34373936804127        155.00000000000000        392.00000000000000        91.872965684929028        327.60455178659902        57.283364047206149        283.83216150617881        55.572999331396858        281.03190226432889        48.409824266611750        269.30414210256595        45.488667931792548        264.52153933494787        14.198840544640124        213.29291686228277        13.044194456400167        273.68603674137080        12.602570700312624        296.78492107873785        29.967544332904474        311.38147083796116        30.062642820295324        311.46140817806878        30.035001069396202        314.09692140453745        29.901573227997737        326.80192434247402        29.837493638478669        332.89699903552025        26.720361618414621        335.35121103977957        31.055949091368511        345.16761466997855        31.056118378049440        345.16821646479792        35.997795937538605        362.73531588478545        42.156161459134900        367.19736143005139        54.223513463795342        375.94076486505793        151.96163773583910        446.75695147842987     

 RouteID =          13
 Route number of clients =           26
 Route length =    1765.0047030235023     
 Route demand =          109
 Sequence =          247          23          73         255         237         195          59          57           4         208         257         112         201         249         134          56          81         265         175         167         190          14         137         121         159         120
 Visit points =    377.23748625925612        807.18157985912251        53.642810688815111        839.18094033500756        38.064855157001254        733.07586385927561        35.843005606251303        717.94233006413549        35.922142572750431        636.37377276306017        35.929528753086792        628.76064200185851        32.131571233757178        608.78762503234736        33.817886672591563        590.46385877170917        34.004653664069437        586.32037578459585        33.762152926974331        582.72651922133218        32.335786657107334        561.58779674986545        25.618110727088848        550.29410330453436        20.703537076916053        527.31475972418195        20.346021392341438        525.63576496165626        18.248547576616069        515.78135801305893        15.659134393461661        503.61570851910238        16.631139821367579        494.81374887990449        19.781108820112681        466.28931969908024        40.822829092715786        493.63070246436035        46.681950151534465        501.24398072592226        50.128059976386744        517.42418173848057        52.447401887541211        528.34403764757883        54.626569064164713        538.63832896261010        78.368410532679178        549.17576723412276        86.563897566800875        552.80525113060628        163.23510711684855        586.76014840848768     

 RouteID =          14
 Route number of clients =           18
 Route length =    1004.1820663673252     
 Route demand =          107
 Sequence =           53          97          87          21          35         260           7         177          19         193          76         110         161         129          58         197          91         171
 Visit points =    367.40320263909160        707.78903577001302        358.24655429881579        703.82347288135963        346.24168566610842        698.62694361650904        315.58274958991956        685.35565648929935        306.00000000000000        679.00000000000000        305.98385869097376        679.05412119514676        295.25260379818195        715.03561063185930        294.01570693055635        719.18287877723401        278.15486365899608        725.43741937397294        265.83874852201592        730.29413731761974        254.14764058923058        732.45835200600663        238.20214185385174        735.41012379488802        242.08549234406155        737.58579474516421        270.24421778665078        753.36189684163969        299.00690829787294        769.47637414635676        309.58153067130115        790.38533626178514        299.06964587126714        812.96603790523670        325.07093524394304        843.61185549465881     

 RouteID =          15
 Route number of clients =           18
 Route length =    956.43411026832621     
 Route demand =          109
 Sequence =          199         152          96         283         113          32         204         236         262         191          24          65         145          41         258         212         230         122
 Visit points =    445.20665548308045        631.37946544711815        444.84653696754253        631.07711142066285        398.90971136590127        592.50874133148875        379.58915158210675        583.83116225130743        380.07341901957551        580.61904057508070        380.46282867877346        579.56432110550509        395.95572664896713        537.60167137830842        396.47689750604638        527.47015653951826        411.35548427009513        521.91677147417522        432.26541305338668        496.71972614771050        451.66890199297478        499.38082763743290        494.95182471459702        505.31688637886100        508.30996164452722        500.12857781200069        522.24361448469563        494.71673851303927        527.62791023945420        492.62547474343893        528.29861444444100        500.44943900592006        537.07443405437459        582.65406146721784        567.14910409377842        635.88352293723585     

