 nroutes = 17
 
 RouteID =           1
 Route number of clients =           14
 Route length =    916.05454903600321     
 Route demand =         1199
 Sequence =          197          15         158          67         145         153           3         171          95         221          51         185         214         246
 Visit points =    418.43517585034965        188.24397747014447        411.87068003671715        163.15324594331480        370.85188286998022        119.26289231308535        369.34682946494684        117.65437907149185        364.15263406935418        119.09900825703812        317.64454639037484        139.78961360684906        317.38938078583311        139.90313215998461        280.83750186794032        161.22802463051931        280.85735375961332        161.71753809423817        280.87720565128620        162.20705155795702        280.93976087454564        163.74955564350762        304.45410844790217        178.16676659737462        304.81550320996394        178.54112684064091        359.82065126247994        269.13178953013863     

 RouteID =           2
 Route number of clients =           11
 Route length =    974.37671592784511     
 Route demand =          832
 Sequence =          140         250         154         248         188         228         206         169          55         159         168
 Visit points =    623.74149131073136        289.83038781540614        657.08324244922812        233.20085448663335        678.66946101734311        196.53758869811796        787.81897050674388        294.85194210222090        788.45364621769056        295.42361422823319        810.84928239096769        333.54864836906478        816.58780095195493        343.30200636896512        831.80345789939815        369.16106827400108        833.95096222674852        372.81075934774850        760.23379968398774        341.60423895182032        739.72100137180939        354.08970511275271     

 RouteID =           3
 Route number of clients =           16
 Route length =    1120.0529473175550     
 Route demand =         1197
 Sequence =          148          37          41         238          32          85         111          78         152         170         137         235         207           5         243         132
 Visit points =    422.64762760706537        722.30867745842659        388.58968217692899        838.64001868629293        383.00000000000000        851.00000000000000        375.48383802411081        879.98771952569871        373.94326724183423        901.55628641269334        354.01119025007614        954.28077001731947        334.21357189422554        978.32382297060826        257.38419833611573        938.54736935924279        256.43593913322132        888.07692221397099        261.46800626695079        852.34736159879105        266.00000000000000        847.00000000000000        260.04291033919748        826.62437641378301        267.31561282021033        815.71329233348138        284.14742302361316        790.46087800297914        293.15338248958199        782.33988388833234        384.18133836276849        700.25673697790364     

 RouteID =           4
 Route number of clients =           17
 Route length =    1172.1727820951969     
 Route demand =         1219
 Sequence =          102         163          97         113          81         208         195         187          68          70          65          93         119         155         144         129         237
 Visit points =    805.96183486581504        429.45652064756001        873.00000000000000        414.00000000000000        887.64278467296401        402.85739953092428        935.51030870718682        373.46145930167586        957.73680542821603        391.77028913626168        973.08048960921599        404.40947857899874        982.16899947103479        411.89603764399538        986.32345475726640        429.58979464989505        999.25015378692240        484.64439405240711        976.18645139957789        541.42890037202642        952.27516288277468        524.73674295193302        950.41836877744561        523.44625902067548        930.40052974463310        509.53553412774102        921.32426565077083        516.14529582404407        892.73873690215214        560.68985446083673        884.29200840747831        558.09226976255218        851.46055358729677        545.50946756029350     

 RouteID =           5
 Route number of clients =           15
 Route length =    642.38839406963666     
 Route demand =         1151
 Sequence =           83          40          22         194          23          49         165         116         244          52          90         150         184         240          61
 Visit points =    718.78110679482336        553.39093902269519        724.58133172558564        553.87594636876008        781.07902347913364        558.60021005612168        788.57867661870682        559.22732096183540        799.54880509651218        560.14462834625431        778.86746201261610        590.26796875731156        774.56683592487138        587.70828221915838        774.46023588577850        587.64483501880522        765.57900909914008        589.08137746830096        738.02351541191422        593.53849071273669        738.02351452811024        593.53849068115585        713.74777310754916        592.67104959153721        707.01818654069609        588.96142994894171        692.15962485049488        580.77024566725527        668.75665878893358        567.86872721983218     

 RouteID =           6
 Route number of clients =           17
 Route length =    1107.6101922708951     
 Route demand =         1208
 Sequence =           69         136           1         222          76         209         126          79         180         162          96         178         110         157          75         103         138
 Visit points =    852.55684380144669        607.99473441266264        866.01338990306874        617.20169842225641        867.48197452197041        618.20953134890885        868.95055914087220        619.21736427556152        879.11652083316505        611.29466347145808        893.09978425284828        607.28799252678118        899.73949738439512        605.38548749965469        900.65546261632005        605.12303211583242        939.15669496603846        600.50019920186480        942.27336673548405        600.12598123639930        942.29548336681296        600.31665095957533        947.91130248651791        648.73119750737135        954.60901952058668        662.56785786251714        965.75278726422766        685.58951263847575        978.33631696938255        711.58553870429205        876.26955967580466        666.74581728756471        872.63042350228136        665.14708076898432     

 RouteID =           7
 Route number of clients =           14
 Route length =    972.95745517890202     
 Route demand =         1073
 Sequence =          218         147          20         114          26          53          59          36          63         123         202          14         230         229
 Visit points =    613.88568528903738        643.53999852596849        579.72385355858557        704.48680559469551        574.77551994488010        728.93686779946597        514.37540966056440        794.29075305384367        348.78582856790422        769.77217079449974        337.29835273882242        768.07123877203173        330.37003697610669        768.03489314631724        323.44318208246585        767.99343074329170        314.17391165453711        767.93394305660206        280.89708751697714        767.72038134171646        266.95384322172310        754.35011849652187        266.46956054425857        738.60722006532728        268.26083775945949        733.57013470879826        280.89853483235350        728.23311887656871     

 RouteID =          8
 Route number of clients =           16
 Route length =    1152.0302816835390     
 Route demand =         1174
 Sequence =          241         118          62          45         182          46          42          28          57         226          17         104          16         107         201         217
 Visit points =    497.08664915158153        190.76674191786950        501.59475045573078        168.87866499310118        433.79908602565712        95.855002226042302        435.40885457857314        92.586389817716167        453.01530274391433        52.361884695919144        358.42566017480033        38.568837565244209        356.28825077076027        39.348817897304443        289.08007422161563        63.873538374813386        289.07995117548552        63.913029854892947        289.05084014506753        73.411559135984405        289.00000000000000        90.000000000000000        297.47827990407660        100.54153500738340        294.94505007052726        103.65569422949099        287.96128267285764        112.24100431800937        373.63749529869796        197.16795424454662        376.57918953261844        200.08392253080109     

 RouteID =          9
 Route number of clients =           16
 Route length =    1196.7575479363929     
 Route demand =         1223
 Sequence =           84          24          19          10         251         161          18         108         125          38          80         121         236         204         112         146
 Visit points =    793.46121502415815        513.81673230185731        830.55116385471399        515.56300018273964        834.85280610221241        529.55433765431144        820.79317367758097        595.31783620310057        820.07800810378137        598.67557682891459        809.23852962427873        649.57836999161873        805.43017208433480        667.47205121116372        804.13381756418505        673.57122723006466        799.38941463126775        695.89648012732960        795.93377647789043        712.15732407047858        797.14576590505112        716.08506372212162        813.83951171011051        787.90144236412254        771.26369724143922        829.04847184400728        715.74453103056908        838.24425442749771        587.29763392176517        830.58393449289804        534.34391930708716        669.07639735396367     

 RouteID =          10
 Route number of clients =           11
 Route length =    628.29116593019080     
 Route demand =          895
 Sequence =          173          56         219           8          72         142         133         115         175         234         130
 Visit points =    710.23104530607850        477.03648643630379        725.99077396519135        470.39450838153971        745.18527022096282        472.05180826288836        785.89209716984783        452.31850216835954        800.63251937970483        445.17283926039215        783.27545857411974        438.66552688314329        755.35279694620272        428.19707927831570        752.43781608269910        427.10422771404529        708.28359993912397        442.13163321254092        708.28359993815138        442.13163321605754        699.69714885343296        435.49284204340199     

 RouteID =          11
 Route number of clients =           15
 Route length =    1453.5363075598264     
 Route demand =         1151
 Sequence =          249         215          30         127         109         177          29          71          25          87         200         203          44         212         192
 Visit points =    351.28488087013187        305.26244972601501        246.95349802718408        165.59204137467933        219.21333239035266        73.092389262414002        204.16840116203048        32.927873716008705        182.98690724583761        51.856710210827991        140.34433673237356        86.241693244062219        73.853719613672368        139.85663047618664        68.773556321696148        143.95303757588309        14.348729498043701        183.99195677509275        21.533743208298642        220.78721167656275        28.968422689048854        277.76233626503080        32.369027323090961        303.82262214585802        35.508852335267505        323.77772381922762        47.550545351748056        355.62401308028325        176.94500576998163        378.52562885673194     

 RouteID =          12
 Route number of clients =           16
 Route length =    744.79413099369879     
 Route demand =         1210
 Sequence =          141          11         149         210         174          21         190          89           7          99          34         232          35         205         227          13
 Visit points =    642.15380518304130        660.10728575547273        667.81988223688370        704.28634877030947        681.55994455516839        727.93067403924465        690.81105818839933        722.22417869122773        707.98082616731335        711.63310771505337        744.93032261152518        697.60564359208854        780.16114615861557        684.23065446130340        761.23795136778085        667.14436583680720        736.66639210241715        652.27295894543317        731.93473525933575        649.40922557695262        714.63370545146574        652.05653546122676        707.26339088774751        653.18434374134631        702.22002649766682        653.95608123906345        694.94738897497484        647.44893217632307        683.95812515291459        639.14144340206451        672.56618378370797        630.52485653510496     

 RouteID =          13
 Route number of clients =           15
 Route length =    1059.8257082984351     
 Route demand =         1220
 Sequence =           33          82         106         167         122         193         166         225         198         151         233          43         189          27         101
 Visit points =    308.52372009763786        361.34718642706861        278.43942788645023        339.56239009846632        276.11275051191001        334.05416577510607        257.24348483329328        289.38267444062518        242.88198234733278        292.34046507347864        231.82924085751696        294.61680734880025        203.17920736754783        302.18883201095196        199.64832498274990        303.11937347574059        193.99974162710882        304.60589145416606        142.78437161261488        318.07693459036227        123.91646235742213        323.03540843530044        95.191539273604846        330.58429887581224        84.000000000000000        346.00000000000000        54.297301524829138        406.04094668482162        148.99616636226611        491.28670261780843     

 RouteID =          14
 Route number of clients =           16
 Route length =    1352.2590745224256     
 Route demand =         1156
 Sequence =          247          54         135         117          74         199         252         143         172          92          91         216         176          39         105          12
 Visit points =    251.27170554063071        607.31871770921668        181.76838228151368        621.86802886706573        85.985913622145517        619.40911058418919        71.791508058002321        623.86094599453895        62.000000000000000        661.00000000000000        56.024126341814572        882.74704019320814        89.044370856917183        891.88402885637277        118.86904562163755        847.13766282016422        166.98419107296218        774.94985432821227        173.98887336346343        757.60754152311586        155.58461871949203        738.13825067166795        208.52201608616366        706.18997037548945        225.53833959905228        695.91148655869119        236.54697513056070        689.25375884180266        246.68926476881953        683.11377844790422        280.25469214886067        662.79380402626521     

 RouteID =          15
 Route number of clients =           15
 Route length =    1029.2084180487268     
 Route demand =         1202
 Sequence =          139         186         131         160         183         156          66         255         100         191           2           9         254         220         134
 Visit points =    91.162860437777994        532.40468233179047        72.746937681124422        545.29690236526767        67.068213694184635        549.27234036619882        55.971493582427961        534.01847186389546        51.107095588021146        527.33173140344763        32.004831437868482        526.91432062580941        30.356792120574376        536.53262973346943        30.356792120574365        536.53262973346943        43.845350421787252        568.52012337945632        38.125014974039381        587.36791199640140        38.059435122158767        588.23446474406933        77.121151600433848        592.99878419138759        103.53913029925849        567.71301023865283        104.70158348577804        566.60037672342185        109.88511427206507        565.72704890650732     

 RouteID =          16
 Route number of clients =           16
 Route length =    1324.4160098128257     
 Route demand =         1218
 Sequence =          239          73         253         120         223          94           6         224         196         231          31         211          58         242         245          98
 Visit points =    869.75717020436036        367.72062517976758        909.03526103615729        339.36818744043137        916.77777766272891        333.78550392795620        927.95405632146139        325.73115081472895        952.35961947013755        308.14291509433406        943.26267591289457        301.08305687793990        911.35130074631479        294.76740030882854        908.90735559717928        293.58984403614932        904.66208076665532        295.59767677384690        887.16798976799976        298.37571222862312        879.41004618753402        268.58436670397629        874.07099993169027        248.08184949304740        894.48605935212458        198.64654869552851        901.93144312880293        183.45382611275951        931.09082846250510        123.95246723765769        843.30466631619038        200.52976256897750     

 RouteID =          17
 Route number of clients =           15
 Route length =    1081.8623741107399     
 Route demand =         1186
 Sequence =           48         128          47         164          86         181           4         124          88          60         213         179          64          50          77
 Visit points =    150.87198081249360        261.40274578655431        135.19656799051771        260.75188251653969        126.70864938981249        255.96462695308435        95.827167203073557        263.12743562093237        103.26821508648952        229.48573158477416        174.24127917224152        233.37097550600930        177.49943452491078        232.04310106344826        180.54366950450478        211.43049460595446        202.35958785368248        188.61113681861877        203.36276986618120        187.78099523362050        206.28478247001851        195.21238022693927        216.53239085822449        221.27450261296400        223.53382167737112        239.08081799635565        236.94957756833989        241.59899707709519        245.93951837098365        243.28643690905758     

