 nroutes = 16
 
 RouteID =            1
 Route number of clients =           13
 Route length =    1178.3314059892550     
 Route demand =           96
 Sequence =          194          21          19          55          76         164          59         133          52         168         160          48         198
 Visit points =    289.14587347924322        324.97010228337103        312.29272216893150        350.98476988251178        315.42439511952068        354.50444687746665        344.87062136645989        429.18690513868438        326.90090146458431        446.04900150862835        326.64569642352393        446.28847613705625        304.82682096241456        460.24765234579712        280.12441603168367        455.32946788854088        270.19750035927336        416.02403309044541        257.00000000000000        360.00000000000000        250.73909491527343        355.25349825271701        240.88029671874415        347.77937055693724        164.66176395485215        289.99676508045513     

 RouteID =            2
 Route number of clients =           14
 Route length =    2558.8773316047254     
 Route demand =          101
 Sequence =          102          64           7         166          37         172          96         155          74         108          99          17         165         200
 Visit points =    490.20047523595571        471.11803738361533        660.63770972010400        634.92052119110838        874.49227674167901        689.90731833504844        924.03555502541849        693.37037880214314        941.47066076834619        694.58908752569903        971.10154503427577        673.55286074058495        955.40974813493210        629.94333895920261        989.22733780122064        524.93802574890265        910.70879023330565        554.17130619147429        880.62117605718322        546.69134048401725        780.06657947572080        521.69285008349198        708.91668391898884        496.11861492300318        693.81961689121135        490.69210038800736        597.13390665133477        397.73941471692717     

 RouteID =           3
 Route number of clients =           13
 Route length =    1527.5549035982820     
 Route demand =           97
 Sequence =          118          10          86         151         127          43          60           4          93           3         167         121         208
 Visit points =    39.970855623953852        301.59571872271511        40.818273704995640        308.04098209023994        62.185147565768261        470.55366908266831        62.714883341416076        474.58274628214554        39.133498880354864        622.27401124432981        77.536875800173718        693.03833830925646        89.163330720761138        702.60131233970458        138.39195664284330        707.03752163769593        142.26024444713607        622.48633494520357        153.99812399294049        566.63262146321722        178.45798733782263        555.64684126130589        176.05115344530284        503.42497026300850        135.11581584229731        402.50838747282501     

 RouteID =           4
 Route number of clients =           14
 Route length =    1321.5569851506064     
 Route demand =          100
 Sequence =           88         161         199          47          72          54          29         103         203         173          38         175          34         190
 Visit points =    354.20871318364613        168.70837226798665        456.14660805198935        217.26102810331705        475.50391479448467        226.48084428042318        497.67474500384048        239.03855814054288        522.96883099168008        246.73925828619488        548.52926657891214        265.16274217940645        564.28366748204462        276.51821968273362        549.04931516629040        294.51908599474939        517.10804634800843        332.26079617165414        500.51910802976892        334.74164951834797        377.62695542343351        249.16692353912129        281.94942778531185        182.54283049202743        243.43132319426954        157.59143957899650        205.01267750201961        132.72015513675015     

 RouteID =           5
 Route number of clients =           13
 Route length =    1654.2773593449924     
 Route demand =           98
 Sequence =           75          97         111          77         187          58         149          20          63         136          53          78          16
 Visit points =    702.52779627427162        6.5297067804432452        749.36447430376131        6.9650344297184867        768.20515307951769        76.437436129226597        751.61785773065503        93.404316033582447        699.69080378948843        117.24663053902698        699.42180208781360        117.36857219685635        705.53021078010659        138.15461540848088        677.16012760553849        158.11431736233143        641.44822080433119        149.83393873734840        633.89075667492421        147.78687181897192        631.12204525219568        147.03451359245844        628.35333382946737        146.28215536594496        207.25568308037236        48.249617532969474     

 RouteID =           6
 Route number of clients =           14
 Route length =    1672.5091997640866     
 Route demand =          100
 Sequence =           69         186         180          22          90           8          51         120         126         174         137         146          79          87
 Visit points =    160.25301354309400        329.14257874115873        168.60655638996911        346.29986379593157        208.02335232368608        419.29686445026471        218.25815175321762        438.27723081811507        321.12279898913886        629.06758552525821        329.50121770332106        644.63089786922694        367.64137092722274        715.47907135726848        367.81357927445572        715.36562663229631        354.29161868797894        582.97862675855606        351.82452588781808        558.82451004340726        363.82529334863062        507.89623420053186        367.52907222022969        492.17831677152100        367.52907222022969        492.17831677152100        379.26848559704860        408.57903722881105     

 RouteID =           7
 Route number of clients =           14
 Route length =    2164.2439638694054     
 Route demand =          101
 Sequence =           56          91          27          31          67         170         192         129          73         123          89         114         145         163
 Visit points =    432.88257361119423        324.31621686834586        567.88448422051795        435.46305725130827        718.29967154408757        559.29962179450342        727.02429509464537        609.15968853731090        748.41758957830962        617.55250172619174        772.21575766410024        633.37356658874512        773.14110860882465        633.98874155785757        741.35044655639001        668.84957289634076        708.75838636756271        704.58897207496818        702.00000000000000        712.00000000000000        630.72153243063030        729.54001601527330        581.24629672876767        672.30227269185514        494.35295857525847        608.64644288925433        414.92697305178115        460.13896537642910     

 RouteID =           8
 Route number of clients =            6
 Route length =    531.72013750249323     
 Route demand =           54
 Sequence =          159         144         143         204          80         201
 Visit points =    2.2944146829375502        21.566387870752074        6.7359618966850849        63.316547616996985        20.707730266585809        194.64996214772097        36.212801959442103        232.61912378419339        45.861729049154306        256.24762931742578        63.192968024109632        167.76249883284615     

 RouteID =          9
 Route number of clients =           14
 Route length =    1210.3110402550876     
 Route demand =           97
 Sequence =           65          18          68         119          40         178         105         110         169         128         177         132          45         131
 Visit points =    217.54990361091217        6.2877529799066565        304.28721799383169        8.7946849432309016        343.45980422677894        29.032044163303279        538.88980379271982        15.674718372361431        562.90688432067373        22.813913263196767        562.04278225108544        25.294088522831583        532.78183143892943        109.27316396679218        466.12430501171718        112.46355531088933        454.75700267465322        109.53693802368610        400.01387960732950        95.442903728530510        395.91569780376000        94.387881564621765        304.79971752027996        70.931289521385466        275.16015386279048        77.005331848757763        225.32404505823058        63.058377528985190     

 RouteID =          10
 Route number of clients =           13
 Route length =    2101.2634852715505     
 Route demand =           99
 Sequence =            9         116         191          23          46         141         107         193          92          12         125           6         196
 Visit points =    109.40817813966183        753.20536209731790        117.87606031133343        811.50131735186585        146.50066841994371        839.77729808336267        179.88990612945665        872.75987861446742        163.20927728272781        939.20468334978011        143.18021356941691        974.91815283531412        126.62408028638393        957.34175956588217        93.287463178202955        921.95079704165937        81.129526026144859        925.70519683057876        28.794943371646610        941.86623990999385        38.868562316890198        886.41043068638101        40.569834215240157        877.04483820713256        45.093556178764125        750.65376374069206     

 RouteID =          11
 Route number of clients =           14
 Route length =    2993.7413934183696     
 Route demand =          101
 Sequence =          135         134         153          11          28         115         202         185          36         179         154         150         184          41
 Visit points =    626.00000000000000        677.00000000000000        799.89479148792304        823.03775395137609        882.36259552447370        829.40990297620033        972.83315420314659        836.40041144183249        952.12744821710419        882.29110578539451        941.71708010589816        905.36392548627111        959.96191579257129        977.09904136906664        931.10337552772569        979.79011931898401        886.40083582922944        932.16698044465920        849.48733961202242        960.78321463662132        804.72607727412776        975.61129276197994        739.21144244937409        981.40809101746049        697.96620491394913        961.08283463856651        661.35952343872918        978.47588564241221     

 RouteID =          12
 Route number of clients =           14
 Route length =    2166.8187732069778     
 Route demand =          101
 Sequence =          124          30         158         171          32          94         109         189         157          24          85         197         162         138
 Visit points =    240.38935275383946        735.19452573185902        250.51064042717408        766.14895530849969        271.17338588164006        874.83744558704109        273.27541429320655        885.89436418864818        256.10312768123333        933.54148489218665        238.50093860732440        958.69332154753056        292.75269886471108        971.67442804603184        352.48152055157703        939.31797736659166        367.73011343952430        931.05682893589369        371.34517052078093        929.09831883904985        307.91386120698826        867.97055731968328        307.04858930618627        828.22251567220121        274.41385357904937        721.64330833050428        191.45025246545433        450.69903230417560     

 RouteID =          13
 Route number of clients =           14
 Route length =    2164.1150418997918     
 Route demand =          101
 Sequence =          112          39          25          81          35          15         106         147         181         142         122         188         207          71
 Visit points =    886.76417122821704        77.382560883332815        932.00000000000000        60.000000000000000        954.90344816560162        20.810130983511137        958.56656392533034        14.542233806803965        973.00000000000000        29.000000000000000        973.66639691700789        74.807270362540649        983.32785511378529        170.19406367941625        971.00927540835437        181.61776473109185        945.28003221571350        177.08901286021242        941.57117662557960        176.43119994725132        935.87691446233680        175.42124981850236        901.92649459503218        179.13284116800122        870.39352531623570        189.77988373906172        741.13458819003165        161.59637208996818     

 RouteID =          14
 Route number of clients =           12
 Route length =    1817.9260297330618     
 Route demand =          100
 Sequence =           50          42         205         100          70         156          26          44         152          98          84         183
 Visit points =    306.37884322865972        155.62199179471082        661.26267222445972        335.88159373740069        688.16860288068915        341.75520365867487        740.47954518954703        353.17477035801051        756.00000000000000        357.00000000000000        762.03481738561334        382.84076382924053        792.63728068997739        369.73253712575570        786.73529488051440        320.83319073021295        740.66716469971902        248.33479934150282        666.96058116347535        239.31415178712939        654.24961653068976        227.73649562013060        232.74714476260374        81.016507728194043     

 RouteID =          15
 Route number of clients =           14
 Route length =    2477.3689918890432     
 Route demand =          101
 Sequence =          104          13          62         117         139         140         195          66           1          61         182          83           2         113
 Visit points =    460.77037778706813        528.39476926758368        547.58218607569597        689.82298524038413        589.78097740758687        768.29244389129894        585.77247852082553        783.76696878915584        574.46308454562518        827.42607999083327        667.08528415875958        861.68952280411452        561.23795889073278        920.64479488103211        549.31632400599949        922.62626942431984        484.68423919308600        933.36865769359997        406.14869932111270        825.76661236761947        406.14869932397943        825.76661234163532        471.43989656927511        805.29811773271172        477.42741706057836        756.89722388972405        432.25279661486513        685.27891378899972     

 RouteID =          16
 Route number of clients =           12
 Route length =    2297.1540377455494     
 Route demand =          100
 Sequence =           49          14          82          57          95           5          33         148         206         101         130         176
 Visit points =    789.49273804738164        340.30777826091901        850.01440978073117        332.59777335966061        987.74388028938881        315.05207671486136        985.52497221462681        330.48406281264579        975.19639292588170        402.31691330640672        969.44021103598732        402.96135782542632        895.25898472833751        411.26646103838152        882.00000000000000        465.00000000000000        868.08103045114547        477.00181046647793        864.03645136990531        476.77529299057187        825.22104194591577        446.37723180952759        670.90216702376881        398.53430055541349     

