 nroutes = 17
 
 RouteID =           1
 Route number of clients =           12
 Route length =    2570.7827763278974     
 Route demand =          191
 Sequence =           71          49         225         237           7         171         251         139           2         106         114         121
 Visit points =    774.19468658197866        573.53174113701391        794.80655881793871        594.84167478785400        801.92473220260649        602.20091905280765        957.62189807056575        769.83799486625071        982.08259369564200        796.16705320077244        971.53574620525603        822.52841961362196        934.62899304415112        793.44266677391636        906.19123346746130        762.64400329646867        866.55807030304049        735.85738633593496        836.26597881822227        719.07752436418855        644.32764931998020        554.13339443759673        588.21876693601519        505.87874404917932     

 RouteID =           2
 Route number of clients =           29
 Route length =    2463.7569360870812     
 Route demand =          191
 Sequence =          154         161         229         123         212          81          46         211          91         110         172         259          85         192         107         207         204         124         255         152         109         162         131         275         101         157         268         126         210
 Visit points =    21.910119897562137        506.00365910790379        38.309330482208203        615.84936596962314        22.012663090799482        728.16394199003685        20.430267855606626        739.06961034963672        50.509016097103171        748.52718637300336        74.804621711807968        808.17799189889627        29.944958352830348        917.04136649878933        24.746868956201894        929.65585155768463        51.042444202771705        950.06725940604906        51.042444202775371        950.06725940605008        173.45786908631644        983.41189903436293        186.17365665623370        953.83452783540758        199.00000000000000        924.00000000000000        174.67743989015406        870.94085781431102        166.63721417679821        853.40127820577766        165.64720747673488        850.46308210708082        148.87148667013395        800.67517923366597        162.03897176733463        791.90232115010122        232.74969795281086        744.79118631822155        333.68659832357946        771.21007011993936        315.14931689066191        715.33450072121411        318.20033108885849        702.64246699300281        339.99156171603619        695.78531266579762        381.25548060162254        682.80059120675116        378.05480555637615        653.82999410083778        372.37924380750371        602.45820207198972        362.87003166090705        592.08354123132597        256.20406009954257        475.70972801430810        206.91385806352778        381.70875960309257     

 RouteID =           3
 Route number of clients =           22
 Route length =    2353.7593237974124     
 Route demand =          192
 Sequence =           89          98          35         137         125          99         186          34         141         261         120          37         274         167           6         247          39         117          41          70          56          94
 Visit points =    167.30658268173269        436.49030587074509        249.76421662231047        614.49245913562424        351.13924990681522        833.33179940755770        343.27210638088235        839.62952213677272        307.48281858967539        868.27918518691706        318.32302455647709        897.48094005496307        339.12715462638897        904.81763319963261        369.59091021423421        915.56084745714577        387.68179022856765        919.25981874948752        392.50140169881684        918.09608405248741        440.12823140393277        906.59619561166880        443.58179938260940        914.19008232747649        471.45142201660713        912.15738454844654        558.03762825180900        904.35789333572177        576.14532583723189        888.14277017931249        522.77321716204631        821.57667782501312        516.11479520588762        813.27224425719305        495.89659808962409        795.53443729714286        489.30515800931505        789.75164217149779        488.00037552674928        745.12861395642619        440.55237203030731        743.01264181334000        266.75955211903613        449.90274058783876     

 RouteID =           4
 Route number of clients =            6
 Route length =    1005.3616533835523     
 Route demand =          180
 Sequence =          128         151          10         254          20          69
 Visit points =    196.74493942463678        84.454947685946252        363.82157662468740        130.31315484548210        451.02335875722929        154.24778422712737        431.79334391735028        83.004499307623561        351.42787586259681        20.600086022193246        166.87863875931359        9.7821332621105590     

 RouteID =          5
 Route number of clients =            9
 Route length =    1485.6608027764428     
 Route demand =          190
 Sequence =          163          61         264          68         112          16         185          26          11
 Visit points =    113.35446711735254        362.18826728071321        114.43047952827145        365.62632385310917        121.28371201790617        429.18129120258669        131.31229739129603        522.18426278015079        143.84184144807674        638.38059420737432        118.95623496519218        717.06159187043738        113.41762764831164        710.81776877635946        78.034940633575317        670.92990064030118        48.374895194751673        637.49332243807032     

 RouteID =          6
 Route number of clients =           24
 Route length =    1391.7466686150362     
 Route demand =          190
 Sequence =          194         156          54          97          51         189         276         216          21         267          74         165          32         122         130         105         220         236         178         231         173         209         103         240
 Visit points =    69.647136109713657        141.81175685356027        87.228111265259713        177.60919395247146        89.857835095154940        182.96369633674254        108.90965874450761        247.25305972053792        145.82805512844129        299.39120638869736        154.28891851279852        338.86334646648862        169.33518000839953        368.14659674948030        189.26760098587005        406.93936081249171        198.64102117724107        436.62903596638171        256.14927544477473        543.11485612507852        256.59105531801600        543.93288290629255        223.72141915374075        563.81815260396161        182.55805345772046        576.45811274822950        151.52897506146903        607.36820912296844        126.12658063719067        605.25369418591868        125.94348531555744        605.01185288260172        116.83400169272923        592.98768189277450        106.09768506172254        578.82129165989329        87.374298157923718        554.11609578345951        73.347596856348133        536.86050845058867        46.761717827085697        504.15467494438525        42.836272214834018        499.32560871375028        36.852944710521285        344.73121030613771        36.268566102532972        329.63231102657903     

 RouteID =          7
 Route number of clients =            7
 Route length =    1262.4515767210562     
 Route demand =          191
 Sequence =          218         232         206          17         226           4          83
 Visit points =    405.73745414028929        96.774087295673823        513.34085634436610        116.26028263022798        546.98354877086945        127.04756655304853        572.35300767957847        135.18209849678146        590.16527032587555        156.26826500453839        578.52499284018927        187.19551475772880        344.61908893416626        152.65929695579180     

 RouteID =          8
 Route number of clients =           25
 Route length =    2793.5219096090123     
 Route demand =          192
 Sequence =          138          57          28         146         188         253          13         208          62         184         238         222         104         177          48         179         145         279          59          33          58          50          45         170         155
 Visit points =    538.79710331502645        579.25106880898556        621.51435768260603        668.17890028129148        641.36317199781104        686.84929741443591        655.14857467379477        699.81626554228853        661.29079781231064        722.77541517751615        674.63880237199294        772.66921211493889        758.25609618978979        795.44581392798455        780.07531718644509        814.42338508249213        795.67523914048900        822.83878097364357        843.36650139001586        848.56588740153586        834.90223888568062        792.25661936525228        852.09130015737833        761.03643431012517        887.78933217416238        654.93874738948591        919.39025173984373        665.49805725891406        935.48426361616339        651.43991503886321        955.67080259454815        645.45821462450249        923.09872149012244        606.12437059964759        985.10123714755889        506.31537380545808        973.36472961154584        466.33829971445527        948.14639321146524        457.31949581572837        935.84692264388514        452.92085066533639        909.49954612972090        443.90964935989848        742.81294381327041        386.90031002072271        589.29491500082213        306.93383422523391        131.96399131025902        68.733350316567297     

 RouteID =          9
 Route number of clients =           11
 Route length =    2752.0015092661206     
 Route demand =          192
 Sequence =           95         246          47          82         190          24          88         142           1         140         191
 Visit points =    688.66212209997786        764.80203487082179        778.52297415337273        869.33272083525389        790.48823497618537        883.22615364064279        818.24804577669443        915.45938881691666        818.38951455526217        922.02285940363311        819.49206726078035        973.17599952565922        869.80266585674394        960.53466897964131        893.38713990843098        944.90097864754318        923.76051922246791        924.76705471545074        941.44832403000748        913.04215203542151        952.73710816175401        894.47731555439304     

 RouteID =          10
 Route number of clients =           10
 Route length =    1395.7225488158772     
 Route demand =          189
 Sequence =          213          90          12          84         252           8         149          29         133         258
 Visit points =    497.01840189513234        25.277177678418575        548.76677717926464        27.908977369614888        599.24704184867767        32.207362951347072        653.79839256452078        67.306947279849950        678.68167465768965        83.317419004896607        624.71236423414462        118.45382475163680        623.71137740511040        118.15411704743018        555.74753231424904        97.804910254279278        320.93844089650594        67.769496832736564        208.06945844287426        43.936034790798708     

 RouteID =          11
 Route number of clients =            6
 Route length =    595.03938463499537     
 Route demand =          189
 Sequence =           19         144          15         158          31         147
 Visit points =    46.597615037067861        156.59878439346795        59.915737866743541        223.27000869189641        46.587142602381299        290.94634847566158        34.530043890541556        220.75436296068696        22.289052554426483        149.48658683268613        13.437141414122362        97.950236211236685     

 RouteID =          12
 Route number of clients =           20
 Route length =    1798.3302024748159     
 Route demand =          192
 Sequence =          180         197         175          96         266         273         111         132          43         239           9          77         166         260          66         182         160         193         198         242
 Visit points =    240.38700052274297        248.98801922957730        369.81688073999442        383.04888539262072        388.63792574222316        407.76249351054452        438.05750328572856        471.86070080372747        438.94481803892756        473.01157979191993        448.27196048426748        485.10922223515547        453.59115489512232        492.00841053914979        459.05595992763642        512.56939730022668        471.09752579254911        536.35024140141809        510.22207611956907        606.27317624707155        534.59926169890139        690.42450437294463        485.17329538733924        634.13731368050708        473.85272713544515        627.49170848895290        391.54938094384062        596.29214462578159        383.09877235197473        491.63637706604038        377.15301694838166        484.68410536588937        350.39533019266128        453.39679269220971        333.14722404775466        433.22887253860597        323.40134130094430        428.45422729782882        269.58612448464305        402.08939452396453     

 RouteID =          13
 Route number of clients =           18
 Route length =    2193.6069480954793     
 Route demand =          188
 Sequence =          202          38          63         248          22          67          87         256         277         116          55         134         270         164          30         135         203         199
 Visit points =    253.81704812984012        221.26414173740196        492.15019343243262        454.29884684695071        640.91594259153737        613.49984625714376        656.46929555723921        630.11879721801029        677.00633821792667        652.04205633143806        724.89724352232156        703.15662767819538        760.57929457471255        741.24053385460877        774.51851563287153        683.50993221078545        775.28564520268185        680.33279258303048        776.40908845548881        649.20288294865907        776.74325117084720        639.94344318052470        751.09696199105019        568.57148180961360        741.64742291720563        542.27402672661322        630.64601342816832        416.11251001490427        586.69106412917517        384.18739864731612        553.12002107388253        359.80426761576234        514.61448814445919        331.83714567345163        315.27182320492244        203.29567925848718     

 RouteID =          14
 Route number of clients =           17
 Route length =    2526.6146818819984     
 Route demand =          192
 Sequence =          205          42         233          93          23         271         129         269          18         150         272          27          36         183         127          75          44
 Visit points =    479.85733526866892        698.72306317004302        556.66082342729953        777.00228216983828        559.56544326406151        779.96271245450748        642.96472559289009        875.15734745173620        682.30923378841987        915.41678761197068        691.96239758463003        928.23379690695003        725.12474715630742        972.26517891565652        720.32402702106367        972.32774893142107        686.91753055551783        972.76315131931699        625.62698475354159        973.56197947614430        613.93980568994402        978.09983931545958        583.89851092915876        986.85251476514122        509.29635056596146        903.99801321505470        449.65341615248349        878.86860832697641        446.69441189602600        877.61889836809576        432.66578615478426        871.69402912872897        323.77791595291814        652.31706580777291     

 RouteID =          15
 Route number of clients =           31
 Route length =    2712.7363969447329     
 Route demand =          192
 Sequence =          215         113          86         102          78         115         195         201         168         227         169         221         278          73         219          64          40          72         235         119         224          79         118         234         257         217         100         174         187          52          92
 Visit points =    422.52374238492439        40.212569482416981        697.69383959663890        66.401149066493659        721.21598956170646        61.935891756408196        828.14204769371645        41.636670474412874        856.58144743298317        36.237223061143055        870.83370274778179        33.531318442963006        829.47010662307946        128.93248969726960        816.00000000000000        160.00000000000000        772.77261097451310        214.41807378433992        781.00000000000000        239.00000000000000        812.56064800341051        262.52720058451609        827.14032179725291        301.98892307816209        881.32615620731190        287.71623587024209        907.78919383348489        336.30957085844102        852.23100944884663        364.54450513595373        861.96616804725807        372.78265156883583        891.33485233742397        397.63520217473439        908.00000000000000        477.00000000000000        886.80028123833574        483.98057749240400        882.89353500482309        504.71903050632949        881.84948074477325        510.26125642064659        861.04017683626557        524.24900006735379        828.89128227906076        555.06971951574360        811.47971127523920        525.86536647134301        756.37233739041085        433.43400562922898        693.82382925991215        294.42256509886721        691.37660418503151        291.06209010377921        652.17510784460535        237.23146799458740        646.72175877240375        210.25001859734454        603.47290363312618        242.07153253683023        595.89043411044520        238.07946173837999     

 RouteID =          16
 Route number of clients =           23
 Route length =    1371.6417387023846     
 Route demand =          190
 Sequence =          263         136         159         153         249          60         262         148         108         223         265         214          14         241         250          53         196         176          80         230         243         228         200
 Visit points =    64.379040915361728        94.111848631050123        98.093621684355981        143.39716690974777        106.94426098777075        153.50665120818462        151.91164645209696        204.86984223981659        175.97048677776175        236.83072314198949        186.21060876064817        266.86781868368979        212.87925731427165        276.69667408095768        231.77227760178394        312.70229794940474        243.33489754973627        334.73791419520683        246.81938962110607        335.36492974871112        347.21362466726356        353.43033083638272        356.72907305232269        355.81482293236428        373.03306834634486        355.40667053447976        450.05643584422967        353.47847615203136        459.97023470933101        344.99614423490266        510.70690580045897        231.32015393266985        525.48660743025903        222.89630065374917        530.51879528722282        220.02814991290074        508.12066989446612        208.13905766443006        471.96055822223013        202.62186016354644        398.98001156932844        191.48496631873144        372.10039255222745        187.38311346462399        170.09087593640558        107.77714664707699     

 RouteID =          17
 Route number of clients =            9
 Route length =    2016.3372686663129     
 Route demand =          192
 Sequence =          245         181          65           5           3         244         143          76          25
 Visit points =    722.56696843255429        131.63033956535330        886.96592343401596        127.49884431822855        923.76551115248833        141.29565394313695        951.34519744312888        137.82071102195789        953.34814593051215        91.964327225739979        940.51523022225456        30.178885552977089        880.50713080539595        24.743837341694089        781.68937352204864        15.793724270541418        722.19664275929733        14.591697202506895     

