 nroutes = 12
 
 RouteID =            1
 Route number of clients =           18
 Route length =    1123.1061398810443     
 Route demand =          940
 Sequence =          169         116          31          70         105          32         174         211         121          12         127         109         183         205          20         161         190         153
 Visit points =    572.98138844082666        491.13433474548742        646.10871962111196        482.25094059458075        651.45102973352414        481.60196509336998        664.29845403029924        459.22056677394505        671.24563191157290        454.91304786480356        701.11557281612068        436.39252953921101        714.53155373391951        427.08569514470281        715.23308361259831        426.81870800651967        740.15114243321671        461.43416024547059        740.15114243321671        461.43416024547059        786.16414932278997        465.44344515308472        830.94749844782370        517.39078670853110        999.00000000000000        631.00000000000000        718.00961640307162        563.89294457494918        696.51663276619036        567.10977668776718        655.07147293440937        573.31282989434806        632.87892509230255        562.82090346761777        606.15662345484589        550.18745440537464     

 RouteID =           2
 Route number of clients =           18
 Route length =    784.69865329498577     
 Route demand =          943
 Sequence =           96          47          49         191         206          10         149          46         166         201          97         180         175          27          78          82          93         120
 Visit points =    488.58225638051459        463.05738319561971        485.75275101349183        453.90239285747009        457.40428532092022        362.17967250442751        451.56069091740744        350.92976366777833        449.00000000000000        346.00000000000000        458.28133792710639        315.63076025825251        482.97059871888843        266.98128540123480        500.90015865413301        231.65160572295889        531.90178789847357        212.12865269479607        543.35697542187859        145.90677707090549        574.50809649941823        149.21848391882699        576.85759920298813        183.00321060961969        577.27067691502441        188.94307081152456        556.65359819438640        245.55187004669355        545.55996541654451        276.01191917484221        539.78444148080575        296.97981076020119        535.06160975964144        321.02938802231051        531.88655487758979        337.23633114896739     

 RouteID =           3
 Route number of clients =           21
 Route length =    1425.1972653862579     
 Route demand =          942
 Sequence =           80          33          76         159         195          56          81         212          22          94          74          29          88          43         192         188         141         130         204         104         157
 Visit points =    510.16798573136697        426.74419468400561        525.02307960064093        319.71986428183533        537.03169629093190        262.14679012360466        585.13046183971619        31.546224939573008        620.38771058354678        26.324174337819439        666.36307447430249        19.514633456851797        670.00404279769566        25.164238765362999        675.70624137583752        34.012206804599373        688.97837453946852        19.957898582905003        705.66594609904314        27.955554591667614        746.57533463151776        29.901416984527721        752.17609644080551        30.167818223143382        777.44798158283879        33.439580476029356        832.94951318337860        8.0364660463667850        879.94544126265612        67.267346286765246        785.37011671001005        88.322204218207119        768.71022998498051        105.49189157158085        755.61539335396549        108.97386512619610        719.07893606513858        144.44767886987344        711.69086982318743        156.43807898852202        699.18861403845256        176.72851011560837     

 RouteID =          4
 Route number of clients =           21
 Route length =    835.82444608313426     
 Route demand =          934
 Sequence =          101         207          35         165         128          44         145         150          90          86         146         108         176         110          18         142          60          42          79         131         155
 Visit points =    592.56969404400979        450.44206686597408        723.60211074792562        380.29340990197232        751.19758247263610        365.52007877925723        764.89929828027550        360.22745611803822        779.45766462116171        346.17290473899760        804.82457852781522        321.68385243183519        825.53959801585722        301.68570848522387        830.04860201593806        291.84411926126216        824.60078422986908        277.28138672186310        824.09583168454390        275.93158224024791        797.11636324347160        282.11478860628119        769.61718777466183        269.08046476842799        763.62981420338826        266.24251182126784        760.70362273640319        265.03596227993313        757.77743126941812        263.82941273859848        751.18501165836767        267.47662472018555        744.27873658588248        287.37813438853163        742.98799432631188        291.29149134731585        731.83084229570647        300.87465025092450        700.35669604903649        327.90858722673477        675.82694560719608        348.97780773074419     

 RouteID =          5
 Route number of clients =           16
 Route length =    931.95121397433422     
 Route demand =          927
 Sequence =           84          24         208         118         185         102         148         213          26         209         152          71          65         193         106         172
 Visit points =    467.91604675775397        490.52779452315917        433.46240946798446        487.67954002243874        348.04103285334878        465.39013349886568        304.31315394987894        453.98000985159570        358.62434032890451        651.29011825562964        525.43552345347086        662.01585688258979        602.09771855267900        607.84929504969762        602.29477130007990        600.95525734554963        561.82461213831527        581.77860472342240        561.73904892724181        547.29908212562646        558.28789148806948        498.02447820596592        554.37370299356951        467.20858297107208        553.17232828034162        457.78438574908250        551.72920693343929        446.49816703164726        549.51464458420321        447.25462541376322        533.10309317441829        452.86054372612887     

 RouteID =          6
 Route number of clients =           18
 Route length =    752.34991472798140     
 Route demand =          942
 Sequence =           64         186         163          17          63          98         129          41           5          68          11         132          45          53         117         168         181          13
 Visit points =    608.96162058756568        358.60170534114235        633.03651122374481        327.24333954422860        662.20277312203848        289.26931518304542        672.12726060962314        276.35803879942614        689.76541643798987        253.41165440604823        718.11696509307467        239.53347733008636        696.59344309781341        217.55010248423102        692.33940270834444        213.20517396780627        692.16965382435330        213.29041899802087        683.67276719576921        217.55741233755555        682.48472264462998        218.15402829918645        675.43589078857565        219.73255039053709        640.62410150474182        227.52833550020409        610.96554242194190        239.34340978725362        603.48822768645584        242.32214617228095        590.91126143026054        260.91096002448597        558.15202774895704        324.07760320382749        550.34448611398250        347.69709663645767     

 RouteID =          7
 Route number of clients =           19
 Route length =    778.19813753426411     
 Route demand =          943
 Sequence =            6          23          52          25         170          61           8          89          69          85         100          28          75         154         112          67         202         140         143
 Visit points =    620.03445393172012        465.12656514365978        647.01063624890969        451.98089437391047        824.00000000000000        388.00000000000000        833.59478123649171        385.93128074267867        840.66257614813412        378.81448486789532        848.66597862981530        370.75559486359782        850.22222145461149        369.64342352884154        851.77870804530380        368.53061467035695        847.34745194661048        348.68530178084762        811.48125995911175        360.82576018859083        768.06683692606578        375.52124274309409        760.39696404505753        378.11744179390001        756.04195820172060        379.59158122512059        756.04195819994698        379.59158122623171        747.32514656940452        385.05244928399196        735.47093231327403        392.12633168946780        716.70468828333094        403.32489792017583        614.34752690460800        449.01170356842749        605.05255892735704        453.15638946916778     

 RouteID =          8
 Route number of clients =           22
 Route length =    1216.5017999624388     
 Route demand =          940
 Sequence =           39          38          73         125         173          50          59         115         136         182         147           2         156         177          91          48          62         144          40         167         135         124
 Visit points =    456.65751025802433        252.10502242409311        456.93795241716003        123.40643614232069        461.14287318549935        38.183656823889727        483.39281684486792        12.663216841562200        521.21518330562333        52.313761832950213        528.13834570962024        67.410388621703916        585.14947939112733        64.690914863913775        595.00000000000000        73.000000000000000        603.24553801383172        99.413206881344237        630.88557034818507        94.004903155064383        656.51038591422150        91.674068020769141        670.02718221351915        90.444579221666331        677.20291407611205        89.791874116472016        695.74801304120308        95.792608073763347        668.63388223121035        117.22036825778792        666.76885956762044        127.59623689865123        665.06881709932588        132.09913373254284        638.90912924643624        201.36050091749311        615.46985417308804        263.40845462924335        600.60425102906333        302.76036516791430        591.74748007778192        320.12450485737457        549.26215791797131        403.41909075020857     

 RouteID =          9
 Route number of clients =           18
 Route length =    632.89161521150845     
 Route demand =          944
 Sequence =          138          72          58         158         103           1          57         111         134           9         126         198         203          21         179         123           4          55
 Visit points =    558.64823306908420        468.14894892224595        600.19636634141625        441.73292844314483        623.70279951081534        427.27618319698428        644.09070948354247        414.73724268294472        691.34632334082619        385.67410231619175        744.94415773432956        352.71037045066510        760.43984421494179        331.15722938984334        760.64661969253586        330.86962283289347        760.85339517013006        330.58201627594354        749.60181212669113        325.36391654910545        742.39267266472177        330.70523252942309        742.39267266472109        330.70523252942348        720.58183789231066        344.91616584211829        695.59680784569196        354.80389566732026        654.02078708551096        371.25744644218872        629.68298726540002        391.61242977140512        573.75909279475468        438.37077767934358        555.31515590424920        453.78156222161158     

 RouteID =          10
 Route number of clients =            1
 Route length =    24.461361492612610     
 Route demand =           35
 Sequence =          151
 Visit points =    487.76982452043751        499.88882780394840     

 RouteID =          11
 Route number of clients =           17
 Route length =    662.31388142257310     
 Route demand =          922
 Sequence =           83         210          92         162         160          30         197         196         199           3          34         133         187         200          99           7         137
 Visit points =    609.65144994867137        388.41479982779009        614.10548283507524        383.88221816621029        619.91744692164946        378.84432916317974        676.59930430344468        329.71172928446799        690.33484448895217        317.80557745343680        718.98390490213626        306.53408583949516        723.93935828148153        309.89228493293041        723.17427688284261        299.19845888432286        721.93881590301453        281.95789930177438        720.63726531471366        280.57671661934194        714.63026613438080        274.20219432582684        702.73788966583209        276.03135674301370        663.18603374308373        293.29188486888097        612.30223596760686        345.63495578206960        569.75554321159927        389.40182565833220        550.22773436313867        411.63278019079740        511.78903080779827        455.39237849785712     

 RouteID =          12
 Route number of clients =           24
 Route length =    1194.8140810532061     
 Route demand =          944
 Sequence =           36         189          87         139          77          15          19         194         171         178         119          54         184         113          95          16         122         114          66          14          37          51         164         107
 Visit points =    570.39192979436564        421.99952387365119        643.31071637360344        341.19906722540321        721.49226280135451        254.56700779084355        738.17925422315841        210.99432624655171        740.45599406288954        211.85519986260599        756.70064924067708        217.99757713400635        784.47311177045890        207.39944741878011        803.43585130608665        200.16315812181480        826.55302319142254        158.03351245169958        830.76130874460807        164.68626261959565        841.62664385325866        181.86293921503338        850.63071917079424        247.74240595555398        865.05726211153080        264.21118165556828        884.23695602451164        281.92075771501504        884.23201585284482        282.44362166168446        884.00000000000000        307.00000000000000        898.32848507222820        309.85793209149000        895.66745648407766        316.82838869719245        884.39622074038800        346.35293420334841        888.87147510082355        350.87258021731583        915.49953493503199        377.76477333003317        895.66925197195440        388.97573946479395        886.97676409516384        393.89000051668933        682.34979967799291        450.63935322910254     

