 nroutes = 13
 
 RouteID =           1
 Route number of clients =           20
 Route length =    1552.7587745022181     
 Route demand =         1075
 Sequence =           53         260         251         254          42         171         102         116          64          51          37         131          41         180          82         214         178          16         143         231
 Visit points =    359.18843704234411        288.97651306125022        417.94052350685490        330.13401707488339        450.28209402880145        333.96833660349603        474.88816732349960        336.88548953131703        475.48207788336123        337.76326743794118        479.85496223422990        376.70346812562400        481.17765674516784        388.48196158022159        472.54435058266290        421.74182298319096        466.42526521379932        445.32591284266005        460.02203774610399        470.01393376811819        445.36644313136702        526.52330742239303        433.88382158903386        570.79825963851511        417.00000000000000        554.00000000000000        412.82528152499003        537.48958770910929        410.00042375363159        526.31768072926161        403.11165563290189        499.07359168844494        288.74479157026400        353.51132812014623        207.63219159270778        246.61723291225201        195.38400519991916        234.42424249185424        191.29239187903261        229.51507220262320     

 RouteID =           2
 Route number of clients =           22
 Route length =    2366.0583380958624     
 Route demand =         1080
 Sequence =          197         226         104         209          28          50           4         112          43          57         119         151          36          31          90          66          68         240         187          26         250         217
 Visit points =    285.93318250963222        289.88155282046870        329.84247141583296        334.39716779715548        539.14393586306869        546.58879370331090        558.77683377121252        573.28815985173253        598.40699809629064        624.28683647971980        627.92820453990487        662.27664769362934        700.32017622945136        730.21224403623683        737.56839332007871        736.12994082035937        765.21480890355292        773.74268978521786        774.22842844851903        786.00565415345261        803.01654195217441        764.40482374912381        838.39208452804974        737.86119158143879        847.75676914388566        722.65424875076462        866.08239832233187        692.89598067396082        801.61093834232156        660.60908850510577        782.23408101771281        647.52620146933725        703.99495049448569        594.70062251891807        600.92746843776513        525.11141090323110        591.24584702923244        531.23943771878805        579.47158267745749        520.63245020768261        549.56113340936338        493.72056567003523        526.01459055694659        472.56657251089877     

 RouteID =           3
 Route number of clients =           20
 Route length =    2159.2272097638056     
 Route demand =         1067
 Sequence =          160         230         101          58          13         198         204         235         224          23         146         165         113         129          81          21         133         147          74         181
 Visit points =    413.64692390690578        92.644844315872731        614.00000000000000        160.00000000000000        732.15561924185249        170.29054227222304        800.41250052007024        200.50378136039890        822.63008486609885        210.33817717863400        824.14897553683647        210.49189803751960        931.66244756425942        221.37290717151012        985.27479805208532        204.38379053984920        959.25716453895950        166.71195564479535        960.92829702236054        159.26847128452985        968.39691032304438        126.00210440536304        945.52179261916081        32.191038506204471        927.74591956708923        22.707443065053837        912.47871021380308        23.161130637463174        879.81441906536179        39.963374416406403        857.96751039368485        51.201245265942362        843.80613325911975        49.610714798350116        709.37687140014384        34.512335969022864        570.23843330414707        24.120431497704899        434.66024807337368        18.385629810464369     

 RouteID =          4
 Route number of clients =           26
 Route length =    2016.4611985933914     
 Route demand =         1067
 Sequence =          156         202         215          54          84         114          71         206         228          87         172          89          65         225         140          29         189         144         233          10          11          92         216         191         149          75
 Visit points =    36.237645775470021        241.78812039586120        40.078823262891959        267.40355157442463        48.645918560469390        324.53442894572146        88.490815212257147        533.31253620587790        98.183527828098732        549.60576608926044        110.41464193790979        570.16593942908526        128.08509745981371        599.86949915898629        144.00000000000000        637.00000000000000        155.95042640180057        664.23048152568333        164.96374297571154        684.76840562971688        209.76044533063202        673.05478981440081        253.87177769856402        752.56800097525149        257.42308340768335        758.96943356836937        279.21290607065652        777.90587461107953        253.86083081331682        808.53422618076729        187.25521892152977        776.53191922755013        172.65721662335588        792.26256824151460        140.46822204882139        818.91562566102141        86.742959835542450        814.37843461940349        34.246797064878464        820.28675622820697        40.940384213058060        775.02598851028813        59.923742950708764        704.96982740262285        79.996264119027060        630.89422275128538        81.314537034177249        626.02927018920457        29.309821809407836        574.82199052406770        9.3938604966855337        184.23167580216952     

 RouteID =          5
 Route number of clients =           21
 Route length =    3112.0956908893459     
 Route demand =         1080
 Sequence =           17         238          63         245          95         192         237          60          77          78         154          27          25         194         163          12         105         103         185          34          76
 Visit points =    516.64337358827026        913.15196637009444        546.64500122133666        958.56188215291650        553.00798176480657        968.19277332124250        637.77785284994513        979.82027770430943        656.67565207285111        981.35707403118658        720.29447563494500        986.53064864785267        755.47745848391423        960.13987355978452        881.15570347251798        987.76196198621540        896.94673568727706        984.11401435959749        982.30477801177551        964.39508963135268        982.30467271096427        964.39494286266813        955.97371914960638        927.69475630434363        942.94021015345356        913.11393612373001        935.73442687109127        905.05269717943588        971.34191034976607        845.93346272449446        970.35817591924229        844.10370109010933        938.84829146439790        785.49481652693464        966.44956210607836        704.88022524840551        977.77446426349979        671.80376400349417        897.29811299805090        683.37964501185513        599.30180487825726        366.46051606974783     

 RouteID =          6
 Route number of clients =           17
 Route length =    1696.9575618588392     
 Route demand =         1061
 Sequence =          106           2         157         122         128         126          88          30         200         184         136          24         121          96         109         211         124
 Visit points =    522.22546771557961        89.859075843561698        523.52536114973577        90.078856258392321        734.50973649041737        125.75119086423582        770.48488950337867        161.22397539936503        779.62629809006660        170.23773044931099        807.31303403806419        141.23936909881604        793.41211888609712        109.83397187781192        790.63190589860744        103.55282475357011        769.46356822494261        85.240369855755674        739.00259222463376        63.645487939064537        737.50129611231694        63.322743969532269        736.00000000000000        62.999999999999993        602.46418271493724        51.999481813872400        518.35340820866668        45.070538527964899        375.71544469563543        32.668247488187248        358.38166310541180        31.161084887101367        347.11515732745522        30.181468519774391     

 RouteID =          7
 Route number of clients =           23
 Route length =    2504.3242352893776     
 Route demand =         1081
 Sequence =          142         166         212          93         247          59         158         258           3          97         199         249          47          38         234         170         125         239         164           5         186          55         195
 Visit points =    281.30468828041683        183.30833702743794        398.72542552536737        259.82430571764098        488.33793990244391        318.21934312932808        638.78201872532122        443.60128423430626        674.05342330113979        447.56719113271981        676.38489224027171        452.02065800968450        720.35698404576965        536.01416574200186        789.69071329823953        598.57426381235132        811.08325819117022        617.87684166162262        856.53210808254585        574.70314960572398        882.51061986886339        583.83834062795904        920.37463265159170        608.01438743516746        926.00890001299138        564.24914386036176        935.41254683138993        491.20452827853853        945.33676053218858        477.34191232865794        979.73114137161349        451.06884384086652        978.07523817178276        399.65161973889252        975.70400569373157        326.02280391541296        937.81503189039802        316.19050350190594        766.73385069178858        271.79443270314721        686.26561034877079        250.91268714649922        614.34491742078865        224.59902414603093        521.46352427337854        190.64241496659238     

 RouteID =          8
 Route number of clients =           19
 Route length =    2456.6560605454188     
 Route demand =         1080
 Sequence =          141         100         207          80         236         117         111         190         244         205         167          70         243         248         169         183         138          18          45
 Visit points =    156.96233767841684        198.25483432454848        528.13765232069784        667.07621911134117        571.28900593750404        709.21214867788433        610.11492257069244        747.14671122234085        661.43711908773969        797.29665485717157        680.28346177087542        815.71252727541514        693.13044239991109        863.41399216649256        620.08067340817104        866.45158233899974        610.59398680990193        881.31715593912634        596.62850170697936        903.20097643940994        569.59578817905447        930.61210679371595        550.97051908500327        932.16866728704179        537.11322451500746        893.97083865675563        536.15262425807009        893.42176422228999        497.31631000310057        871.22311589560115        519.75620641225260        844.93286105306458        556.22711357219998        832.63966922919758        527.86733502565596        814.04443812804254        478.03636336663175        783.86111524968737     

 RouteID =          9
 Route number of clients =           25
 Route length =    2848.0949202822944     
 Route demand =         1078
 Sequence =           48          19         221         173         150           6          56         256         193         223          83         127          61         201         203          14           8          20         123         227         152         153          35          22         219
 Visit points =    512.90759133658889        669.68597230162936        553.28295493097744        732.08968521577856        522.85300768117781        744.25856506122375        478.03197694075533        762.18241268251063        448.90698350154179        785.12549654836982        399.00000000000000        810.00000000000000        352.83679909246325        866.63441346489651        344.16821851256890        890.42752857594724        389.43145423560105        884.47020738006790        442.93723630089892        914.87648471031923        449.09459844373936        922.81380247500965        452.05970080674359        926.63604958570863        442.13619786488141        969.78898309769841        411.16369735551683        970.82356427911361        344.98058103687026        973.03429333051793        301.88497049093058        987.37237652793635        309.63494380349346        962.25093216769358        314.44109800163301        946.67184171075087        315.84734081179693        939.22602514455741        261.15441811292197        892.24897899368830        229.77383666821547        939.62467666373823        114.44206984617986        956.30214797527378        32.379662870432917        968.16872624598921        38.750506573711320        903.23419630632065        48.602030375134262        802.82299536826190     

 RouteID =          10
 Route number of clients =           20
 Route length =    1288.3257403063726     
 Route demand =         1068
 Sequence =           32         162         120          69           1         246         255         179         132         220          99          40           9          98         259         168         241           7         174         177
 Visit points =    287.29918998325695        73.167383683143882        296.26117424681973        70.694657891632076        330.12210997445140        61.351993740919490        343.13475383839835        68.350296453313661        378.85503746536676        92.014403957338686        442.62705557040721        134.26232975619627        457.21118250461177        137.32878527136512        488.67755202505367        150.53052411108237        523.71790015326019        165.23172834568078        546.96326264577272        174.98433754520556        567.16312445134929        181.25095169012545        557.60167174563708        230.69112551336895        554.84615522199806        240.66872399825201        484.47374290201924        194.52044266785481        482.21205606058976        193.03729100090661        405.69476140033919        158.90277494410364        389.67265304939832        151.75528080964185        241.49718931646464        127.18213609095571        142.50639630373419        110.76568615222897        17.503520347278940        13.604929263761401     

 RouteID =          11
 Route number of clients =            7
 Route length =    396.13916646050575     
 Route demand =          497
 Sequence =          242         159         232         134          91          79         135
 Visit points =    151.96514572598824        39.557987344095331        167.19217891594920        54.843356632649432        144.85637043675936        75.559215518159121        36.872479666455348        68.546528313459277        37.207937891849447        62.027324934030958        33.447476116651210        55.758464103576472        29.687014341453359        49.489603273121851     

 RouteID =          12
 Route number of clients =           22
 Route length =    1411.1270392359331     
 Route demand =         1066
 Sequence =          253          46         137         118         107         176         218         196         130         210          86         188         110          39          85         213          67         148         139          15          62         229
 Visit points =    48.008526530580639        189.61083847529844        52.262349855761535        206.84438659084844        58.523635279106315        238.29644853683828        60.311827145024971        250.87025835788847        62.471131944933447        256.92428463321147        92.108335170583956        340.01788358356845        96.516981590429367        352.37837167468189        88.234562944693607        409.59088372021313        261.11810695244020        575.25053015904496        261.74617809749100        575.21581617988625        322.41679569446262        571.86250410465061        331.71784190210258        540.33182088318847        318.04987143017570        517.94886585570282        305.72062272107922        497.75822965662650        224.01860650420667        448.33505204839690        223.23700091815314        425.20412299193106        194.39138849875138        391.84508545531236        167.51911507412618        319.62562454955628        138.56852625671553        241.83399504655978        112.20722703661895        170.99991166812026        110.74126438538821        167.93572277427722        82.354380768497421        108.60080490534894     

 RouteID =          13
 Route number of clients =           18
 Route length =    1987.0585628139991     
 Route demand =         1081
 Sequence =           49          44          72         161          94         175          52         108         208         252         182          33         222         115          73         155         257         145
 Visit points =    163.80235756971271        94.064594405317095        394.76998558795646        226.69870080413290        572.60150404599619        328.81917865033381        662.36416664216233        379.37974451185414        700.31388993698135        428.15350761670805        731.03174373156583        437.33459477873316        802.86302562059484        458.80384218079308        812.13926328541459        461.57636462712770        831.80874362473776        461.29439447758688        838.05064929213631        459.80910748025849        837.61241326000891        450.64138615772731        833.91355159328543        373.26268955330465        794.00361493510377        358.26329514479835        790.01467490030200        348.71121153247981        780.57521472799192        326.10708310879016        756.52532106890214        327.26528286976372        662.59489496602998        322.33056276059904        551.42980764392303        265.28676113192876     

