 nroutes = 20
 
 RouteID =            1
 Route number of clients =           18
 Route length =    1971.4869631973945     
 Route demand =          128
 Sequence =          117         215         175           1         201         316         146         280         121         139         101         104         242          43          24         309         277         173
 Visit points =    752.22831566277398        368.76637557002988        745.96150858004592        348.42412232386170        744.04154382400964        305.25877469924080        737.75062703941194        300.05693600881455        721.75456564565479        286.83027856568901        717.72906185447243        283.50171171592984        686.01993001367759        265.83285218119613        679.78534985129647        262.35883965697343        675.51709378324347        238.29253264419617        665.77537000008977        183.35710877844360        662.50350161736560        164.90642382382296        625.31406446486596        151.32888765158916        614.92934042404693        172.76543187032246        606.51014332243949        190.14466026824942        626.02695833828250        241.78814761822474        614.49345013418076        291.19135945119496        604.50341028409139        333.98320094468363        502.27544817407551        473.19995982773156     

 RouteID =           2
 Route number of clients =           16
 Route length =    1086.5188553520095     
 Route demand =          126
 Sequence =          321         209         261         226         293         252         182         260         305         122          71         257         283          27          35          99
 Visit points =    627.16624078161840        795.75149597926145        640.63430213873801        791.62744583484243        653.74748474821729        790.00003207933401        678.60598241795640        786.91507656583997        681.33863088827252        786.57595313702529        694.31526671253800        798.73350698519516        696.02826704793654        799.21885893658941        697.74129632660106        799.70419106263387        726.81534476529657        807.94138151573679        750.04366800798925        814.52237496973567        750.04366800799130        814.52237496973623        737.76218373713311        823.74080614842330        728.90944513420766        830.38563504321883        706.97989758165602        838.27813584586727        680.12720787174658        847.94248822618204        619.97843887191368        870.69443755508485     

 RouteID =           3
 Route number of clients =           15
 Route length =    1209.1645827618247     
 Route demand =          126
 Sequence =           32          98         114          64          29           9          42          34          57         181         163         138         145         134          78
 Visit points =    179.98961887325137        715.11883033210188        133.87391663289333        662.86575326024877        92.508943936147517        653.94561550375840        92.076612136284695        641.89619301680841        69.848930346855752        624.98178335727914        69.755461455174640        532.01967419087919        217.81337972891103        532.87248652690471        238.15350703322312        532.98964548526169        282.35281071108614        551.73905897358520        344.02005280056932        577.89839915340247        381.38999753591378        604.39864458720172        390.41457049304745        608.76493949726978        391.42822225703361        647.49331327845061        391.69190425490604        657.41137355994067        392.00000000000000        669.00000000000000     

 RouteID =           4
 Route number of clients =           17
 Route length =    1412.3516433602072     
 Route demand =          128
 Sequence =          307          12         183         234         249          87         217          95         155          16          85         240         229         315         168         206         302
 Visit points =    626.40828529654959        706.16190043403503        631.59433837930408        700.84525844795951        639.48613669229496        686.96990601555638        645.98428739081601        675.54486351891478        640.46611671390690        662.58017494329169        633.18648245304610        645.47700857487519        635.14859020083190        557.38470196375783        720.22531629035666        567.28742897638926        751.48173768967547        596.88919818207148        735.75217371906956        649.85809869324851        713.10474919787498        726.12271597948006        693.63562169232318        735.98785450744958        694.90220719943750        739.16752544710084        674.93619865387996        748.41796063214679        651.28996386465133        759.38711457901263        612.51756493300547        777.38391509904852        462.56440878682969        846.98696038056903     

 RouteID =          5
 Route number of clients =           18
 Route length =    1145.0977532662250     
 Route demand =          128
 Sequence =          255         238         110          70         306         178         322          36         285          61         258         164         225         308         207         286          88           7
 Visit points =    246.51633776952914        912.20846179736554        320.23564308253049        640.28059955174331        371.12459714817157        563.61248226111775        393.72259771884933        529.56685899970125        401.59803819092457        524.30935407575396        415.65241927922085        475.51367170016766        419.62525916187292        462.01607765855408        443.94337117878803        443.84762301008794        444.93425469635673        443.10731791410279        457.26929973555224        443.86386975929139        451.61333490443252        466.36697642053707        451.47004668300991        466.93707015807809        460.87585718255878        497.72971805993024        466.23952855607740        515.28925150725240        441.74165389603866        532.21028657702561        432.55947078134244        564.69523203127494        423.38044726287268        597.16899939096959        422.87841325199258        598.11699155879842     

 RouteID =          6
 Route number of clients =           17
 Route length =    2683.7724311078900     
 Route demand =          128
 Sequence =           15         203          86         152          31         162          46          65         109         107         144          21          11         119          84         150         113
 Visit points =    817.34916282207087        451.84603131108378        813.80736058375794        423.96686058119616        812.29101233175049        412.10017233159147        801.17143867582490        325.08024543241038        904.34219913651179        238.68214324356700        920.27037852461922        200.43381048003533        961.77421360928668        100.77066275918892        930.58877160919735        43.592203295089675        920.44662598542891        24.996595048588706        797.45616375254463        39.565334555497174        795.01615435297617        39.854363970391219        749.42577329990820        68.679731623505063        737.21261412155366        22.223237111425966        712.42404829532086        31.801756713564494        639.09092967872846        85.915092691877717        631.83149191509267        91.271913758920149        560.96032187433752        33.709860670633553     

 RouteID =          7
 Route number of clients =           16
 Route length =    681.78861900037737     
 Route demand =          126
 Sequence =           50         149          20         311         223         205         303         224         262         304         186         137         272         213         270         157
 Visit points =    384.90571506092442        887.80211648960119        512.98440150657893        906.85099168426223        528.44776373739103        917.87231994767706        531.36394254292873        923.57175115994835        549.61186712423591        952.07302147282326        550.08702469215814        954.56384208511781        549.71895737839611        954.57349852293100        484.27894720370233        956.29304073784726        470.62484712369707        956.65315712584470        457.21753520676253        957.00676466585048        453.93306793700771        951.71653849751419        451.93795164844903        949.24433853738265        403.71075141958289        954.92822579117978        337.26563575010630        982.37225534504717        332.79536877884527        980.98735881442167        314.64269187989095        975.36363071173810     

 RouteID =          8
 Route number of clients =           17
 Route length =    1756.3603273981266     
 Route demand =          127
 Sequence =          130          93          73         133          82         115          90          77          51          97         151          68          72         204         131         320         241
 Visit points =    166.41308380060991        497.19147245136497        131.01477105048733        433.75632832071250        41.434153779120230        401.28325722038545        49.243246737298648        327.39189251479911        52.847611351660255        293.28659735721283        44.643993293575868        274.43788246591669        30.575094486367032        242.11303986914945        17.898177207333362        218.78032652870806        62.176378805168426        219.30993642689020        79.852183129686082        219.52135605530290        131.35105780146762        331.24697199416113        215.90241176402148        370.01901516320510        241.06623301203905        394.01406023917002        278.81930846885120        376.88493263149377        287.24200880103797        403.95983047660280        295.30958979890431        429.89319184049532        259.64530457580832        519.13366353815957     

 RouteID =          9
 Route number of clients =           18
 Route length =    2474.8066367976821     
 Route demand =          128
 Sequence =          193         276          22         140          45          19         132          74          52          25         142          38           5         123          75          54         129          60
 Visit points =    451.79237237317335        298.88939503999524        460.42868251455491        272.82203021764036        472.57423741380956        236.16255350295154        476.23842523418261        213.72475365646130        477.61598190568481        205.28923059170273        445.43378965689669        159.77923277987657        470.00000000000000        132.00000000000000        437.38861779251823        127.05181398522537        406.20033708679273        43.203520238560060        322.37511859543116        25.964381147591101        149.98978512940403        16.821761705855167        19.357088854772769        102.00777031140525        46.132065433529199        122.87565440557708        170.36167225089685        132.63849799148693        198.21076388269958        134.82707712794564        210.93185571445079        144.05381719148389        303.41364427345377        211.13181921606008        311.90031167918431        294.52444659585325     

 RouteID =          10
 Route number of clients =            9
 Route length =    93.099275464023165     
 Route demand =           75
 Sequence =          219          58         236         263         165         237         253         195         268
 Visit points =    238.24418829259685        953.87039155156822        244.38262267021452        961.72165351363003        251.13620733692056        981.36503044441838        241.53685355532394        986.03387582358869        235.08787987029945        989.17046831457935        233.44993256230703        989.96711805728444        233.78417134977994        984.86135579746940        234.10836990755965        979.90763530178606        234.60658350493495        972.29400247110073     

 RouteID =          11
 Route number of clients =           16
 Route length =    434.07509105965539     
 Route demand =          123
 Sequence =          227          17         169         176         194         200         208         259         184         212         171         124         318         297         148         282
 Visit points =    124.95992507325249        942.60149738396683        96.007100421946646        940.41165399872102        95.517499514382536        940.74637151468642        95.028169157664180        941.08205630731527        77.237733076941211        953.28668355892466        73.534277771463337        955.82737856657764        73.532670730699522        955.82852298638795        58.871725995942356        966.26900213964393        51.204818277323994        974.55110706651510        32.225804428644125        995.05300820738773        50.733151379563829        986.15940580398239        85.268343718931177        978.25918236560290        86.014472099861479        978.08892792464189        130.42724916204440        967.95464979837550        201.08836994035099        956.60669734238820        207.94327023617367        955.50582204079797     

 RouteID =          12
 Route number of clients =           17
 Route length =    986.01498105899543     
 Route demand =          125
 Sequence =           30         197          23         295         188         319         256         179         271         192         120         251         190         126          63         278         294
 Visit points =    399.15414458615788        821.82152165660011        499.18645226786219        769.19460516585195        513.06319237972991        770.91790547842766        522.34966064072046        772.07115714473252        536.02398548134249        775.58867873684892        554.53117547844749        780.35169502912856        569.85432293160773        784.29526512160737        590.86160907251781        746.87866027458404        572.86251994779377        717.04566348376090        571.70938972982788        715.13687761082076        546.88973984607765        674.05359772204372        533.12212379609264        651.26444371576292        431.80126240387409        755.86181875133832        382.34505274064674        763.80015129197534        358.25330497756835        780.43359651069420        308.93700351416328        821.11695695839603        283.81685435686677        865.84982583167084     

 RouteID =          13
 Route number of clients =           16
 Route length =    1050.7975520551586     
 Route demand =          124
 Sequence =          239          55         244         170         172         312         180         102         301         103         174         266         111         211         296         154
 Visit points =    565.51431431099149        982.66853849437655        627.15706205164975        983.22887917316370        646.49003594810904        983.40461844685240        675.09508244646747        966.56065867687209        677.34514888937986        966.69369632574342        723.96434733881244        969.45010761906985        736.24110086917665        955.58794202979504        747.84631412084229        942.48403899911614        748.86508352979467        936.53845400408625        742.45007220125444        933.65407376337623        737.11094829201875        931.25344456448670        677.57839318696961        930.57585045756753        676.48065590609417        930.56116716055203        654.88357875287704        930.27100407637658        624.38274997210999        929.86121647011169        601.23918969072577        931.12086744826195     

 RouteID =          14
 Route number of clients =           17
 Route length =    790.66359974981651     
 Route demand =          127
 Sequence =          250         141         300         210         153         281         324          83         166         274           8         100         246         248          48         289         228
 Visit points =    270.35969069027379        955.83050216856589        480.52485553365699        892.24987120057529        539.00977525329210        879.75807576674515        596.68817707249286        875.56828944685708        593.72258112475595        871.10897646664637        575.82311510910438        844.19387321283136        545.26098289182585        843.39601333840551        515.84010503884713        837.97758481766971        515.72246337528065        837.95298829941419        515.60482125846033        837.92771017537973        507.24157361579256        836.13067339164309        468.48975373010086        837.69434151370785        454.18773286748507        838.27143993566449        434.57973598552195        828.99912190574059        388.26657031784316        839.10472351168528        359.94302300900597        864.53927829950817        329.51585354846395        891.86288647061679     

 RouteID =          15
 Route number of clients =           12
 Route length =    266.09920781727635     
 Route demand =           95
 Sequence =          185         298         287          56         105         230          49         159         243         222          96         292
 Visit points =    232.01589290926597        934.05119541774013        222.78940330859390        894.81188492946262        222.29065988629611        892.69992790433173        220.00000000000000        883.00000000000000        198.12633932919863        853.84960215752960        188.60821658159492        866.86715925372209        156.42732960372180        910.87967566574753        156.42732960372186        910.87967566574764        182.54650213107891        924.76991458079408        194.71544416017784        931.24138728730861        205.08529749361517        936.75610028844096        210.91131871194111        939.44043024225869     

 RouteID =          16
 Route number of clients =           19
 Route length =    2046.3334129980419     
 Route demand =          128
 Sequence =          221         317         128         218          81           3           4          89          76         189          47          14          62         143         147           2         310          39         202
 Visit points =    618.14655770270440        909.16777543718524        749.78263149757379        922.52340235892450        753.66217624513683        922.60594330603476        842.14605372022413        967.78867767281224        876.45813214801899        861.13582798775542        858.47200918495560        830.98698792955543        906.29434058603704        821.03425472281015        986.75095265134655        861.57166229161692        954.45183896219555        724.81188508370406        927.28294693162036        679.05995400360075        909.70685699964793        567.11878388147727        875.70525684484539        627.47145444419766        869.78583397317527        688.86175351574286        868.78687088173137        699.22199374096431        865.08733851204022        711.90436041241014        826.63904503314018        738.04677010471039        787.25317398128186        760.66479429459253        732.90311482169295        791.87626480325616        707.49828906533060        812.32190317624838     

 RouteID =          17
 Route number of clients =           17
 Route length =    799.41521910917061     
 Route demand =          127
 Sequence =          232         267         284         108         269         177         199         136         160          80          13          26          53         112          67         235         127
 Visit points =    141.72646032789601        924.51961833896667        108.19568384094931        894.79464848329565        88.144189131030686        877.01903639612829        70.754253178765367        901.85388479052403        42.729863066153442        898.43777969006101        28.447322665747638        904.33328776958774        27.559787462038720        897.30705602504929        21.047087272235007        845.74882979916504        21.181949614691973        775.80537315622939        95.962903707036290        774.62554932309592        110.17550385419530        772.62967603369793        108.82675546020938        714.08675955208730        128.00000000000000        721.00000000000000        154.53267833724468        758.16792268035226        178.63265450276194        783.85370927284532        208.12393357105606        840.26795877370046        214.78080027353528        860.05228576970546     

 RouteID =          18
 Route number of clients =           17
 Route length =    1550.3375030365164     
 Route demand =          127
 Sequence =          191         299         326           6         275         106         187          37         231         116         233         118          10          66         313         247          33
 Visit points =    367.42125696195535        491.28726541157056        380.56348927821750        449.01445713423874        382.29562511060709        443.44293441337686        376.54696033237457        421.48117651640393        371.21601492544596        401.11524165927631        388.22989392009976        398.39925337147258        399.20831028790923        379.17167052097636        431.97490932065313        321.78429546400520        470.24208526058175        341.33228575198808        502.40549885901845        322.57548883670404        516.46276361947878        322.25655188232378        522.48058823707527        322.12001702378365        554.05688691121020        340.55374552411325        568.52237089214339        402.08017442410716        578.57108383182958        444.88873829065352        589.83172495607243        492.86024246623856        563.79583176334461        515.37248271395981     

 RouteID =          19
 Route number of clients =           17
 Route length =    2310.8401218158465     
 Route demand =          128
 Sequence =          125          59          91         158          28          44         135         156         323         264         161          69         314          18          94          79         196
 Visit points =    356.92336934785317        866.15563499964105        925.55255818772355        498.44696745495997        964.83670637200419        486.61678912250994        943.89964666414050        448.76726557743285        934.71648059180222        426.34364815789496        924.74016648365352        409.98771569850283        968.89985873704745        351.95280745933974        967.53250333858273        327.69046934698957        870.53924638650915        359.85485023859269        854.79961544903131        365.07434178341668        842.65425155110029        285.46614853126817        867.12153575760590        240.79465362193142        855.94213703887726        232.08649475379099        818.25368405511085        202.72918812805457        793.12812074445196        244.30362286825309        766.87963647129493        287.73611761278090        714.58898980993069        353.06636374481542     

 RouteID =          20
 Route number of clients =           17
 Route length =    1595.1880975354748     
 Route demand =          128
 Sequence =          291         254          92          40         216         290         167         214         273          41         265         245         220         279         198         288         325
 Visit points =    539.66340828483578        416.66185179339959        583.97928615149090        386.90947719567885        609.81802796762793        378.49813309928629        619.46216812822649        375.36687663064117        644.91113844516485        367.10809072829102        668.78969858033599        359.35893964843319        680.09264828128369        367.94287053624356        682.87294789899568        370.05434589420645        683.26067596981602        370.23297420799508        723.47984995902448        388.76215425024395        694.91289762490499        402.06442100956576        682.62828823092070        419.97214016370197        678.49302522587573        436.18166069131360        680.58154707840799        439.36221752155234        693.37697293594726        458.84804624662257        696.16515565813836        463.09409882695184        697.00724026111186        471.06007212709130     

