 nroutes = 15
 
 RouteID =            1
 Route number of clients =           23
 Route length =    2665.4937224003766     
 Route demand =           23
 Sequence =          271         184          38         181         312         139         260         264          73         311         161         136         239          61         150         203         230         304          57         135          85         123         267
 Visit points =    656.25048822907445        744.42644643832500        694.30295336852862        774.97971980573914        698.73080551354440        783.13329933726061        729.78141905667667        843.40593396252643        788.97502073388807        870.86437544559772        790.40740583893978        878.93166375976989        786.55449381996209        895.70875097413875        786.56125619744068        907.42621068522215        786.56513235995203        914.14260269455531        775.92863774345972        914.40384507450869        709.24969621768400        916.04154301965320        668.25821478617218        917.50739551434094        663.96134602324969        925.90173844056574        655.73878720472862        965.05375763118275        593.48727945771748        970.06598996271464        590.68391157453607        898.92861988246420        595.87686692756415        890.21840268366725        606.91212465798094        871.73693773349839        629.30061856913653        834.25169737812655        642.07520081335065        812.86310876809807        633.27773291214169        798.80982519654299        593.96543219259831        736.01142501300001        470.47822595892973        582.99242810705653     

 RouteID =           2
 Route number of clients =           23
 Route length =    2466.0868580686488     
 Route demand =           23
 Sequence =          140          64         165          11          25         113          30          65         158         329         143          94         244          86          63          59          89         169         144         168         147         151          97
 Visit points =    511.76679203276041        710.67246464234222        567.37673808612919        754.31934402397735        567.51254990094787        754.42593937823835        555.11888311635562        769.74477300124079        538.79703127185417        783.31543096324333        530.26558508403252        790.40882571030818        458.70078097142169        792.84951689527861        435.57806780901507        820.59002483020981        466.43760478304347        840.24983115116538        495.46722074634113        890.68549478509340        499.51482384861981        897.71774587819334        434.56020440383350        932.34094597311287        447.04948245618669        970.40136709003059        428.43126923484670        974.89884490129293        416.76823770687150        977.71874546138406        400.08082175159637        949.57034929256747        395.00000000000000        941.00000000000000        345.66324376501126        932.96906025974477        346.01863791931351        921.46914691678421        346.02209070733568        921.36732806192572        349.80801963385778        809.72452074031332        360.57434958040017        792.81377988800864        335.97061842365639        777.50032519783417     

 RouteID =           3
 Route number of clients =           23
 Route length =    1475.9421156741334     
 Route demand =           23
 Sequence =           34         279         196          52         265         292         233         313         109          24         300         257         248          44         189          83          72          40         117          62         130         164         177
 Visit points =    285.14014409776274        99.674815734734253        340.75145660675332        119.11454535436506        382.88899443516357        133.84432433753202        468.80057891778023        136.12022869561062        473.24603430353096        136.23799431880340        502.90944493342982        161.95993336863890        509.86579304569034        170.28853192888653        528.00000000000000        192.00000000000000        541.13488469114179        245.39228852499659        543.34951853229120        254.39460349039680        523.98812600738506        294.18401247136262        531.46219935398426        333.12815184798308        543.74782281962587        397.14318225871983        541.09841037119838        399.63736298479324        520.14707325301981        400.42635677024504        499.55364208596467        393.08303416364350        431.48791312107096        368.81177008005903        416.91269635210000        355.90847919677418        382.86981678978623        317.82674268488273        314.46324803283176        264.64084343935355        247.09729782561598        206.47572817400317        213.23798649596236        164.35372351750428        189.61348668744645        146.14507986272250     

 RouteID =          4
 Route number of clients =           23
 Route length =    1990.0781283394765     
 Route demand =           23
 Sequence =           17         172         263         247         222         214         115          54         131         314         219         256         154         205          60         291         243         207         187         298          23         295         212
 Visit points =    276.00539668474784        257.12510993403828        489.81640755577854        456.31027202025342        520.59112953388842        480.95251006522329        536.23957940576747        483.10352645559743        602.72559295515885        496.87141868176474        625.11125056928552        508.19196251125152        627.12187270505513        509.20820867779969        642.61332759774791        534.17859841418817        654.93843316066727        554.04543512067971        659.57034788199496        561.51171450491051        662.99187081583045        567.02693826884160        616.72656894191562        627.45076834169879        615.48564355173983        629.07145299892670        584.51651738340149        616.79888244485164        568.76728171128343        619.42458893223284        530.53578817800940        601.19042294136648        487.50733495665969        640.36418514790978        446.56290540603999        677.64062031622530        408.13809713077273        649.41845204483388        364.00000000000000        617.00000000000000        348.83571337273855        591.34523024246346        336.22264164070003        569.97169412092978        290.88128198744931        493.10806753944934     

 RouteID =          5
 Route number of clients =           23
 Route length =    2824.9405694085976     
 Route demand =           23
 Sequence =           82         100         200         103         227         258         209          36         192         325          35           3         330         112         289         318         286         254         218         155           6         141          53
 Visit points =    587.76789473457961        557.00656312852357        715.36778555439423        683.29750919187495        783.01959556151303        750.25533321104535        806.00000000000000        773.00000000000000        843.54557497888902        800.61131728202849        920.95192266681033        840.18492014182561        1000.5746947745333        837.94836531657813        989.14321201671214        907.37601147195005        966.55565475100434        921.24248155169414        945.48342718521644        926.18853151876863        911.21949899814047        947.77061602568176        906.22343754017243        950.91752375905332        902.17453853849520        939.69555891904815        891.77073190622059        910.86027501069771        879.08980435143167        914.43023591531357        854.00000000000000        884.00000000000000        842.55923049400485        883.92083805673246        828.57396031858173        860.74108307639199        821.77438525661103        849.47119160913599        797.71345600122822        809.59163166044345        663.08018723870214        672.95096400968896        573.59846106155760        582.13621096486213        494.75054308918118        502.11467791200147     

 RouteID =          6
 Route number of clients =            8
 Route length =    484.19554910179306     
 Route demand =            8
 Sequence =          126          41          71         224         206          12         242         255
 Visit points =    60.321300046730393        21.413338649234554        142.35504566736418        9.9951799625781916        197.07352898394205        18.735298628211609        198.67888725924206        29.228383274892291        199.38997109335787        33.876232279731447        86.470535594412794        97.321362709472766        36.864002982172096        73.180774587158680        36.556963338034883        72.571253179573262     

 RouteID =          7
 Route number of clients =           23
 Route length =    2177.8807531083680     
 Route demand =           23
 Sequence =          308         108          99           9         301         237         235           1          19         261          13         231          56          14         120         146         204         111         116         180         238         188         152
 Visit points =    7.2590390312421285        313.18248823021634        11.065404595813670        477.65263711183263        11.277458405941195        487.02916304111051        12.549478403825285        543.27492672508993        33.000000000000000        761.00000000000000        24.240702000258711        786.99345695639101        17.453181453507018        807.13561026340494        15.303784103174584        854.65557462732681        51.493657488906365        890.38692621215125        102.86419413102878        941.10660371307995        127.62481997354847        965.55351510516380        173.85055552979142        936.64705585689262        182.14257946891979        951.72281817465318        184.44569940014523        963.73773825848036        231.67322121405130        944.73307504023705        237.12640559042418        941.47667730508454        237.41579501371100        935.93891513027370        240.91407966935884        868.99566536413806        204.00801227575315        870.47870179971153        187.17717484624202        845.44024107217274        155.81912103322014        798.79031042090833        146.82121768999065        785.40454453533141        165.99538645933760        750.26149465139406     

 RouteID =          8
 Route number of clients =           23
 Route length =    2406.9033350313598     
 Route demand =           23
 Sequence =          137         234         226         107         282           5         277         185         167         194         236         272         163          98         327         320         170         324         138         128         240          47         127
 Visit points =    638.11059575214108        131.31284082805379        901.19091847391212        185.45051660483318        910.89426597796671        187.91336655071066        943.12868821370671        206.39702409491065        975.49128022616014        224.95417593793684        988.25475195006186        241.66095668726007        987.11879021079289        273.05393330728378        986.00104653624680        303.89919235010808        985.02266092567072        330.89872568609132        982.65248686365464        359.04193804242152        979.50215555165948        396.44866041236378        979.11678918357950        399.97336131675883        974.30725949879411        443.96306834318386        962.88660715642595        430.15744416012615        935.12572556706471        396.59926493149413        928.89405562497154        384.77175482526127        915.95492294639166        360.21369511672879        931.13286933208792        347.67139518387353        940.37975949220424        314.47053601861376        926.46198180453916        310.41177833493413        899.37196797773095        302.51168075915581        893.75754345436201        253.75314603291969        880.18772174085291        244.61267210977348     

 RouteID =          9
 Route number of clients =           23
 Route length =    2007.7620566164524     
 Route demand =           23
 Sequence =          160         309          88         174          21         132         269          84         287         162         253          31         315         114          67           4          77          80          18         118          48         288         159
 Visit points =    615.72010306377535        99.080986449095192        627.69316640104921        100.97368864182583        658.53202860286740        105.84869685538710        662.76201569463626        113.89692774678956        702.41942261582130        106.79894463209681        757.48108688269713        96.944342591895065        765.89318817107846        95.438795826779611        784.64595799507435        108.29228903819745        792.47158812917712        130.57019583856348        841.08898159123805        117.59461479081925        950.57806566065199        88.372881929007022        961.22283675519350        45.268659993713676        892.88578104021417        20.515013474146038        844.12034114243886        26.448828373414724        833.40344724626163        38.752325858801299        795.14245040562571        36.379550151982983        770.25666201365186        34.836244984387790        726.38851067970336        31.317403990233455        655.90690429694553        25.663790643605701        645.70647502711131        25.180134617232603        602.38918739944381        23.126234075103884        448.81056117473202        15.844263274585780        384.61450676841656        13.577963692550545     

 RouteID =          10
 Route number of clients =           23
 Route length =    1840.8956593435282     
 Route demand =           23
 Sequence =          149         121         326          22         124          26         178         199          45         322         317         215         321         232          81         302         142          16          10          95          42         198           8
 Visit points =    15.461200014548819        238.15839658268337        26.345910152856653        405.82229790007892        29.029556023187205        447.16014986458583        47.611982751157370        466.82179593519146        69.063963007187454        494.67306611900489        75.131355221979845        588.18696260880802        73.702257089862982        621.20020516519196        72.990274580298276        637.64753705649139        57.598207169825180        689.64172782479432        73.389109511293796        726.56526024933316        94.024660998517831        737.78652899796646        122.48909141454682        711.08803402420597        148.48779193518092        686.70229486423000        171.02462456172503        665.56364905049929        197.27184262036741        686.71896412953686        202.00000000000000        695.00000000000000        276.27581196103665        754.61559270355099        283.05640457158137        688.10205930704728        285.69646178690016        680.46575294916533        299.51371364435516        640.49966145868211        288.60866384519744        617.14442392817955        264.05944397750102        535.63361436784260        97.584181836410636        184.88087592331718     

 RouteID =          11
 Route number of clients =           23
 Route length =    1526.0066598123590     
 Route demand =           23
 Sequence =          197         223          50         176         220         266         104         262         278          46         307         249         202         284         134          90         280          32         102         195         281          28         173
 Visit points =    194.05296324403565        187.19884018959132        202.75982188288506        195.59816484632228        308.34341043883273        309.02595284770189        314.65756024624596        315.80940007570592        361.60999624931816        366.25168393271161        438.00504614391235        448.32497171273417        439.88574770738296        467.21782398952445        471.41039551422222        490.23788277188362        471.58802272862164        528.45160281299854        471.74340996108333        561.88073820384625        470.89316835369510        570.46559541826002        467.38493717967458        570.02330504115287        460.62342086150670        569.17086589052758        419.94937179994372        564.04299956543014        403.72101636042493        561.99705530145798        380.37148395978261        535.99430697730850        368.28947459201464        522.53928176424313        350.92788950076118        503.20457400814718        337.12462066033828        487.83247244096412        310.74199381916100        458.45120947293600        310.74178462256145        458.45090799376931        237.12657463094999        352.36193613046470        183.78029590506117        273.09120029470068     

 RouteID =          12
 Route number of clients =           23
 Route length =    2387.1721133894030     
 Route demand =           23
 Sequence =          166         228         274         306          66         252         270         101         156         183         157         273         190         276         122         153          76         250         213          79         186          55         217
 Visit points =    298.64272902294488        186.04250611348485        470.47498842039317        293.13110483008933        624.97923888195544        389.42061260765922        685.09851148801806        439.89029744546946        709.33696355172742        460.23829873662982        712.59295616950226        516.72634280542934        725.60420892480829        571.05701412562030        788.34210093314312        573.46533016906426        790.25851904148385        573.01899036520547        807.25124569230945        569.06133089238665        811.23782109806018        568.26777978421330        831.97398336416745        564.14012562726566        907.29021746000251        549.14798953372065        940.20912819673947        495.49393705166540        869.10380899259940        465.20214504486432        804.71773800263452        437.77284028408093        789.14458646612286        431.13847491571704        788.35434551469461        404.52425134658313        788.35434551469586        404.52425134658154        795.45921925948574        395.33054485118174        835.62430813539743        343.35692058269046        807.60700693735953        313.04258754584555        773.00072514897124        275.59906849007103     

 RouteID =          13
 Route number of clients =           23
 Route length =    1369.9379005759113     
 Route demand =           23
 Sequence =          268         275         208          43          87          75         221         241          93          29         133         290         294          49         246         299         105         323         283         285          69         191         216
 Visit points =    14.525679499055089        95.676497480158744        80.475324303760772        364.19457949434246        83.393304005053352        376.09040407490937        91.236268714162165        408.06407830225487        110.46006378807984        438.12667412620976        136.43248261387254        478.74291700270862        147.36192217551991        493.23761624059858        136.13786523533216        569.83849073019780        134.64453582599762        580.03002301354627        135.05888014364780        588.31207508038540        186.02840993586415        635.16934116208438        210.34491807962451        611.01604898127630        207.62162213797552        598.85182894155673        205.67023868764551        590.13553141815623        204.62636889063083        576.31995331026781        204.00344513662765        568.07675917779693        202.38571115141221        546.66917083471583        193.86313926777393        509.90643436306965        172.61016052738097        469.83581057288035        170.91937285863401        441.04641732271136        133.57665382368600        344.57012883047958        99.403644997165571        256.32798556873979        88.180625085311675        227.38765761511803     

 RouteID =          14
 Route number of clients =           23
 Route length =    2573.2312792160988     
 Route demand =           23
 Sequence =          193         310         319         125         316         110         259         251         175         296          68         293          27          78         148          20          37         171          74          58          70         225         179
 Visit points =    678.74745038403239        559.84687324921424        697.02615386976834        584.70757838424174        721.74095189372372        655.65665911447218        755.03653440671883        692.74004577566814        783.94000236011311        724.91013158163901        789.06975770715792        730.60181652454742        814.20276976074558        758.48797806590630        832.84802163359427        751.01395584484794        838.74531551259417        748.65013011133760        881.71719870940615        731.42561415856869        882.34409888829680        731.17433235919680        907.42755306911329        758.74974553559946        911.53062299406940        753.53380500755645        928.22818390975442        732.30738520665068        924.11954828216085        722.60853904593876        938.48549504147763        692.47964088573110        943.45972484472634        641.16886342163025        917.89214632524215        659.34737935571798        889.09406919725245        678.65543306328516        875.99350151407953        676.19197607659714        872.28126392987008        633.91393401369862        871.53456186492679        625.40987086480231        869.98472505528957        607.75904235043379     

 RouteID =          15
 Route number of clients =           23
 Route length =    1827.3416116107596     
 Route demand =           23
 Sequence =          229          15         106         145         129         328         303          51          92           7          33         297          96          39         210         201          91         119         211         182         245           2         305
 Visit points =    284.25877483781534        140.26395399371501        341.88045759310029        168.69665607525701        360.30247068993657        176.46731424626279        452.31645169413048        215.28007534780627        669.38478303871375        382.70309963925479        702.40821388639858        381.51346641159722        710.77062903038188        381.21221948893088        741.98081191014035        291.89084913558725        750.09948306233866        268.65577763115590        752.62068538625851        261.44027214075862        746.53886724924712        261.13616715664369        729.58203523660211        260.28828630692470        673.46866514238036        255.80369670149105        610.49886142315199        234.65821497501079        589.51760117618130        221.19882310138331        549.86787098223317        195.76368478832634        549.29293566599006        192.58249504988100        544.55896961641486        166.38886283841188        527.37352843676388        126.58091418491315        500.25954695153882        63.774730074039013        459.01892990913996        99.654881668786999        417.95313245355038        91.606195299511825        376.00000000000000        83.000000000000000     

