 nroutes = 13
 
 RouteID =           1
 Route number of clients =           16
 Route length =    1638.4620638279443     
 Route demand =          244
 Sequence =          147         143         173         216         296         269         282         164         103         117         276          13           1          60         138         200
 Visit points =    411.85127607922550        204.98249304672595        454.29190026598621        226.10516384962210        520.65050505045258        259.13174937023126        528.63810116254956        263.10716487146266        529.19570429944974        263.30079900559326        539.79420683080536        266.98125150833312        592.80485398776329        285.38981143682048        655.00000000000000        303.00000000000000        661.36141758877488        300.25488837293602        677.95725654753824        293.09336661291672        685.76615464973111        197.51695418808777        690.60152312238222        138.33483075401068        690.57348165142275        138.38327567982321        604.98613347437310        190.06662334027223        506.20073564793859        172.26582219050198        344.14377998530404        117.11601156610655     

 RouteID =          2
 Route number of clients =           15
 Route length =    2316.5981767992989     
 Route demand =          246
 Sequence =          136          49         101          38         135          97         144          84           4          70          15         126         221          95         222
 Visit points =    611.94669915000463        262.83905277072284        748.14514190913940        321.33805232964249        851.10925484636596        346.63311062505232        851.81143865646595        346.52022037208917        856.52619377732185        343.54994562927783        954.91691980617782        281.56422612549972        962.80620396849292        325.39602415357808        964.70251665413082        335.93168149901879        957.15951504559280        364.29308420790602        939.98013335848293        428.88691403903135        930.86387495372389        473.57512277189653        899.47216170621402        505.53635423530091        854.42840295741462        482.48419722948762        771.83591973651141        440.21563564416005        606.96435439737820        345.90636931672395     

 RouteID =          3
 Route number of clients =           44
 Route length =    2757.5409759800636     
 Route demand =          246
 Sequence =          115         187         241         110         226         185         150         292          98         242         107         188         134         280         274         163         157         183         297         169         205         127         104          24         161         202          99          92         174         255         275         284          74         298         179         306         227         300         123          47          32          55          36          76
 Visit points =    6.1276444453875953        17.737547686215009        75.642201222772513        218.95969376766459        94.646464255325625        273.97088522721759        180.56961745964497        590.91131495191212        200.20106608863495        656.26998718109269        338.78202188391253        727.02920812287493        353.23527646486895        734.40901747945441        349.39763818207666        749.21068482444889        333.50752004909202        766.41122110277922        317.58746246031791        783.64416586864581        308.57172768976767        793.40340564891824        304.39843322915931        797.92086122533976        329.86464197339228        810.86100085250462        329.86464349377519        810.86100123837866        341.65342218899190        813.85299985349036        353.45556374243569        816.84838996948122        354.23392889036683        818.37684997401573        356.26537304646206        822.36595605397031        363.49694596374422        810.87001964894171        365.54343917200788        807.61673629763948        365.74873771071270        807.29037590938208        405.09562264629682        802.15868752462200        411.55315485009487        819.59066422446165        422.34556773677900        848.72456306356844        400.85559104865081        886.97727255483096        411.89729040369400        927.30721669549541        417.59577355121252        948.12099722294386        426.93763299035004        976.06578504557842        387.12474461442429        956.91836100404464        376.50371638065974        945.47692451758053        374.48705227224656        938.74935403566144        337.24369104770420        898.20914421037901        320.89995283739700        880.41862921414599        298.60393528715389        875.30432678406885        262.90723205387053        867.11614987398514        219.22567999847880        836.52572510349955        174.43828151139854        878.33209365937898        185.56571404293976        903.37472239352257        46.288782032628085        974.46964531056892        97.554377948742982        824.09288883678778        36.710828302175990        766.62641042717769        31.522345295748678        734.29239112053847        21.455537306642512        671.55722103849905        15.574659820122866        487.48605630041953     

 RouteID =          4
 Route number of clients =           17
 Route length =    1418.9713114524134     
 Route demand =          240
 Sequence =          176         155         302         247          66          86         105           9         198          11         261         229         263         250          78         279         256
 Visit points =    220.25737879490157        170.04882842120642        234.68122346348375        181.20063276606095        255.72226667878516        197.47427617162782        264.25698939121378        204.08015442889482        308.09477641682497        238.01267313139701        339.57589638422888        262.38054761934876        410.83276145769253        312.64536875279185        516.44060177008623        387.14147797846351        542.66723885995168        441.22913871038196        545.61198415575677        447.30213937591401        386.00157098024647        330.02159283893917        361.03833516560678        315.55686383591245        191.82541509759494        172.99797805968583        189.55572790246967        171.08550229782981        143.24932278662169        132.06696371112508        143.24932278662166        132.06696371112506        111.02989955124910        102.36265993890002     

 RouteID =          5
 Route number of clients =           29
 Route length =    2033.0909878850612     
 Route demand =          242
 Sequence =          246         230         177         180         162         204         240          94         166         199         266         264          71         125          23          17         186         196         197         228         211         154         167         165         260         100          65         253         212
 Visit points =    201.97803892631367        137.27269685673429        215.40400515617026        146.39754331642558        215.40400809058048        146.39754531646952        342.46582883503385        233.00071430119658        477.48960611523836        325.03061700715290        543.97090542186697        394.27311277363117        577.52079698478781        440.61035174829362        582.15783546103319        447.01477065991719        628.37543798411821        515.64894403639107        699.93296912794040        621.91294481636601        704.62771150472247        614.22830748609647        726.99483353067603        577.61679548377060        745.20118025767636        547.81599275479232        763.13406373931798        518.46279660111747        763.13398144380665        518.46270266806516        681.51755324952819        425.30476377159113        677.01844146261078        372.22121485644277        669.04627390450457        372.62215709225734        642.66500421903118        373.94894371261205        612.42855141304062        375.46961809668335        604.01964320103514        373.57944918782044        548.58974182663121        327.38919037348450        530.91309450908625        312.65907369779126        514.14955963697014        298.68986222191188        510.51338778245923        296.18581019937295        448.90989371124260        253.76252546569637        433.32246070990573        244.95159567315707        240.80674402388010        136.13003863040149        232.65006021919430        131.51899799726317     

 RouteID =          6
 Route number of clients =           24
 Route length =    2217.2494836191495     
 Route demand =          245
 Sequence =          288          53         108         130         121          79           3         137         106          25          96         142          50         140         118         114          81           6          63         116         153          51         146         139
 Visit points =    209.73786398756479        80.923179928442494        248.62617293821771        95.916746176154732        373.89035317755793        144.19951739436812        435.13323558475804        167.79157436876582        563.23823612762953        217.12637537716856        569.65731326396531        219.58527971310960        678.08522790109726        261.11989033947100        734.30669824676158        239.66413242499308        847.61708295826816        196.42157457975981        858.54616771964993        168.77485601120623        818.56168793812310        133.43725479048885        860.39911727907224        114.86813631867186        868.85163449217077        113.99448347022266        958.08830521931873        66.649649702132223        986.57169635831315        42.534516367281221        994.02060135750253        32.914804409161476        892.97670690756900        15.622451101953795        866.77513165010532        29.661707748272740        785.74254340842936        37.533651935608070        748.86709414513655        29.546903252951839        739.08501162820914        47.286784735304508        709.37557952636223        46.023699035391061        692.92195929951799        62.625769156094023        589.56774949914177        65.199224159824851     

 RouteID =          7
 Route number of clients =           22
 Route length =    1221.1187442855903     
 Route demand =          229
 Sequence =           67          34         170          22         215          73           8         268         141          90          21         192         225         172         305         290         252          91         244         245         220         304
 Visit points =    39.832379798209161        129.43243444206209        78.882606319468962        256.32331843558825        99.164099277787741        322.22656150098913        102.61259602910233        327.49031564633583        114.34839351023372        360.65067391281673        118.83776849343676        373.33573286018162        125.12157859970593        391.09110012406762        171.13971990439234        445.71799503049408        228.15314723628381        509.24375811360420        217.87416586856179        516.92827849592959        190.81209333338077        516.81812832982064        104.96860067805625        516.46872142600500        87.499530834556538        451.07708557950889        80.535203297763545        422.29866507653321        76.424617094456465        405.29581909187317        61.474253198902773        343.45579867672853        61.212736156399380        340.45736411753359        60.955635285063821        337.45842745591665        59.676950512610347        322.50337604586088        55.458403766580716        273.16472368860684        54.844766063356033        270.11250580099073        36.611851202557972        179.42246412157280     

 RouteID =          8
 Route number of clients =           31
 Route length =    2129.5545053673345     
 Route demand =          246
 Sequence =          195         203         307         237          87         131         102          40         145          72         254         218          88           7         214         201          43         271          27          48         168          46          82          69         124         303         251         223         194         258         160
 Visit points =    93.408331651735992        156.02774779244979        151.07926754275141        252.36033484375332        154.00000000000000        267.00000000000000        160.68334154023214        276.20985199303163        201.19645143713043        332.03817434970978        243.01589816080457        389.66666938276961        322.10767195167671        506.74266243356095        401.60135067599157        635.70104816243906        424.43392974825508        672.74113218468528        424.16666517514255        676.41170492547110        421.80762731459367        708.81038749148343        445.24936192165319        767.53746981306108        524.13857837423575        772.76104632890610        606.82576260909934        772.17825724266390        617.82303459806906        772.10074716473696        610.07197623027128        753.12747458717001        532.90304081479235        724.76914362108857        491.64754458582672        671.44527857533160        502.89957527071061        616.97023779078791        508.20700357498527        598.92682399722275        525.99865757352336        538.44137666503718        499.14749187546107        508.45205021306208        473.27627116416687        482.71422554156533        405.02341845429589        414.82997152079753        382.24008404832688        392.18779040647007        340.95424637706219        351.17613850608660        283.35152913201966        293.97281771476582        239.47697250365093        250.41657483507274        219.20185376139503        230.30013775271863        199.82217030511723        211.08040414850160        151.26625452758424        162.92524370646282     

 RouteID =          9
 Route number of clients =           20
 Route length =    841.14595193337675     
 Route demand =          203
 Sequence =          217         158         262         231         235         159         289         278         273          75          14         184         209         181         294         208         236         193         287         133
 Visit points =    11.103760885223915        275.90651479807491        11.103765219854786        275.91171697399727        11.129600982012331        308.16879998582056        11.143392821235068        327.14169735100074        11.149543969818682        337.62416951080269        11.155112116836415        349.51799921740292        11.154950257286231        351.90813736414094        11.153346453818795        375.59108868229504        20.970782217684160        412.30691249504179        22.055091591670831        416.36207647995280        27.000000000000000        417.00000000000000        27.044162019116168        375.77971509583040        27.091761200141722        331.53641763941073        27.096998609330253        326.66826134687511        26.001227024444685        316.19242989181095        23.463107160651681        291.92741318711791        23.185238285793378        289.27092214220136        19.866114909076785        257.53933100333381        18.573625327712808        240.78382024359425        8.5968708958840505        111.44767808810069     

 RouteID =          10
 Route number of clients =           32
 Route length =    2522.3133515737354     
 Route demand =          243
 Sequence =          109         190          31         265          30         119         299         272         267          39          62         148         286          18          35         207         238         189         233         248         293         171         285         156         175          85         281         232         149         213         257          54
 Visit points =    167.90414507768077        223.00815239287493        245.27175707714895        325.76665997946117        250.19350199947704        332.30353794465179        259.00000000000000        344.00000000000000        265.33309636778125        350.86686633581780        476.91469217636450        580.28111383219448        563.63882337513269        653.21485028868176        714.98522473198761        743.30139666692025        774.88172087885857        714.20096274081038        808.44998207012907        774.08830123346331        809.34353702230783        775.68244480789531        831.22653472120976        765.31095678341421        844.62379430039232        761.57926840363132        918.24500018866956        741.07273145888325        871.57709968133599        661.67644875658709        804.68879480622923        649.70455073324831        759.70785776337129        641.65370847798692        757.31168154522379        641.22483264710479        737.82756418591202        653.13489564938618        733.23846309224803        655.94007702565500        726.75757398507119        652.06926858311942        715.76429847566112        644.26655586754237        698.07525223963671        631.71137648773765        693.96146489060334        628.79152781933965        693.47460552877487        628.44596896111000        673.62677858664222        603.49087909308753        577.00000000000000        482.00000000000000        559.83045043904269        441.13897852619806        556.33484289046567        437.13940396174695        261.11952971046691        194.91823332748140        253.60580529925730        189.30945145524495        119.90697050288883        89.507110394324229     

 RouteID =          11
 Route number of clients =           15
 Route length =    1917.6121377535771     
 Route demand =          244
 Sequence =          152         219          33         151         239          12         224         191         122          19         259         113           2          52          58
 Visit points =    22.598618268383309        519.19187893481910        74.805448189578030        609.83067462745839        83.691648481229748        625.25843559158284        105.42661042937060        710.46166481825105        107.86597304163649        780.36350599716150        108.71737892664878        804.76120671359467        226.92594405151684        784.43378494338390        243.30835317022542        788.44502056643012        284.40185888140292        774.95020134282163        298.31982126440755        767.62457472379378        306.96972903769409        744.88351006483970        365.99901279579836        691.63682154473793        376.34362108953229        660.52231846209281        270.49841130517433        453.34815672145095        168.03195867851011        297.34879443001449     

 RouteID =          12
 Route number of clients =           22
 Route length =    1312.6788670241299     
 Route demand =          245
 Sequence =          182          83         178         206          77          20         249          41         120          10         295          29          56          37         234          57         270         132         112         291         210         277
 Visit points =    106.23148248715508        24.941115177774943        172.64973154228423        40.519306108292390        230.24941215417135        54.011996321323394        261.55215259518320        61.328885051044331        377.01149757618953        88.307699892871611        404.48937704188700        94.721464865117937        480.34546012457815        112.42745594113718        550.27112829279042        144.29644206624536        588.62221466924098        161.77514869331387        606.60744851029176        169.97201234513426        604.74806393153222        166.09214321335116        573.89158671582300        101.70573556406734        540.97302931834759        85.941691379164553        441.86534342754862        38.480986446637978        392.14063479049429        15.184219138434354        391.09316399825320        14.693463456242265        363.36390003531454        38.786715694312193        346.84053493560469        38.630579478300071        260.33306879756469        25.164154663072786        241.57356226620939        22.243904012427780        217.51443066171063        18.498672515823205        160.14256109931452        13.619440257868408     

 RouteID =          13
 Route number of clients =           20
 Route length =    2989.4519269455486     
 Route demand =          245
 Sequence =          283          89          93         111          61          42           5         128          16          59         129          64          80          26         243          68          44          28          45         301
 Visit points =    524.00000000000000        915.00000000000000        536.78830238727357        924.67575760272962        610.89202775558613        962.28243203245995        623.27511019247618        939.69822619210368        655.44634745256326        924.94955149439932        669.01599653579251        931.61031949435665        718.74597387152050        937.71704031070738        807.30446367975094        948.59175811426519        932.92904733649084        964.01808143363041        933.40109648750422        960.59088166904780        935.93005120896817        942.23005380984398        951.15124854379656        831.72045009737928        863.83185849480003        848.09716904196569        828.57240920811148        854.71006556798341        752.45025116862632        865.25869654081623        747.28576599595704        860.38571726769305        674.95240169973818        792.13516117430572        672.93452887257934        791.90347035830871        634.31220999767811        787.46888139146097        625.94242593246020        777.07818672810379     

