 nroutes = 21
 
 RouteID =            1
 Route number of clients =           15
 Route length =    1187.1060998005842     
 Route demand =          790
 Sequence =          222         282          81          64         136         269         213          13          87          38          73          11          72         279         178
 Visit points =    328.81583749188422        611.49784474849923        159.59400122713529        755.80707630408301        151.16291767438537        762.99694739598363        148.97568025125861        777.14902711840637        147.29089477478354        788.05009260226689        110.96096390130839        776.89522685784675        104.28087262704950        774.84414887522291        86.547169035772797        772.01386343227830        37.781551020460256        764.23090833355695        22.681431284728813        701.25952822817032        94.413048813572772        707.55826536478912        111.70306042921247        709.07649738029068        131.30734749176730        665.77838676147383        283.58447578976666        574.94495495534807        300.52175123730370        555.81666643335382     

 RouteID =            2
 Route number of clients =           11
 Route length =    843.32349600954706     
 Route demand =          788
 Sequence =           32         152         261         247           3         265          37         181          78          28         168
 Visit points =    373.15419306858615        612.89628103650864        235.73139873795111        735.20185694872055        223.04763106195952        746.48701551793727        197.39650438321149        769.30898870917031        191.00000000000000        775.00000000000000        192.18784848208270        764.31241792540982        192.94798303632729        757.46859673987205        193.97768542656806        748.19459140037031        195.50364560829047        734.45037238882651        195.91788426764728        730.71935310965898        211.81176849385901        700.80974816640469     

 RouteID =            3
 Route number of clients =           15
 Route length =    798.63696039119304     
 Route demand =          791
 Sequence =          258          99         224         131          21         114         246          67         200          69         153          27          63         238          98
 Visit points =    405.76567688052091        389.75703906050285        381.79859784740205        341.27080177695018        325.00000000000000        348.00000000000000        280.43678819697328        331.39059731232823        269.84244227735655        305.68892699760352        251.44993847494823        261.06908235797124        222.03846365223671        338.92634460101357        221.57086616755240        341.37705512217917        221.15078371446569        343.57873610049256        223.93052424927603        366.65201473804137        253.74797112790881        386.83193662665354        280.19426465450624        404.73032141400051        303.63822746666989        414.90981932282955        312.96910773672482        418.95370320357603        391.74581239106908        453.09009697681938     

 RouteID =           4
 Route number of clients =           17
 Route length =    1104.9260017513802     
 Route demand =          787
 Sequence =          293         241         236          47          93         197          75          58           7         103         230         299         289         223         117         176         146
 Visit points =    389.11436819060782        409.92508969490785        197.16819139440366        254.00286265612036        185.82733202908767        244.79042572047243        170.01814103909575        236.86315053404343        163.05463010517784        233.36582219050268        160.82007609918173        232.23821304217941        152.88925466912335        236.56520165152477        129.32581610991849        249.42121299182014        104.82767998846164        256.64832238767087        96.421947611811447        255.16789458649345        97.303691128211312        249.27658700496161        101.81098249798804        219.16143523457231        106.05068588256930        200.55120763521097        169.42060364252458        173.32478939399746        205.63509800575554        172.29657256090687        297.04936215022514        253.89679696843407        361.48085001330577        331.34066037923537     

 RouteID =           5
 Route number of clients =           22
 Route length =    1551.4753527163814     
 Route demand =          791
 Sequence =           12         125         231         242          34         296         196         274         172          83           9         167          77         134         233          46         162         188         115         243         110         118
 Visit points =    453.95124603585515        385.98450848801139        331.36132696501880        82.455125517965755        97.851834578164201        28.303096278234911        43.919980807037284        157.05553195056353        37.859442448042813        171.52395868993631        25.005559216338735        202.21025367532411        17.132650979339079        221.00538198002030        22.899593021349354        234.20072642543192        46.011500671794920        287.08309979013188        41.630082499573618        312.24863884723743        44.795555123937802        322.91844452941876        54.022080783518312        354.01814040158212        54.765042972702247        356.52243063830275        55.508005161886182        359.02672087502333        96.901270275903173        313.68126248717732        116.63462562197189        324.73694158800180        120.38743654863679        326.83588097033328        190.77665346325938        366.20339626223983        219.06937379221074        382.02704296583386        256.92583848100804        397.96988997870170        267.81795598429926        402.54320570192266        340.29416857640274        432.96459066317618     

 RouteID =           6
 Route number of clients =            6
 Route length =    908.73627277406649     
 Route demand =          384
 Sequence =          105         245         201         135         199         189
 Visit points =    705.85044494765884        330.37591323616363        822.98263489273995        221.49909588623382        833.80167015797338        205.06019529630342        835.66178391005167        195.82318602437303        825.76414752203596        204.79242722700755        819.02240248741452        210.90179869426001     

 RouteID =           7
 Route number of clients =           15
 Route length =    1224.6545518031664     
 Route demand =          791
 Sequence =          286          35          85          15          59         137         141         159          89         218          82         275         140         190         227
 Visit points =    466.22318104140049        603.36871319226543        387.09871974677441        845.51684905081959        384.00000000000000        855.00000000000000        383.98777372195440        855.04130221768901        379.90930828519060        868.81897574003347        375.53252805483390        883.60440178516717        312.94525791756041        980.68511855894599        301.57578202212864        975.82426059494969        180.90542313552103        924.23336226269339        175.64872646693343        921.98593625107890        209.15391686124309        886.54203150550825        217.98645704962058        882.31949318547959        231.62511467683808        884.47184031589666        273.57592928107596        879.12148323743156        292.94274017824318        854.49331319789678     

 RouteID =           8
 Route number of clients =           17
 Route length =    1583.4011472077827     
 Route demand =          788
 Sequence =           54         156          22          84         267          45         144         155         277         229          14         175         251          39          71         129         139
 Visit points =    656.88738666749884        503.69553787137738        915.34861699322062        391.35588258126836        959.91132775966184        233.75761333678085        965.40870678568945        214.31585575556699        971.02843564907721        194.09170823746132        947.31458663282558        150.22248952327672        926.84411344058344        129.33379184706337        921.30193487055158        125.88180850260082        907.34651914713470        117.18958358895837        907.14315588677607        92.079798112186253        894.54846849724220        80.165028226817711        881.73903632753468        76.863112994438097        866.93786078206233        90.027734320138038        855.71863655143886        91.876211628153882        812.48719482360343        98.999015966852141        808.40764637979942        97.221476501596271        622.00000000000000        15.999999999999998     

 RouteID =           9
 Route number of clients =           11
 Route length =    462.90082998821640     
 Route demand =          680
 Sequence =            6         272         219         173         220          19         298         284          57         276         208
 Visit points =    378.27898659863502        531.24761295364044        350.41775709563063        528.62063415165085        320.79182702515322        525.82726531356786        337.49570520116930        601.06538861820206        338.03092586631016        603.47614605012927        338.83237316490028        607.08604969775024        344.40840253011095        600.68038548256334        375.28182322130272        565.21343343316198        379.55715345727140        562.98237861033761        383.82731598530739        560.74976361423455        418.67037095354050        542.52941025948007     

 RouteID =           10
 Route number of clients =           17
 Route length =    1136.5978680974767     
 Route demand =          761
 Sequence =           10         285          20          26         121         180          96         182         191           2         281         142         290         132          65         130         215
 Visit points =    710.20912711274809        194.75303259988510        835.54894294447797        154.42976622391970        845.50547513685217        148.65170668976131        859.07673383152314        140.77234977521104        861.68191921587641        139.25801717886137        864.28710460022944        137.74368458251172        889.01613026732434        152.61397476852486        889.04632163826818        152.63267143906174        897.15016835541883        157.65170780867621        879.67694182417051        172.53657869253672        877.65918816791873        174.25584288484097        868.94587974088722        181.68017792627813        871.43694988073310        189.75764230806243        875.03895340263909        201.43738375165643        886.06952696788801        237.20476888416118        832.57064539043233        274.98403007719850        553.27607820936976        472.21324482355084     

 RouteID =           11
 Route number of clients =           14
 Route length =    969.09361901300838     
 Route demand =          783
 Sequence =           29         226         300          52         174         259         160         291          68         239         240          31         217         205
 Visit points =    592.59769381923388        728.91542161501172        597.16907305038671        740.21451368272221        606.48311694608174        763.23484299377674        620.31939130548130        797.43219011372082        617.17080675761758        820.65533157938330        621.49687430340134        820.06028917613367        635.21089468188325        818.17570708681944        669.33698452889394        813.48609631411603        671.94000943359219        815.55338884357457        705.17069621502299        841.94481921676584        739.86228931222422        832.05642747554316        796.91835767987254        809.70763154998792        726.24870750412572        735.99400148204006        593.75133621752923        597.78952208095779     

 RouteID =          12
 Route number of clients =           14
 Route length =    962.73842939550320     
 Route demand =          785
 Sequence =          119         102         161         111          49         179          88         177         263          17          79         292         128         185
 Visit points =    276.96210361866866        525.26483410821959        169.01182436385554        537.50635230808746        149.14834949983356        539.76445954747942        134.69781438106881        541.40721632534166        111.82633501918725        558.56396082537606        109.57613610740542        606.45503304243584        108.00000000000000        640.00000000000000        129.00000000000000        675.00000000000000        138.14985444894302        691.09415327264162        163.56758534217590        701.11714463803457        166.55294861258025        702.60729497247610        184.07999049087749        697.37703198874647        221.88328006498347        693.26373551527195        273.41060426301209        657.45731884983627     

 RouteID =          13
 Route number of clients =           19
 Route length =    1131.1540239124949     
 Route demand =          781
 Sequence =          278         165         112         124         234         266          97         253         186         150         171         268         252          18         126          92          42           4         209
 Visit points =    467.78776072413740        870.40556751868246        467.05972298485005        878.77720631368550        472.75358119004545        904.46021100199800        473.01303517219122        905.64520234172960        476.61548364746898        922.09848708119978        482.90150013516597        922.37429359767316        513.73409762174902        923.72711081080729        518.91036191059766        968.45683132911404        521.75422797590636        993.03156847435480        470.25418330545489        974.97509029598507        462.13717292411786        965.92325117392511        448.13194258750639        984.26061168569026        444.26865798062147        980.47955363630433        413.31373949450466        950.18348290379015        410.43512134861999        947.36613357047702        416.44306725317858        929.95192535994579        422.69734602496624        912.16180774818872        435.21050845325476        876.56847406142606        439.53844281132342        850.01130533806929     

 RouteID =          14
 Route number of clients =           13
 Route length =    817.94142813185306     
 Route demand =          794
 Sequence =           50         228         237          55         216         106         154          44         183         297         260          41         214
 Visit points =    383.80249931188860        634.12126647277955        351.14266852054101        699.89057047387473        341.27599861409101        719.75974912031404        328.47113714931294        739.69327724885056        320.67117406725617        751.83560178124787        312.00000000000000        756.00000000000000        295.89349520815381        733.14574114596905        241.16246090824740        701.41673482777492        222.31993255199151        690.49323029485549        194.42024200972907        672.31332117781551        207.03713187469643        664.88914793593563        236.56418468674875        647.51450507664481        269.38616054998420        629.13538863287079     

 RouteID =          15
 Route number of clients =           11
 Route length =    628.83809017288559     
 Route demand =          774
 Sequence =          256          76          61           5          30         133         193         249         248         143         184
 Visit points =    354.56374249508104        440.21617252949017        268.37651031274373        435.98802993807465        230.67794141065542        434.14543108509747        212.09384746288274        433.24220745365972        206.77329004562571        432.98701000751606        196.32127451513364        432.48568515351019        228.24892788262417        443.88358651211416        271.56531258004276        459.34716832659325        290.96742814569882        465.89753101442949        343.12345278658751        483.50596534198746        392.00818305891431        488.64571662847175     

 RouteID =          16
 Route number of clients =           12
 Route length =    699.68897565400766     
 Route demand =          779
 Sequence =          301         210         273          33         302          74         100         148         211         107         147         204
 Visit points =    495.12896914185291        720.36304521259865        494.09691763211436        767.13671532571357        493.67492915966653        786.26168090694932        462.50852098099313        774.96306093036856        435.50541358808408        765.17374395581737        405.26177769278792        773.69169319175637        392.56675357555059        777.26717503375494        398.34888755839449        747.30520286393767        421.97337567945186        624.88737966760266        429.96382392537407        583.48232252450646        430.75322391210494        579.39179461500771        451.90354118626988        555.14284412319864     

 RouteID =          17
 Route number of clients =           13
 Route length =    861.67549841472703     
 Route demand =          772
 Sequence =           53          60         198          36         163         123         202         108         264         235          95         164          51
 Visit points =    522.46100217222715        582.24856249670188        557.07393013859007        708.93549108515413        580.62213702242627        795.09729350443217        600.00000000000000        866.00000000000000        608.79815682856088        881.14315189679553        610.31839381691623        883.75974308542493        614.97281871722453        891.77081456676012        598.90650977284997        889.88371874225209        551.24628278816738        884.28570518174524        551.60624177822490        853.63633591591156        551.80796452637662        836.46028206480503        547.82685906800850        818.08663878408106        536.10671921189680        740.13839034048669     

 RouteID =          18
 Route number of clients =           15
 Route length =    1119.2700051072097     
 Route demand =          793
 Sequence =          166         187         254         138         145         207         194          90         195         255         262         280           8         122         192
 Visit points =    629.43410940929073        792.52774198984184        664.01117953603523        873.21605157838519        713.36315566013593        945.00103065972530        717.13383467386393        950.48567657222668        717.75358669467653        951.38713765532032        685.20324832384540        961.28746921116351        683.62503831004096        961.76906937583306        634.40813381614532        976.78790026744866        633.15613179740808        964.06159586730939        631.90088008017335        951.30225905055295        616.52615071316131        933.06341521501884        616.10013898570162        932.55804297829422        600.74305741641558        902.08213727993052        517.35058084403943        842.32663337721249        505.50628434730834        608.63888650040678     

 RouteID =          19
 Route number of clients =           13
 Route length =    897.92800452959477     
 Route demand =          790
 Sequence =          157         104         101          94         221          66         257         250          91          40         151          86         271
 Visit points =    441.81666865506304        604.21110407038623        381.16303596562597        712.83594827773265        339.19334478863772        787.99120478866246        329.34409906325067        805.62304752963098        322.40977219395273        818.03471285446699        318.22169650259900        825.53089738916390        302.18159074922949        850.69722453249597        265.38432859473909        820.78948414948934        243.27612493181417        802.82058166132663        238.96797640409230        799.31904431440171        228.87946541409670        784.69333079638784        226.80389442761705        782.64077190613466        291.73519142736001        715.46473414226023     

 RouteID =          20
 Route number of clients =           16
 Route length =    970.78651667296936     
 Route demand =          779
 Sequence =          232          56          25         113          62         149         244         169         212         283         225         120          23         109         295         270
 Visit points =    450.61365292008497        487.13980093741088        183.66040341197942        417.62520566831779        163.45135301992121        416.39715790100701        135.21230000457433        417.92198757660043        127.97120672426198        418.31218014016690        84.363641039211998        420.66201146906366        35.347279109075664        421.10964095353228        64.722589821070954        468.36873111349149        92.552881901784829        478.94606266493133        156.80100488964362        476.30736733954723        158.51782388314524        476.57264148581049        199.76625200499802        482.94613898097180        264.60056144432718        492.96400699745402        286.75645615867001        500.45468973529785        306.48142009618658        500.41281875984242        356.16270114245634        500.30683738668898     

 RouteID =          21
 Route number of clients =           16
 Route length =    740.43138357167470     
 Route demand =          786
 Sequence =          158          24         203          70         127         116          16         288         294         206         287          48          80           1          43         170
 Visit points =    348.66223940351841        527.43447062456835        291.71433029005129        537.75797305744595        240.26041905812727        547.08552495624281        207.46147159890950        544.02699923550699        195.53717064696184        542.91504949356272        199.33131213738434        577.35882522657744        200.35410630055807        586.64390140687260        200.10281030387526        587.06889033464734        185.82900770848443        611.20858273070019        192.48603726605083        621.01018117699311        198.71387950516393        630.17985787540397        202.60768642501452        635.91297525542120        204.06396209127797        638.05714919732577        216.24493551442995        632.38621101039655        230.11592731416627        625.91820249075579        263.81068608000032        610.19743981317310     

