 nroutes = 17
 
 RouteID =           1
 Route number of clients =           12
 Route length =    843.90909065066251     
 Route demand =          214
 Sequence =          233         362          80         353         296         158          18         190           9         159         218         163
 Visit points =    620.77698416912335        282.80216062940622        550.11523711115683        274.68016883075848        550.11523711106486        274.68016883068833        544.09892805925472        270.09183936637095        533.36904454576154        259.52819957441477        520.94654818221181        244.53411258707777        525.57199837324492        241.43567033325712        547.93826405185928        226.45321894438598        567.90439552212206        231.27521719456129        579.50405073227876        234.07663709748621        652.52354424144244        251.71149428513777        713.43781252212307        266.42283194752912     

 RouteID =           2
 Route number of clients =           10
 Route length =    1059.0644510135703     
 Route demand =          218
 Sequence =          347         113          50         196         250         244         338          15          24         210
 Visit points =    879.19954856336426        572.19123091263077        861.42050889174516        666.73513669008310        859.79257665260184        675.39135682777487        842.00000000000000        770.00000000000000        829.85478743104409        800.38914537290236        828.95366165107032        802.63476947403615        826.44722156052273        808.88087007449417        823.27157506020217        813.25048068838839        772.91586623757996        789.68717210251589        842.02779505522744        566.64998625601777     

 RouteID =           3
 Route number of clients =           26
 Route length =    1126.1257909265350     
 Route demand =          218
 Sequence =          160         351         271         101         144          52         103         364         326           7         348         300          42         298         157         220          91          44          72          77          31          71          11         137         174         204
 Visit points =    485.71337112243708        193.79211634516267        457.66237945494282        185.89667134085545        448.12653958744681        194.37841006616790        445.24308800493924        196.94312206739190        437.88259365978780        243.89989210616386        436.76695606043256        251.01717740562731        438.14299255384856        262.04030743171404        440.33577027436218        266.29287355775085        453.86154243599788        269.12472421181457        454.48860234830323        269.25595142734869        455.34901882296845        269.43479894882563        456.20803033223314        269.61158329229596        457.06575029582984        269.78637353752100        454.50246838286887        281.23067310030382        452.27058274832950        291.19526305520742        452.19403106914439        291.53703956993303        455.86583744729609        299.88381974930297        461.72401561347459        313.20067809336689        465.22506774420128        321.15929832606014        468.67694365304561        329.00613077044693        472.12881956188988        336.85296321483378        473.74884255469055        340.53561268319675        473.74884255469055        340.53561268319675        488.62041375470335        351.28741346362602        490.03847802188591        351.39344923675657        521.25244469086510        353.72747398077632     

 RouteID =          4
 Route number of clients =           27
 Route length =    2069.8359378895966     
 Route demand =          218
 Sequence =           92         279         243         278         180         141          74          51          16         176          55         306         134          65          34         270         290         337         275         224          62         213         106          98         330         236         173
 Visit points =    501.20040463669937        372.04355172197955        425.18808367727513        403.24772886095116        403.82251242581077        393.53122565732411        383.31506359093777        385.60071706144271        380.86275652859746        324.27208822946102        375.88531436542758        328.10365724704030        328.17168841866908        368.67747968018790        308.60767888276524        385.31395685498740        268.42243008195135        376.74393817367826        251.56452793241849        359.77529443534343        234.97224964124359        343.07401947047151        220.63537300722697        337.21105303517243        197.87648269015730        357.25209280657873        157.05242535758180        399.88739605372314        160.38527294570423        421.35510413378825        172.70633013829402        494.07594083881486        132.52230154983519        508.04126455481935        92.913817646878940        538.22487227198769        114.33400079248344        558.95885273686781        199.34704369974398        611.51100293918171        234.00000000000000        661.00000000000000        247.55752274063906        660.53175180197036        327.40943806178024        657.77383531725309        336.58405963688148        648.32976961206884        359.23707205507219        625.01147403219750        374.48032333257601        609.32055256333115        512.38958530531374        536.60675774642357     

 RouteID =          5
 Route number of clients =           24
 Route length =    1660.5285081124691     
 Route demand =          218
 Sequence =          257         309         191         193          85         133         206         175         343         136         112         335         122         318         273          23          58         168         104         181         132         131         313         346
 Visit points =    600.62377470364038        706.18725696480305        617.09865839069687        718.13188263639518        630.91654665211854        728.15013259734872        642.25864851779158        728.21374521962377        641.16710711297628        723.09600414783495        664.49025561546193        740.34704595374546        658.27200381665557        763.86127368936843        657.59660758637028        768.46646100178236        643.92517973311942        763.44576355122649        606.98568648314881        765.45812020259109        606.98568403973422        765.45812179578081        581.26417887334321        782.22942007264180        551.46986191962151        798.48237731936126        418.33328650109632        705.30397398917148        435.75314610784130        665.27285102013320        428.00000000000000        638.00000000000000        449.08121211491107        591.39524738152988        421.01044644247946        547.34236481473863        413.39736805252033        520.56549130352425        413.39735836514365        520.56546941607928        461.34006083431439        513.73366289265027        470.38383597514525        512.44493032603532        680.83181156457692        451.41935409127041        762.31000999879848        427.79235556067209     

 RouteID =          6
 Route number of clients =           36
 Route length =    1495.7632878078739     
 Route demand =          218
 Sequence =          288         216         192         240         111         249          37         261          32          30         130          63         153         363          45          40         225         277         258         172         151         200         110         329         269         146         142         161         299         203         182         285         211         333          88         162
 Visit points =    883.44340260970284        620.41873477449190        883.05933660532628        621.64885875381469        882.91091305333930        632.09328756585808        882.71829060745461        645.64795188099049        882.71829060745461        645.64795188099083        885.93816524107876        657.15079640494605        886.18126527890342        658.01925939094622        874.10168354350208        666.51908861374329        859.45143122737773        676.82777690160037        826.10422535029545        697.46146839508435        822.09884402858336        699.93981104275940        805.64235580211778        710.12231635917647        772.44567133436078        722.90405982053187        756.46581639280157        729.06589701606026        752.61866149558966        730.55782912797258        723.09154922798473        742.01158869893220        706.05821732348966        748.61892932060505        712.55265533293482        774.80969302387268        715.16091895948409        785.32829620700113        730.28406036674585        819.17012301928708        742.28096604157361        846.01621228060310        742.71110506598632        846.55312677667348        763.20755594271725        872.13750989266089        760.65452770808020        875.17230014242602        775.01676683961705        893.12616601268701        813.24030495256329        940.90842824084802        822.38165460837320        933.96337327533718        844.49077870707504        917.16617287427903        909.45592008122503        897.98088901889264        968.80014585839297        755.80396149101034        973.44728974060376        718.43116315070165        929.82194779646511        685.18824335239242        929.82194779646363        685.18824335239128        929.85719926930153        683.55976417825389        930.41090241682150        657.98086004174752        918.71896879436918        632.86166038184706     

 RouteID =          7
 Route number of clients =           21
 Route length =    1164.5154701606898     
 Route demand =          218
 Sequence =           61         214         223         242         170         226         331          79         121         248         207          83         217         234           2         324         187         128          68         197         314
 Visit points =    718.73494338222918        122.34075239706544        575.00000000000000        132.00000000000000        526.15917102894741        132.65096803503766        518.20302095897887        174.65267863137581        512.51573140661503        204.67673395401619        508.56511695999535        209.18729679949550        485.88432463168772        226.13500873864493        485.88432463168726        226.13500873864527        494.20023749332512        242.93862312542882        494.70404989146249        258.53255952068935        494.75359842587898        260.06617937011180        498.33043092235016        264.05175889281651        511.69459621803401        285.41470893487212        496.29619502091867        289.00501769114760        479.81189147061247        292.84851667653936        495.07435966891029        327.08258292846278        495.28735618584949        327.56033900156876        507.44085010381679        343.01708219044417        508.99999999999994        345.00000000000000        512.55526102414115        344.77026068741162        536.21720725721696        343.24186278665348     

 RouteID =          8
 Route number of clients =           22
 Route length =    1841.7302127125283     
 Route demand =          218
 Sequence =          152         304         238          69         359          53         325         102         365         341          13         302          89         229         274          97         280          33         252         189          81         219
 Visit points =    366.49151879312842        432.39074930908646        348.55679489487125        433.64563304790437        311.50226770733968        436.23990906029343        298.30419035034811        437.16393800076850        293.82199127649761        429.69056911148090        279.00000000000000        414.00000000000000        281.57693980520293        400.84090639542700        291.02314380315960        352.60404716960028        296.97669070763237        346.81620039080047        317.66192715274127        326.70667894945746        313.90683022681390        322.23667952741624        308.99410592633149        316.38866142908688        290.70451965143764        304.83390476159786        254.41118372780437        272.81807995087098        249.22492335077689        161.66574532172967        247.97025407786577        134.77557615682315        245.54115888726881        86.030183587340616        315.25346076104114        90.209248718634910        360.53068145008535        107.21814619414101        426.21854270017690        165.02504057714799        486.63743220843583        90.390198378693654        520.38372751493614        127.10842291958296     

 RouteID =          9
 Route number of clients =           21
 Route length =    1190.4044343830763     
 Route demand =          216
 Sequence =           28         281         334         167         195         239         171         135         201         140         283          10         358          49         139         292         230         231          19          27         267
 Visit points =    788.54259826910345        387.11705043397063        506.18934971636691        459.23029797217674        459.78498018007525        463.94715266566499        443.31847315318930        461.74593948485131        419.49465125228357        462.92228731943811        373.40842609296368        465.19788488711407        358.29346476483033        462.67533523757504        358.29345399727100        462.67532353349543        359.87079070242055        461.74393823441261        366.43151757058638        457.86994706875436        370.89556163067857        455.23399497548951        451.70821234184899        407.51531758893725        455.03089435077908        405.55332290806825        472.55891058399709        405.89545643165656        497.22796795951945        406.33453759665338        501.18211897918604        406.40491698769370        517.18151098477358        406.68968796906682        534.66165068412204        398.46684455117139        566.02412638416251        383.71360279712530        580.90467072756780        382.14906030990619        641.69119488173931        375.75795676592065     

 RouteID =          10
 Route number of clients =           32
 Route length =    1593.5573284600257     
 Route demand =          217
 Sequence =          246          56         272          25         227         179          35         251          21         360         149         215          43          93         127          59          48         276         328         344         332         263         284         253         260         264         123         118          70         154         247          78
 Visit points =    413.59396173526756        505.04799847210677        397.23024458198103        504.87517585727659        390.67219812049490        507.88489172405383        355.51655819347400        520.66821094614306        334.42936717139116        528.33595060595599        324.43654212216700        531.96954888195523        332.06196020711400        553.28869375764361        319.11427517740987        564.26171702881265        313.30955651705324        569.18114000829701        304.43142797261231        561.24665518642632        282.28361947626240        541.45290592132699        277.28445979993586        543.75209729412268        264.14541392977549        549.79494906669026        257.68170276235287        549.49004270618457        254.95377679827570        549.36136090777313        246.27670799566431        533.49932672386819        244.68310953865011        530.58616402162363        243.50534237603782        518.52421125873241        242.22724206533184        505.43470930676909        237.77817773464994        497.95584067215674        220.40143046167867        468.74556172537120        225.97380707194833        466.98045487072574        258.54687678001056        456.66260440229428        278.14600478106274        478.80737952403439        297.14720202835997        488.55235774161127        304.11525101504469        488.82479103407098        319.16245475864952        489.41309907639612        324.27454889530048        488.62937901476135        368.96644930461053        481.78104659598199        440.13051625838409        470.87648351611858        445.13017004378372        470.11038002577448        488.85610880738506        456.30754625442279     

 RouteID =          11
 Route number of clients =           28
 Route length =    904.93738570894550     
 Route demand =          215
 Sequence =          254         129         138          47         356          66          76         237         241         212          82         198         293          46         262         307          87         208         336         354         156           3         321         312          95         232         186         320
 Visit points =    856.34872809461103        469.18614082492456        836.47079440758966        511.72278596471705        825.74016901154209        529.51333863624723        816.62888823520984        544.61914231253070        776.77257741554865        604.81522598107051        765.57083840116854        621.73352085271074        763.65842004324713        621.94952022853136        744.29266539975811        706.06932603338316        755.79642407464098        695.65685565512990        787.86858483147819        666.62954007855376        798.30726914562649        657.18187653981192        830.58365385338459        630.43589360893714        859.96562851381668        616.46920904382102        860.56358201456271        616.18538313176771        861.16167565366220        615.90190150810383        861.80431582181302        615.59771308926156        862.32550719822950        615.35141192946492        862.84675406214296        615.10547449025921        871.99765864885842        610.78804930335912        875.57656411363541        609.09963893341330        881.34656329015274        606.37755055986031        881.74244028959629        606.19078932392665        888.37156121403154        601.15264333977166        889.94134311702021        599.23470302134319        903.03663807841065        589.74674176097722        903.93429516246488        572.74339948448403        900.34125661211181        528.34813501175302        901.58434543699150        518.53966759215984     

 RouteID =          12
 Route number of clients =           21
 Route length =    701.34844237317736     
 Route demand =          172
 Sequence =          287         355         295          86         199         256         303         194          90         124         222           8         286         259         126         166         119         345         165         322          41
 Visit points =    948.65397451238266        360.68352096159379        981.19583093682149        536.08698242672926        978.61372531156371        571.15884784854870        979.55778004439708        573.09483641573138        974.79503221787309        606.93822690081231        973.97925928978725        612.73499018914231        986.86866617962460        637.11146283640983        987.79166226256416        638.85703491444303        966.18459532952681        654.04658231651115        959.86535424456622        647.14863334411370        959.50176876058242        646.47176859690273        955.59853170224164        639.20535208365072        953.28847660643783        634.90486450275921        950.42969179498482        623.64044346913363        949.24675160823961        618.97916417424881        947.66653820731733        612.75227979885972        944.79087273533708        601.42042413778279        944.79085796456559        601.42018886092978        944.28872006788072        593.42103648160503        942.23742816425602        560.74280658273005        938.09724230124607        494.78677218325623     

 RouteID =          13
 Route number of clients =           14
 Route length =    1153.2015401426031     
 Route demand =          218
 Sequence =          107         294         150         297         228          96         349         340          99         178           5         350          22         188
 Visit points =    868.15871041759590        533.29343582886054        851.81160806903790        593.10789196235987        851.80617519521718        593.12998173744097        797.16212845578150        815.30997069895443        792.22329395370593        835.39103389506408        792.06338617691733        836.04121121319247        780.02203431617659        853.95660661168688        769.84143002193389        857.18298872275341        764.48756520932307        848.70585303251801        760.46289889624268        842.33332708387240        736.14574245197673        803.83033121196036        737.61048219511929        790.35193012409241        741.71042348638787        780.12636323542574        797.10902696148219        641.95801273252505     

 RouteID =          14
 Route number of clients =           16
 Route length =    1287.4056984935121     
 Route demand =          218
 Sequence =          310         265         177          57         147          14         317          39           1          94         301         184         308         116         319         115
 Visit points =    386.86364065396248        501.56955289728376        373.75555503259000        506.02438905055868        365.00000000000000        508.99999999999994        348.10446196313279        500.52198061050512        340.06314574362580        496.48692504274044        333.67600086790128        489.21992825766898        333.40718463671203        488.91408127987808        333.40718363779263        488.91407997931714        330.21536699288237        484.77125199234808        317.88905446903647        468.77506393736184        322.11019569929238        465.04806373050383        327.63330841310420        462.56325816069847        327.39880524796854        462.20778975106970        331.57597313955972        456.63308111222295        341.10583101740650        454.41423622090457        348.62031384794204        452.66463281095315     

 RouteID =          15
 Route number of clients =           14
 Route length =    1256.7184955165812     
 Route demand =          218
 Sequence =           75           4         366         268         357          20          73         125         114         148         327         323          60         185
 Visit points =    721.13629610889507        826.86180189380627        718.98729435131008        835.10295430544704        711.82427329340146        862.57224234007185        709.79864537705532        870.34027153267834        681.10697944923220        858.95604264810197        666.47773723558942        853.15147758077649        666.15533874988910        852.97161184184597        666.34037151337327        840.04516073810282        666.46341019375200        831.03491938345530        666.50967398098283        827.20796377202328        666.58684553861917        820.37617094570226        667.32980715530630        754.60375428628004        664.16980863035462        705.04565931832258        675.74541103435263        687.99934267899459     

 RouteID =          16
 Route number of clients =           15
 Route length =    1270.7127608372659     
 Route demand =          217
 Sequence =          342         311          84         145         183          64          26         209           6         352          17         155         109         255         100
 Visit points =    417.65999108750265        255.81319698355966        415.18772112332556        235.06375037868767        414.91079959163022        232.74234731909303        414.71012181718373        231.06246153786239        413.63020725327806        222.02268902604234        413.49856906869354        220.92076922397086        379.93049017241572        208.30596776367597        351.78645306809915        197.72950786380684        359.25330955343156        218.59408090844101        365.35402557921424        235.64125938234810        372.74198614615665        256.28537423880010        367.58029172113311        286.77623747419636        367.11330860545968        289.53477316825268        550.45799625593520        298.91571789978218        590.54692531060948        300.94754548758840     

 RouteID =          17
 Route number of clients =           27
 Route length =    1726.3231089348751     
 Route demand =          216
 Sequence =          169         266          38         361         164         315         117         316         202         143          54          29         108          36         235         291         245         221         305         339          12         289         105         120         205         282          67
 Visit points =    735.10484757766142        585.88544744141961        655.00000000000000        782.00000000000000        654.47595231461378        783.52071701552791        652.98489706783880        787.84756197276045        637.62492686218934        814.42400182610027        636.73653286763943        815.96113719435618        635.21392325175179        818.59561818700763        632.53466077916471        827.26653268078019        602.00000000000000        875.00000000000000        566.40619121374016        853.54987433249983        536.97839892409286        846.21917992039971        529.78065763982784        844.42616597993958        526.18361863995210        853.92652486772215        510.05656060121657        895.23354805880638        568.17890457544559        907.28404710630446        599.32905862047983        957.19893846686284        601.30614643921990        960.36701665806618        620.96791241756011        953.00660312586581        660.75274955770374        938.11308572294672        699.45498557394637        923.62484178193574        730.90704801317145        907.06138346074920        801.63808022470857        851.60666636964663        883.01020710249304        787.80909217882652        892.77598699181942        776.70402272529179        909.41480757846170        761.05431586531870        926.69806487216783        744.79848157564936        926.76301403911475        652.98999929818251     

