 nroutes = 19
 
 RouteID =            1
 Route number of clients =           24
 Route length =    739.00239901344526     
 Route demand =          216
 Sequence =          372         246         318         349         115         302         212         245         377         407         292         330         252          83         121           1          42         341         175         133         248         390         369          63
 Visit points =    85.518478040724716        753.46494567516754        73.912062687473735        744.70641911209782        70.126443111289177        741.85057946643201        67.117688278299880        739.58124744116344        64.108933445310569        737.31191541589499        54.138064988637034        710.59365016733830        24.136800504659497        630.20128056000340        26.722766729871235        617.71532982700398        29.935888875182748        602.20125063512126        32.690357918335408        597.79397761727023        46.405908187747187        575.84848696903668        48.332751292025598        559.13142829919821        52.138164791551340        526.11611916826041        53.731281179831065        520.21881684574373        54.256230616128228        518.27559063034983        66.496775587897929        507.55456100164685        83.062794241392169        520.86487290404943        97.195796055385486        554.47478649143034        118.27753909020412        604.61405897533166        121.16286950421163        611.47631735667505        100.98915164659233        675.09032521999382        103.45284910967148        690.76319995591768        105.55273598875226        704.12168431069347        114.45216924799620        719.09924728223632     

 RouteID =            2
 Route number of clients =            3
 Route length =    48.352497490842715     
 Route demand =           17
 Sequence =          169         410          33
 Visit points =    158.16895409863258        821.64291910255861        161.62249188107680        808.73610002319049        167.92215447508599        814.51134839185272     

 RouteID =           3
 Route number of clients =           10
 Route length =    1099.6002594313604     
 Route demand =          216
 Sequence =          211          10         228         388         117          52          21          23         147         343
 Visit points =    91.828104791423740        503.25904350333241        103.48559927842943        476.38306269088514        112.68594954605807        455.17194931346040        115.84710489333462        451.69215750093946        118.81930415291916        448.42036807192778        134.72152277900801        434.77279576818182        203.87882376561703        375.42074636304562        269.40085272150230        319.18855331566982        233.54109800392195        457.74045400504133        227.12813439799808        482.51832277883170     

 RouteID =           4
 Route number of clients =           11
 Route length =    1590.7710006971517     
 Route demand =          216
 Sequence =           54         333         350         206           8         214         148         193          15         101          74
 Visit points =    80.308787269846277        221.13908035418279        76.373458874325124        199.80344843448250        68.985059217048843        159.83503248701334        62.008906220103654        122.13284055766296        57.156891847634839        95.910425826379054        60.859962020355944        68.494832784446800        10.881464535999921        60.883305136902891        26.369670090812477        113.52488869800398        32.868906000976075        135.61442002335062        34.693267760747283        141.81494388290389        36.689560075561772        148.59981429709327     

 RouteID =           5
 Route number of clients =           20
 Route length =    1277.5980036239750     
 Route demand =          216
 Sequence =          103         224         351         229         244         129          17         249         282         220         264          18         307         331          57          65         240         346          29         389
 Visit points =    143.45802178079273        747.85388281709584        40.518250589538646        509.13567326130840        38.809047940995974        504.51281477555551        38.067524008057724        502.90914129667220        15.845986835426290        454.85123211690694        17.311331376337737        379.02571785344253        17.478050754530955        370.42143824874341        17.992720931553762        343.87713167006405        18.776872971182961        303.44247572084845        19.482504611333585        267.05670975400454        25.543445655572981        246.07920205094106        34.586806716267233        208.97357017644984        34.587580573734442        208.97504860958705        61.342545611655858        260.08966412041156        64.726982962988018        280.78459718145234        73.085748506928411        331.89676914539319        76.317685878278198        351.66002771462416        77.721654352938785        360.24584417575863        95.402770804326693        468.37278820579519        114.57660374454390        580.53463138957761     

 RouteID =           6
 Route number of clients =           30
 Route length =    1091.4970819772893     
 Route demand =          215
 Sequence =          205         238         280          86         261          61         113         131         213         151         116          36         278         361          77         406          99         236         324          34           2         392         255         119         380         137         366         387         311          69
 Visit points =    252.23414640677828        823.35003548068789        283.52225521954210        827.89889471859738        353.00000000000000        838.00000000000000        362.15953071476059        834.43136093291821        512.44644991384030        852.10517828250954        619.84258036097549        870.75992899602147        633.11192028105825        890.66642796631663        638.04071405986747        893.76031218013622        653.44608723810393        903.43051609271686        658.03723475449124        903.19782423477386        669.36740231686804        902.62358049037584        679.51625664868038        893.66388968172032        680.05030638312110        894.97919818704918        679.01915695928528        901.15831512424529        673.41607003919250        934.73456361763533        670.07909375243696        936.93692103935234        662.78018404632166        941.75415376128660        655.85754844689836        946.32311739726583        655.40534266640486        946.62163103646810        653.50676604642604        947.87493524785543        653.50676399887800        947.87493721256283        645.00000000000000        947.00000000000000        644.47850339381375        946.33990243821188        636.34842526612590        936.04904975466411        632.18034618338265        934.72340581545996        623.19148580163278        931.86452812891298        574.08777368062897        922.62259983956824        559.85776602077692        919.94433535369637        415.88381611004922        892.84664658362715        338.01677066619635        878.19109976984100     

 RouteID =          7
 Route number of clients =           28
 Route length =    397.81991746162203     
 Route demand =          216
 Sequence =          102         237         371         109         195         180         198         218         310          22         266         368         270         144         208         360          73         122         162         382          88         168          32         135         326         124          60         183
 Visit points =    202.06338629448288        830.63128269402262        220.60346848637187        843.55216162884767        222.40474523183022        871.81264284704253        222.45454210459226        872.61449440776016        224.14097313761494        899.72782135156467        224.49270359582835        905.33996977559116        224.94610943554125        912.54149614187622        225.96483680046754        928.71347040684532        226.13110040236901        931.34932568093950        226.24559592111677        933.16447712418937        222.98752559779493        933.27734705337491        219.72945527447308        933.39021698256056        212.73585186879538        928.87308354017591        200.55385204180487        921.00479081300364        182.01173835617118        909.02853237177249        169.24837975273576        900.78474292012618        155.15680785970235        891.68306715136453        149.56331526843493        885.09518837952942        144.10910790402843        878.67135634133979        132.94914982585342        865.52743066017263        112.01807339357559        840.87532075747345        130.23677381732489        812.67329591749467        130.23677381732475        812.67329591749490        128.85503273286244        811.57537200600666        147.26095937388618        789.18571008243748        147.26095937388635        789.18571008243725        154.58009269196685        795.45998547430509        158.71194706659631        800.62786499276785     

 RouteID =          8
 Route number of clients =           29
 Route length =    1486.4396416561042     
 Route demand =          216
 Sequence =          136         303         281         155          43         123         222         164         178         141         196         187          25         163         188         166         185          56         232         201         159         298         374         403         379         149         190         353         287
 Visit points =    70.406973349294134        471.96076792469012        56.000000000000000        420.00000000000000        53.649142056679231        333.47442428245205        52.632075075613045        296.04030099563585        44.000000000000000        264.00000000000000        44.882512352216821        261.18605667440085        50.971151475498303        241.79676492572111        57.959812082936949        219.56708628890996        63.352313146506262        202.42917155080204        64.038482193393833        200.25578381554854        64.724651240281418        198.08239608029504        72.680201284762120        187.30262461315772        78.070031674468041        179.99946096223582        89.714170785977615        164.22177458682194        91.699975719323689        157.68815339654043        95.877707169887813        143.94273748264285        110.05059959242632        97.311616417067128        111.19807952949411        99.384432663712488        126.14700107421156        126.38827512469570        126.94462970241230        127.17828896028607        130.18713792744464        177.73875399286635        130.36664267853635        180.53292741207710        131.06748572165492        191.43681658459508        131.07191192516080        191.50032259591879        133.14687276980294        221.26606882369720        133.68026055668574        228.91239485015291        136.21122265935452        265.18967104395767        137.52411233990722        284.00292538192650        145.08777854289988        392.38372375644627     

 RouteID =          9
 Route number of clients =           41
 Route length =    1647.0279920089961     
 Route demand =          216
 Sequence =          153         365         184         273         154         217         323         235         219         409         404          76         254         130         230         356         145         143         381          45         394         269          50         197         393         256          55         203         306          51         251         181         283         200         152         402         192         297          66          71         221
 Visit points =    573.55703534011718        950.75812530242376        576.57756393265163        951.78406775711699        579.26869625013865        952.69956696837789        599.90294953181353        959.72068758888804        624.90070439658336        968.22751902827588        655.10462364737043        978.50618897413165        661.16637902651883        980.56905976640996        661.16637902651894        980.56905976640996        663.02240546529197        980.52077356424093        680.50639465544577        977.04577577114662        692.26242274436345        967.42654860630955        696.79437412983066        963.71833444187553        697.52541597744880        959.81288427859010        699.89565139375020        947.15035842760017        700.03644138439040        946.39821503974053        721.48985314056506        959.89946039754705        727.67542073377035        970.21927291993791        732.15410182993071        977.69136801283162        736.52227208033355        976.40215404810760        740.15433592056229        975.33019321435563        792.60408852798673        959.85026692220117        831.55531784703169        948.35427068060460        829.42523730363507        946.58765048332975        790.58842757593868        914.37765134721167        781.03112854752590        906.45113535356495        761.49470463102909        912.80844091512756        760.82953466669630        913.02489243827802        760.14549735682613        912.94102007470451        751.96622672071283        911.93812922261293        728.00571412432498        861.20500169922116        728.00571412432635        861.20500169921877        746.00000000000000        859.00000000000000        759.92690955349860        845.47656642880872        776.51684255828491        825.04570810956204        816.46786233213857        775.84517038143827        792.55440762989906        783.62100516991188        743.29256748615774        799.63926497818863        742.95919753121780        799.71823377949249        688.20412640250845        812.68863578563321        640.29541598899220        824.03726927016305        485.23063447223336        823.02506609858369     

 RouteID =          10
 Route number of clients =           36
 Route length =    1733.1757663682092     
 Route demand =          214
 Sequence =          315          80         398          85         177          53         391          20         189          38          70         322          79         370         165         358          89         363         359         250          48          46         362         385         118         405         156         332         339         342         408         127          41         345         276         314
 Visit points =    211.89369821358295        803.31273852535855        220.87900241746217        810.71319694821580        240.71113702294664        794.32988877370599        269.45397950295165        782.39710005579786        355.04192319500402        713.67103898017922        510.28329085326163        762.70992395419046        589.10468638178327        804.96098107910746        638.75067061838558        802.78653917565077        681.15147461640549        714.46943156966063        697.72067525416560        679.95725874061145        715.40204111120067        530.33131429919763        616.20640795485770        553.85877779119198        381.37724227454424        525.40390528992236        267.83112722708148        540.77913072315937        266.80297620156091        540.91835216451113        245.97856151926655        516.29580139158384        217.34224536284080        525.33594246527207        191.67295859996113        533.43942799496779        187.26034225899292        541.77120892087873        195.16046629420885        557.22400290365533        205.36888272600771        577.19193817225505        215.29983101727106        596.61723631857319        225.24172080600101        616.06403851899347        226.69488167946716        618.90657747657474        235.93444147472391        636.98015016111378        243.18602047485948        645.21181150308314        255.89461492253335        659.63802758977647        264.04667509208389        655.33424471514797        282.84202104166150        656.83326133594426        278.54938760535794        684.17621289866622        267.14975414932803        689.86008056401954        253.83797566917477        693.46544334899113        247.21668461998627        700.68895245443355        238.77008551740425        709.90378799183713        221.69204070442262        728.53511982306748        198.77274054267201        753.53898246245797     

 RouteID =          11
 Route number of clients =           13
 Route length =    1254.1886338351039     
 Route demand =          216
 Sequence =          247          19         150          64           3          84         223         225         108         288          96         386         186
 Visit points =    45.368966386628301        388.63307579331160        44.599479421107546        319.86760515462743        76.031070939947938        269.16636396300464        92.523883717031438        242.56971942890615        109.00000000000000        216.00000000000000        115.89000187714736        231.62457938661333        117.05625671311013        253.22160296834011        117.68972754299149        264.95238772430645        109.98625072164072        294.97596833805244        109.04638001129689        298.64719162421665        113.01186828197918        316.23586636321261        114.72628304903131        330.19620135961890        119.86746544772711        372.06041645084400     

 RouteID =          12
 Route number of clients =           14
 Route length =    218.41053245900179     
 Route demand =          215
 Sequence =            4         138         239         126          93         234         259         395          11          87         134         337         355         243
 Visit points =    158.43987262666565        757.96159891348213        150.37525063042679        759.22331688324982        139.35333071420177        760.94694258026414        128.99245899982677        762.56719248827494        128.99245899982660        762.56719248827494        114.27976147060708        765.84930107229673        101.20666075619340        768.76564839673154        108.74290913962029        779.27662241578514        110.95255037624446        782.35808310635036        111.48758392101894        783.10388974399575        115.00000000000000        788.00000000000000        134.90042495663522        791.43867868344466        134.90041949955801        791.43867684771044        144.65024438363022        805.23805744104141     

 RouteID =          13
 Route number of clients =           14
 Route length =    410.11235029643603     
 Route demand =          216
 Sequence =          202         295         258         120         176          67          12          30          24         279         364         194         139         257
 Visit points =    183.54674473061067        729.47080227435026        187.75503010498431        720.66358270483340        197.38961598912263        700.50004677647382        197.60525569754395        699.09991724914039        198.95854675614314        690.31198984313141        203.12090425428232        663.28270054200505        204.58329787899669        653.77391356957378        132.10850364340939        675.73703583707822        127.37601402441673        674.39225238427821        129.78915168470033        713.21373470223659        140.02869977203119        720.44921988807732        143.20442245810978        732.45261746434903        152.45136645085719        767.40363683295868        157.21849057339301        778.73472326783951     

 RouteID =          14
 Route number of clients =           14
 Route length =    673.62475934051292     
 Route demand =          216
 Sequence =          316         293          26         160           6         105         300         191         367         106          39          62         354         104
 Visit points =    87.998518939749786        616.85637633846488        78.332821435490317        594.17641170235356        35.507544111668984        564.08429991110779        69.028289577814803        565.70907744460067        113.45680562025460        567.86256340406669        113.45680562025488        567.86256340406669        137.44857504025344        572.13298144604323        165.17380455305852        577.06793719093844        169.56749034704401        650.30817215654918        170.59965824328546        682.78597971246563        171.46604712937403        710.04638181905841        171.48311222421353        710.58226405051323        171.66472945463440        716.28444800680359        173.35408570747882        769.32418500072447     

 RouteID =          15
 Route number of clients =           27
 Route length =    998.32656702325551     
 Route demand =          216
 Sequence =          294         312         338         304         253         171         400         352          81         173         286         112          31         233         128         319           7          49         317          92          27         335         100          94         179         357         320
 Visit points =    28.206511020501413        526.59100206477660        22.708146134794585        511.69132708113597        22.183813005011725        510.27046953906409        37.212012417630184        496.70508057136038        36.316217072187868        492.57782676270938        28.216412450080359        455.25909135510852        25.083683964430840        440.82547586508576        27.407962172221254        432.39568835443407        55.000000000000000        388.00000000000000        71.603910672979296        389.65072876579865        72.275596595763375        394.00591197173611        72.947287276778880        398.36109663927158        74.350593285612348        407.46000700566816        74.654376349841115        409.42970916246611        73.442699071998334        454.86375706374031        73.411457611861366        456.03521255137338        85.619319736173367        469.25236530803733        110.10050360093906        476.79580483358927        114.86483109091250        476.73631142963910        118.47186196875261        476.68784559828850        133.22796465768207        476.48956201569956        133.22798124404108        476.48955643325377        137.45257507565714        475.06766832187816        146.71304947363876        485.53089389245815        159.13792759357170        499.56952705463266        166.68267940631350        508.09419844185624        155.92625473958211        551.52645563025544     

 RouteID =          16
 Route number of clients =           25
 Route length =    1699.7071359989664     
 Route demand =          216
 Sequence =          328         285         384         114         373         321         291         209         289          75         260         158          35          16         174         378         157         383         268         284         301         313         334         267          91
 Visit points =    196.56678572686988        368.71967223882979        197.94876549531284        339.73796534256502        191.96826019985915        290.30228910850832        196.60260357033653        266.25191065560847        201.01239906487800        243.36684537985812        205.04190431522309        230.69568794516707        261.43514790617115        194.58268392932328        318.69539426129660        77.069861260930892        280.49769093831173        22.582162780212524        206.24362935274425        119.27429269046418        199.39737573339073        128.18934501522116        181.89566891507212        168.81156105596099        170.05757138276749        171.87315065823151        169.00442587521005        172.14551700145660        171.73190248146832        180.48601345152844        170.79005581961098        183.02076937688730        169.84820915775364        185.55552530224617        167.05721526233043        197.55223388785345        166.54608843456020        201.58483964185854        162.44523509721520        233.93908885364669        159.30130465498735        270.09845395334492        158.77246541874590        276.13081708202020        148.90640921422616        388.67094193465141        148.50863932445350        402.00525279012658        146.23335373371191        478.27891284335749     

 RouteID =          17
 Route number of clients =           33
 Route length =    954.46893781525284     
 Route demand =          216
 Sequence =          325          98         161          78         375         308         265          59         277          95         344         170         336         172         296         125          40          68          47         329         142          28         401         231          37          44         167         207           9         227         216         305         399
 Visit points =    84.963709643838854        800.12838159884927        22.372114540610099        807.71359508878322        22.818643265779038        823.81753611518855        24.050330588211299        868.23801543802722        25.189210559187860        909.31142204097773        56.203162266435193        962.96950182713931        92.331806609942348        966.27814820651622        118.58999580507813        968.67922831555370        135.98492829938448        970.26984167048624        137.90248097697074        974.22987891263972        141.51618473763708        981.69272550956441        157.32936574758418        981.85127306872323        178.37025259528397        985.52523903059603        187.45787343742685        985.77047660973301        192.32554810453217        985.90183516574268        193.00325978848616        990.08759160879197        200.73690335934288        990.73140587899582        217.34287642997455        992.11382832134632        240.00000000000000        994.00000000000000        240.46930981700564        980.34128438510777        240.54917384540235        978.01693485692158        242.75105598250499        971.90242866619360        244.87929061169859        965.99243757436841        258.83356594819264        950.08148346584960        262.84340181537743        951.04221856148536        267.34071998557272        952.11975179363253        303.41021275634500        966.62643394049201        319.45045768544975        973.07761239822878        374.47060058638959        995.20600022478231        316.97455842842345        953.90978088698330        275.32963149943703        923.99853878720421        273.32395006242371        922.55796901168651        256.74878534744875        905.43762281507509     

 RouteID =          18
 Route number of clients =           13
 Route length =    1029.7364873817821     
 Route demand =          216
 Sequence =          274         199         309          14          13         146          58         140         242         327         215         272         275
 Visit points =    561.89564470201844        888.10326633286923        597.70826468110226        891.13038282672733        615.21098952290799        898.63144077574350        622.59698475933294        901.79682095399153        629.69833543733819        966.47274462522250        617.75941318119351        989.82106798782138        603.17773425602957        985.26651805307017        587.74297214788260        980.44550977869085        579.73240674278645        981.56531066379648        545.15966199719992        986.39825168716186        536.40089676459172        984.70136210521798        459.57066171938021        969.81656704972875        335.86062784609101        905.12225724493567     

 RouteID =          19
 Route number of clients =           25
 Route length =    405.29830159932243     
 Route demand =          216
 Sequence =          348         299         241         262          72         132         210         340         110          90          97         290         271         397         376         111         107         226         182           5         204         347         396         263          82
 Visit points =    127.31204863187004        890.44035023780327        118.00000000000000        904.00000000000000        112.98347625163385        909.04950163207161        95.258094140796686        906.39093745396610        90.629047070398343        905.69546872698311        86.000000000000000        905.00000000000000        87.749431249504781        926.67725993837325        96.088626523120382        931.62283765916516        107.65636172217339        936.83550666736323        146.81753308138559        929.85292649608482        154.32297117451321        935.80611994244248        157.86341587518709        938.61434404977899        161.40386057586099        941.42256815711539        161.47475320323596        942.48253863405785        161.54564583061094        943.54250911100007        174.86291194821391        954.36629723659871        174.86291194821408        954.36629723659883        183.17988496785378        959.20254392319418        184.17098117239161        948.01988059497035        184.25958486631856        947.01162736158187        184.34750489672942        946.00323430014146        185.37388259025064        934.23126220541599        185.37388259025064        934.23126220541599        184.30867907876188        922.60453162139049        183.81307504323618        917.19499762916712     

