 nroutes = 30
 
 RouteID =           1
 Route number of clients =           13
 Route length =    1621.9444135938309     
 Route demand =          776
 Sequence =          247         112         392         303         400         364         209         277         418         158         374         156         285
 Visit points =    333.33426989429387        422.31209914522861        405.91479047903368        572.99169962180292        416.12211570907357        594.19005475028018        419.80383139059364        601.84277159174371        441.84609252317040        647.65983379016780        444.04877143746779        652.23832400097331        414.76905646990554        664.86216025074236        414.76905285056938        664.86215938636815        409.40349701095363        663.58075265263176        372.25624927698891        654.70921449164121        370.39697836947920        651.34615379139336        348.34695530201390        611.46193588735821        342.18427424171409        600.64443100025449     

 RouteID =           2
 Route number of clients =           15
 Route length =    1430.9475981514734     
 Route demand =          777
 Sequence =          423         300         145         444         375         340         153         286         405         208         133         217         391         159         344
 Visit points =    297.26189906752887        301.11097172339521        395.08464554709957        400.20036845238360        415.25029889689921        420.62713520131001        463.02585075305939        356.97969297850591        464.29175527046800        355.64349565496809        535.61328731024764        374.21209199016658        546.22022181168143        343.59346532701431        527.53542786228718        341.69276079578839        520.10703671062538        333.79642032995838        516.21540952041460        331.07824588521595        514.58069773969510        329.93005230948984        475.16388220841435        302.24435572224263        452.17917328927484        303.83845539655442        422.37407210538993        283.81113781628136        289.06188979484944        194.23300164487972     

 RouteID =           3
 Route number of clients =           14
 Route length =    1020.9003016665117     
 Route demand =          777
 Sequence =           60         332           2          82         263         363         447         278         429          55         299           1         198           9
 Visit points =    350.26694526380015        16.362781827827064        414.78836149008822        31.754082957092347        440.18173154919890        19.541030363719184        441.50501804051800        19.021930735069684        452.03445322181341        14.891437506010192        464.23395243337211        14.566266995714823        446.98037009678518        82.241971666442183        443.03089137893375        97.744995711191322        441.57537055820126        103.45840142710399        334.36935917308369        66.789999887432984        320.38304715741236        73.850213883516957        291.14224372617247        72.689047515579801        258.83203712840702        71.405993671637077        208.81715196056615        57.608000913844343     

 RouteID =           4
 Route number of clients =           14
 Route length =    1103.0063410409316     
 Route demand =          775
 Sequence =          151         252         368          63         103         284         335         186         282         245         350         323          77         266
 Visit points =    30.067991296743493        133.08483610999258        43.353876466756212        205.58894488819598        61.755150263806485        381.65283869502002        62.615206628913249        389.88188165172630        49.202685431545973        416.21656014024740        57.580073731565456        436.10924735695090        90.377740633813303        435.94466966960636        152.55728721621009        435.63265461051196        229.47332540576977        377.32108630389928        247.72256794577825        340.14547083943233        226.48730127624813        308.71579544721465        226.07895939111344        307.29893004048409        215.56547273025689        270.81921513448754        184.45626064365993        231.73608974321996     

 RouteID =           5
 Route number of clients =           15
 Route length =    1952.6420085217151     
 Route demand =          769
 Sequence =          197         113          39         237           5         177         191         222          16         328         211         273           4          87         301
 Visit points =    716.20943119366325        232.41862885235577        765.72558818353514        217.07630304818238        762.87955026850466        171.70707549880336        774.56430760279864        173.98985655716356        866.58863173855480        191.96809761390833        875.60983003201056        184.59151366370966        900.58169458907685        164.17215812955411        885.66119099128275        133.80594741053920        867.01764213712636        119.68147862500842        863.93943093858070        120.86396924458629        823.04584606359674        85.634269759260931        727.82877308354728        30.947494652032152        727.82877308354705        30.947494652032006        691.03517476393961        29.383019969148645        477.38110396663023        20.298385701621296     

 RouteID =          6
 Route number of clients =           20
 Route length =    1995.0462622676071     
 Route demand =          774
 Sequence =          411          81         320         275         297         253         448         261         280         322         379         295         387         234         126         246         272          45         248          72
 Visit points =    186.22755550640639        78.224710775757202        703.06423813344520        295.32147384538331        710.44867643483133        298.42329785300740        728.43954034649437        305.98033649589138        743.64987655901962        312.36941814831806        758.85267356951624        325.76535972991019        818.76350866517487        378.55578023553949        823.50106025343996        382.73027288135717        824.63673103992596        414.78058912650209        824.49708638199343        415.89518190559414        824.35344728535972        417.01512788029805        823.11441076070662        426.67582612204933        815.65770949096316        430.66262787883267        813.77733418677508        431.66901064967857        735.41039230406034        473.61144685117898        716.00000000000000        484.00000000000000        681.84284172505591        522.57934115711510        658.58726935156847        499.95567781845227        606.28187039983402        449.07154055991066        503.53849138535446        410.93583978932759     

 RouteID =          7
 Route number of clients =           15
 Route length =    2095.7981439129962     
 Route demand =          772
 Sequence =          160         412          57         388         188         372         414         243         184         165         304          32         413         338         378
 Visit points =    720.12541779519461        47.136288213961578        793.55487126376306        42.806076753103149        921.82207534543966        35.242025940652361        957.90392813950371        21.306805950486041        960.95664884331393        21.541164546209032        985.88008411844078        23.454546692299683        990.32975211339237        49.215507885738610        987.79212772594701        77.712214815203481        984.45881705063982        115.14422322788732        980.43243626429523        123.46969371768233        942.46654002829382        106.33760216180141        897.66606197600254        86.121409003393154        853.32093071889813        92.952955468138626        816.65083728406012        115.90507312050410        731.98627312116366        103.88885755810850     

 RouteID =          8
 Route number of clients =           16
 Route length =    2212.1304404207604     
 Route demand =          775
 Sequence =          182         164         279         264         377         146         401         307         433         407          97         254         269         196         104          75
 Visit points =    130.23334690622235        672.56237285131226        181.29324923935323        936.25035973423223        180.60711595596183        941.41890684479540        176.30826340334974        973.80156846079888        214.60811781053826        976.54836883110931        224.97264533801160        981.38721637467688        229.09575443548260        983.31215663609009        290.54683451192994        991.45424287484479        300.63866028330096        940.68768580459778        303.68390974831868        925.36867076595843        312.46155909598741        915.86218939942762        324.88208475430662        902.41035382744860        340.00546843036301        899.40309731213688        353.11762658417865        896.79576922455499        369.97345962015885        863.05652242948270        326.51165004965367        771.82648264217755     

 RouteID =          9
 Route number of clients =           23
 Route length =    2299.0376086512110     
 Route demand =          767
 Sequence =          179         114         314          33         330           3         445         174         147          44           7          19         162          64         289         127         168         342         346         359         271         416         294
 Visit points =    19.223310867171826        57.146929251093759        253.30266029951648        753.04472341439782        258.94479301311821        769.83967844069912        263.78132536881486        784.24461331498730        263.87861674480973        784.53839042409504        263.97590812080449        784.83216753320289        272.76805076556019        799.19617515163054        274.68304824663818        796.95842428123672        297.95219840263843        769.76749503489589        324.88497368851625        791.11191451778302        339.12620000755567        802.39818952204143        339.54714381226825        842.38160571535741        237.96898870707520        912.81201609553239        234.73472377814505        915.05453178196967        221.94369319451644        914.10988758101701        124.01877529321369        899.63422646081108        74.430913168113008        958.42463789040414        23.885999091280461        913.88066517933339        12.506380122014827        903.85209067114795        62.920576279738533        840.58638713004189        62.967695486093504        828.71440589323993        60.793398628499403        809.83778211973697        37.806997058704411        610.27641457961113     

 RouteID =          10
 Route number of clients =           13
 Route length =    952.76011620768622     
 Route demand =          772
 Sequence =          296         187         434         425         108         432         180          17         105         386         171         241         430
 Visit points =    142.73288292930690        157.47030319801436        182.29464026894397        201.09120418633887        254.51050411601699        280.71661161239820        262.47141104102894        280.87406644215525        310.42717173841777        281.82255964872087        327.69890836967880        253.94924290502081        313.97057993595200        244.82665589769405        316.09546946674186        243.05325708651284        345.18517338596968        219.61185769446035        345.81905999729952        217.41737126058902        349.84138215462264        203.49227606353583        291.84231121314667        199.67455331395504        258.05461457733736        176.55746927902456     

 RouteID =          11
 Route number of clients =           16
 Route length =    2128.4116436406071     
 Route demand =          775
 Sequence =          193         333         169         251         220         134         426         292         306         428          67         194         431         135          22          34
 Visit points =    363.55265450086995        633.01393214332438        419.52650077481871        730.47498513908386        436.96664967828855        756.07078633340711        444.53067361709645        767.17202486287351        459.21290646914821        804.86460448933883        487.91210116551485        817.56849693454262        498.39808219991687        818.92243972674294        526.51130846168860        822.55240052275667        522.81823203022020        851.57591459299908        519.62590889635374        876.66405915536120        516.76744729265681        877.68938201588367        456.61079864642790        899.26741790400808        432.60981220518784        841.99392537473886        431.80852401064169        840.00570316993208        425.03302230639946        823.19377079807055        396.83966857271332        784.21114917302646     

 RouteID =          12
 Route number of clients =           19
 Route length =    1505.3552434851915     
 Route demand =          774
 Sequence =           21         228         362          96          30          40         231         201         397         257         319         155         249         224         419         233         265         357          85
 Visit points =    261.03716738766082        23.826749555836713        472.32541119210919        43.113513551630241        480.58419208191742        43.867389654941142        499.67083290510129        37.399945210110225        537.57199900247326        24.557261764665022        583.71648603966082        59.679946370777330        583.94660731900319        59.635289942515108        615.89735054006064        53.435054672427007        631.29884115902496        42.694100878829161        665.53266074782448        18.494473736191196        687.21056892593356        50.373179514655234        668.96443404225954        89.949462134210791        644.88319191602852        142.18222541770581        587.15091647048700        140.29080266142540        562.87264969548676        134.60900040374955        558.47090439678641        117.86521570544849        544.35202780193288        113.30852740932558        523.65467690152855        110.89456435784538        423.62159261464160        99.227555833124882     

 RouteID =          13
 Route number of clients =           16
 Route length =    1891.2024022521853     
 Route demand =          775
 Sequence =           25         415         144          78          79         373          20         183         393          52         148         136         206         230         102         175
 Visit points =    333.76990444372467        471.41514991980665        469.34363474529397        662.89889229561902        474.07234399888182        679.67799654127430        460.99406473906203        705.33935792455156        468.43509859742102        735.70384571695956        471.25822162178588        747.22411107813593        495.38362851857659        760.32705139388668        518.22957591800207        755.23267474019349        514.04315933926534        700.97448655101800        513.94823062808825        662.80782921449975        513.07779695734405        659.77798658047197        503.04721325547905        624.86310315447656        506.40128211446546        617.47215135912506        496.70216203935149        605.65619274662072        463.39087674658060        565.04778335900801        391.69133700433571        477.61907461174297     

 RouteID =          14
 Route number of clients =           17
 Route length =    2340.0485163163962     
 Route demand =          776
 Sequence =          216         143          23          48         274         290         443         339         420         213         199         398         361          49         305         240         212
 Visit points =    746.80710506601031        441.92437776422895        782.14930529012918        475.77684191008882        836.97636375096295        465.60520176257285        860.77764509332542        538.33415890230276        914.08650042881413        518.89394955852015        917.76858044024436        511.91880846687167        925.60319219702865        497.07556243400109        952.71870424094243        445.69945756001221        956.18950806316991        439.12034158332978        968.30106758311979        416.16215701814644        966.23789803851582        386.48466384398057        984.58864807292002        381.25415510553813        983.82265440412016        377.28677655590150        982.52863657450609        370.58455591335303        980.13724065192184        358.19858815460242        937.17783840957907        355.04805475191722        923.21754631352565        354.02424240202123     

 RouteID =          15
 Route number of clients =           13
 Route length =    1655.7780809139765     
 Route demand =          777
 Sequence =          262          59         122          50         403         417         205         226          54           8         315         382         111
 Visit points =    358.53535032890193        352.17475703549729        489.96216233968636        481.26999282016482        512.62905148762036        483.71665554462311        550.23247789210780        487.77556725038568        575.13620994372661        490.46367467054955        521.90679192497055        554.99100203845865        480.07950183069238        542.64435917099411        455.21288589167409        531.68012030004286        449.26333955360622        531.64680501679720        398.65546813331929        531.36341944838193        343.02281830120768        505.68215456888686        231.28775123749926        340.86287277833310        217.98825089428817        321.26258755247045     

 RouteID =          16
 Route number of clients =           13
 Route length =    2128.7413622613540     
 Route demand =          773
 Sequence =           74         349          13         291          24           6         336         106          37         384          71         389         440
 Visit points =    667.37432467858935        295.54933510369830        759.84053820369957        336.49836013558632        858.77181844278698        339.68333083327690        892.65298624908405        371.73241337092441        914.62507398141793        392.51638567329343        943.77618213440803        339.62850710704220        967.94523195235297        301.64311351591778        965.22297471855188        300.64606714330682        946.66706484421832        293.84983113703254        935.85536155004218        293.08017527913211        887.82325333707684        289.66092363664052        858.10913325361389        287.54567078431728        858.10913325361378        287.54567078431728     

 RouteID =          17
 Route number of clients =           10
 Route length =    857.61001573570934     
 Route demand =          717
 Sequence =           93         176         125         238         267          83         256         152         345         331
 Visit points =    124.46109254220390        143.77715915970055        106.92257377451720        184.41336884722810        114.65059764191827        203.66129359926114        140.15185547622008        267.17640435705272        150.23840227627502        366.82664970260299        147.91047550457864        364.35363457288724        124.27242466571629        339.24567999441308        76.564113967308771        288.57068541905676        9.6083938556946951        247.76697622791724        8.8485599582207080        228.17350930305506     

 RouteID =          18
 Route number of clients =           16
 Route length =    2678.0479899689926     
 Route demand =          775
 Sequence =          154         313         293         137          92         380         239          88         150         204         109         351         129          35         215         223
 Visit points =    580.08996671667546        717.55212467538286        677.95731503067236        873.54281605134918        739.54567615422638        876.30287616012777        776.04939218644927        869.56751979434898        786.51110562166912        861.15479413128071        791.04929299119908        863.86553727973615        791.84046770289410        888.05526588716907        793.01687088170172        924.02314151265557        793.46216551813427        937.63777838922374        819.58808803519810        915.61205571112180        839.38978805351894        898.93456167679699        854.52629902111880        886.20123811472263        871.03881862938613        850.86251243096831        897.25319573524382        794.76067555256896        885.81666304595319        782.49151310108653        828.64887721614537        721.16166161609362     

 RouteID =          19
 Route number of clients =            1
 Route length =    186.79484670420212     
 Route demand =           66
 Sequence =           27
 Visit points =    87.888134156647297        31.603078382884778     

 RouteID =          20
 Route number of clients =           18
 Route length =    1909.2838981127118     
 Route demand =          767
 Sequence =          341          46         181         167         172         121         185         173         408         310          12          89          51          42          98          69          65         119
 Visit points =    259.07113229493905        621.79735518897576        276.11024471357109        641.53692753147845        289.89140519290851        685.34495233938196        302.48135965684060        725.36652927133400        305.09417090495697        733.67226434565305        279.17573715229241        747.89897407005151        213.94849439724217        783.70241256693112        211.47986282728527        794.96394544535701        165.15827089106827        802.41696878582661        127.44809234491089        800.57312456350849        106.80378777664261        777.12520821905787        182.62374763477311        733.11830215958526        191.69517207161894        731.41036042906558        222.29783733621994        685.82285099657759        218.29991390535716        664.82749824032351        217.58006249343811        661.04715212147198        195.42080696150060        647.52752363616503        188.00000000000000        643.00000000000000     

 RouteID =          21
 Route number of clients =           13
 Route length =    1496.6222288105930     
 Route demand =          773
 Sequence =          192         170         308         442         161         436         422         370         343         101         435          70         376
 Visit points =    178.98443216321922        487.71990015256739        171.98083952781451        540.62033354477694        168.45594184534329        567.24504242965429        183.59725307115312        590.35267656212841        146.91907572783342        646.40259176198538        90.747887640853094        646.02618703588882        59.167925465597911        645.81246279439915        52.818551480052840        645.76949202922015        13.190737870815587        657.45619193693278        9.3127980777810215        602.77028842730726        10.394553439318374        600.80545206287968        28.411222883260468        568.08104084385877        43.293606200268201        526.24980183248317     

 RouteID =          22
 Route number of clients =           20
 Route length =    2937.0147520065152     
 Route demand =          775
 Sequence =          353         404          31          36         190         371         287         149         324          56         229         298          66          94          43         394         225         321         242         132
 Visit points =    481.55875649392357        446.09097524213973        742.59425342941074        687.90067723691061        840.94296700850657        828.35476868078774        921.44133995293953        848.29420533849236        987.40030130721675        818.56439727044915        985.16785282486080        836.13358408862200        978.43450376037458        889.25323439009696        975.69090585656522        910.97013035099508        972.16625447220065        938.86943997884077        927.25679904141123        925.71263463693685        913.18635649643420        916.70981414026141        910.07050926246382        923.65080581429004        903.47006513799306        938.35423132673543        898.97248814376997        948.37322203008478        844.51452918524103        965.63209388733731        820.40127718777296        973.27409028685088        790.56620658670579        982.35388581917971        770.93312618338837        977.09695555057499        730.49722601867893        925.84784286178342        725.68075119832656        919.74333943070906     

 RouteID =          23
 Route number of clients =           14
 Route length =    2502.6635759496417     
 Route demand =          772
 Sequence =          355         358          58         128         325         395         327         369         281         110          73          38          11         334
 Visit points =    791.77392403916065        570.24761028181160        869.42535034306184        626.17334733927964        872.15983269053424        648.32592957144004        889.96470544666340        676.67178894373603        904.19667499457478        708.35004952735017        953.47316591763081        718.65209496696934        969.61825265341645        654.59921777068098        981.28551053488877        608.31136261515996        981.76209250445197        601.51050861371527        982.86039575715768        585.83765368424952        970.99281359049337        560.94560634873847        944.03208486156961        563.33440320427133        936.12860601888713        559.73473274428727        918.41585257868326        549.14383396256801     

 RouteID =          24
 Route number of clients =           15
 Route length =    1615.9541192332890     
 Route demand =          777
 Sequence =           14         360         130         409         195         163         232         131         347         244         276         202         140         107         406
 Visit points =    295.84565814120901        118.91202426744235        515.31877337672904        207.12691499428408        570.17699181663500        233.37461670018513        591.23542891513944        243.45184779034099        659.77385565861266        276.25017108668368        669.18247425053755        280.75256381747863        665.56009803701647        389.96876954029312        642.65908171295803        364.50552070356343        625.01047240901266        344.86925241309035        596.32768043411045        312.95172661848619        582.00332496488909        297.01192600284162        558.38313553280136        277.06194380437273        556.40901083072811        275.39298806460084        549.98657028354023        269.96335689524454        443.26965635802952        233.71716678743115     

 RouteID =          25
 Route number of clients =           12
 Route length =    1981.9905639519698     
 Route demand =          775
 Sequence =          385         312          53         311          86         410          26         396          28         250          90         100
 Visit points =    642.22791719527629        569.31750132598665        649.99311146005903        589.66932637600564        662.19670961984423        602.25708314933831        667.48300032162047        607.70978166627003        688.83939120732839        616.60709822766273        725.00000000000000        582.00000000000000        754.51844579512408        543.01845717229912        749.87688264983581        535.81233634008390        746.79823189534522        536.93495571965786        721.03746710022494        546.32865659509491        700.00000000000000        554.00000000000000        686.81154203004485        547.80694391179600     

 RouteID =          26
 Route number of clients =           17
 Route length =    2450.4318044568690     
 Route demand =          774
 Sequence =          390         354          62         178         366         302          91         258         157         329         438         115         218         270         138          18         235
 Visit points =    560.93939309197879        877.84883083833427        565.75015835355953        885.37749563229329        592.94572251128534        904.33585948259758        620.68053295780612        923.67013858469113        627.80188243348550        941.11477204745586        594.81122230357528        964.54855929535518        554.50081152616997        974.00948952906128        530.55842431104463        979.62884439295567        514.55314491495949        983.38533466329773        480.97692821705624        971.72977813333853        443.46192371455726        958.70692151915603        437.76119193008901        956.72798499470230        434.71881428385234        966.92844776528352        425.35796453223156        969.72712038772227        395.91918815454960        978.52861807996419        363.05622766825689        923.39096998455182        289.81669084292059        800.50928956410553     

 RouteID =          27
 Route number of clients =           14
 Route length =    2322.3484077222070     
 Route demand =          771
 Sequence =          402         123         189         221         317         316         210         117         318         214         283         309          80         259
 Visit points =    436.21571528693676        589.64237094517262        555.68750201035891        751.13501120531646        587.50180668749135        790.98149040581006        593.60526319786788        815.41650352303088        598.76452172098345        836.07144707397379        659.00904782583450        819.03487109778928        730.94767824928226        798.69131422925841        772.08922967353624        782.64735869287779        724.59800016575844        749.89756977969842        710.18900284560073        751.89534812031536        696.64563688734290        741.28965458759444        657.09103047908116        694.26665095042188        605.61391379035240        633.07002013829845        514.21599764711459        566.61858263262286     

 RouteID =          28
 Route number of clients =           14
 Route length =    2170.9391721108009     
 Route demand =          768
 Sequence =          437         427         439         120         326         260         424         227          68         139         446          95         141         383
 Visit points =    694.78382115588124        557.40246946853551        734.42449275850947        589.23231962586829        759.02806733022794        608.99367638222463        765.45923854546425        614.15913184785370        787.21685873771389        601.80835857234831        792.71457563945057        598.45526538597107        799.43172334508381        594.35843344532793        831.64365552209347        631.02098317202433        827.33928821241761        634.46343152354905        805.65687202205390        651.80409799125596        787.22656287226971        666.54386873715521        762.48674122232444        662.80842830385154        751.20102100485815        661.10465295038614        706.89844134053476        654.41640958863786     

 RouteID =          29
 Route number of clients =           17
 Route length =    1425.6578255578863     
 Route demand =          774
 Sequence =          116         441         337          47         207          76          41         166          61         367         352         421         142         348         268         381         288
 Visit points =    275.65401596940939        347.35473253008280        321.26151231849343        397.76381006728559        315.53638041588744        456.22938815858657        301.76337721072423        480.45843974583573        305.67672095546556        524.12646404176303        308.56180597953386        556.32040639505772        308.85784702294495        559.62385437190324        309.86976829853228        579.85675385092941        310.15329998367787        585.52583920674329        301.55361183474440        579.93296593764853        245.98638036156936        543.79438996120871        191.17514030581611        526.19880576168305        186.61233010987482        524.73259488800795        181.52489636103186        523.09780177557673        123.79177528619414        501.12067140754635        87.143031965877981        352.76313459655387        79.050662815996233        320.00446826116024     

 RouteID =          30
 Route number of clients =           15
 Route length =    1139.2744106054981     
 Route demand =          771
 Sequence =          236          84         200         203         255          10          29          15         124         365         118         219          99         399         356
 Visit points =    337.62066038804085        112.27460647888601        364.72388024348407        125.83800391142263        393.22109341888051        158.74253584456076        420.67851912748506        190.44646897899713        422.45564610671130        203.00697289290306        413.68012203223725        256.85438740425923        411.95731801569178        267.42566966768493        406.52650810080661        282.58988115203431        396.58658856173219        310.35697376467243        389.83132475285993        329.22971043975303        388.55359358887506        332.79941319033389        375.07458582335454        323.64135732927565        359.22488327623620        307.11515050849329        347.65618250238583        295.05266914216918        351.18065603629481        280.58014314042555     

