 nroutes = 42
 
 RouteID =           1
 Route number of clients =           11
 Route length =    764.30909903265422     
 Route demand =           74
 Sequence =          480         377         356         101         436         539         206         402         300         211          17
 Visit points =    829.17086366496289        506.96131735847348        831.00000000000000        507.00000000000000        859.73555408301615        503.85549458067709        863.33834544238186        503.45711943128390        876.95067934982717        501.95194885295672        871.01771795694162        493.23146943978298        863.64658244511111        487.79284751429230        853.61078667977949        480.38816762454167        830.61731745628151        476.26506084983379        827.69694005062070        476.47471405418554        694.25201277622239        486.05469387231778     

 RouteID =           2
 Route number of clients =           16
 Route length =    1593.9636746225376     
 Route demand =           74
 Sequence =          184         390         529         320         150         154         179          36         185         202         115          28          11         227          37         172
 Visit points =    708.75524411159859        935.69255757000883        719.29607041090173        948.46884753943846        733.68191751880477        965.90559764683746        741.01123078619037        974.19599605698545        753.81875576783534        988.68295832372951        808.81707862048881        976.30124021042093        854.17666633025556        966.08948102163811        881.23685093053768        934.19071686605912        937.69505147319160        979.80693090295006        957.91030612857469        979.95085771779839        940.18145326037234        909.17584189712409        950.39528976432064        883.90528460756775        968.39755717173841        839.36498579965098        953.79484032883749        758.61108894845802        957.30563111882259        711.78282799383578        962.72244030736204        683.64196861366088     

 RouteID =           3
 Route number of clients =           12
 Route length =    669.47022906777772     
 Route demand =           68
 Sequence =          240         217         244         395          72         312         363          47          54         173         462         102
 Visit points =    604.30074841639760        312.80196651689147        631.68091479597092        263.66029322578538        597.93659047719393        212.07687574959905        572.06539092563423        212.61945395596047        545.02879923464411        239.46742024186733        538.81281727497219        245.64003534048899        531.95437877376060        252.86633188099449        521.18145571338050        264.21706960775310        521.06940045813053        264.85754581309220        506.32436621386177        349.13599896814617        491.39904830842693        434.44490263559021        494.98530438299247        461.77878085887943     

 RouteID =           4
 Route number of clients =           12
 Route length =    966.84619570111386     
 Route demand =           74
 Sequence =          103         136         304         558         394         439         370         423         397         187          58          20
 Visit points =    566.83449734611247        304.43407960175591        636.71392942900570        165.41173522990050        657.62144422199799        123.81706787358850        671.74475317050167        95.719307608232853        675.64943359904692        87.951101517569086        704.86287249767986        76.179992089986428        705.49341011523654        76.293634708924870        716.88355525725433        78.346495455034841        714.30570515716852        83.524317291865657        698.97172119563356        114.32666580369262        695.14928368967071        122.00738316274432        675.21359829977689        162.06568747769683     

 RouteID =           5
 Route number of clients =           13
 Route length =    1097.4743057704879     
 Route demand =           74
 Sequence =          467         381          14         360         353         372         220          82          57          95           5         534         335
 Visit points =    705.37154740850269        412.99763684556848        855.42187098871022        349.42882683400239        857.83852542202567        348.40158980459512        860.99476400916797        347.05591938869640        875.05634429102327        341.05584964411577        885.37625542833234        336.64844353660658        926.81394262004903        318.95132258470585        980.26020142769744        312.14176800382160        978.48433161859748        347.51796577631535        975.47929219309037        407.37982529222086        968.15117255516793        407.10470131583270        887.16919399921153        423.17396596154725        878.94920078908353        424.80506029432217     

 RouteID =           6
 Route number of clients =           15
 Route length =    826.59669901374673     
 Route demand =           74
 Sequence =          235          91         223          44         388         503         396         245         152         228         407         100         205          42         200
 Visit points =    548.18120747516286        474.71126779881462        569.28067305878506        463.63685180358641        738.44887434659279        374.84602310696414        792.25552680173985        323.66269752061839        795.90256374716284        314.66478702133747        807.75726775813575        285.41705323567760        794.32776354100463        277.49341566351342        771.73657287678577        264.16422612287613        743.61680131343417        247.46777029697009        734.33045334148699        251.70905434364732        731.29939063308905        302.02667321197885        718.19602073864723        326.74920487013571        693.64460474536793        345.54812452185962        668.21223006824425        365.02159036910138        625.94683761365616        397.38402946233407     

 RouteID =          7
 Route number of clients =           10
 Route length =    733.41118654348134     
 Route demand =           70
 Sequence =           56         199         366         161          38         272         209          19          87          55
 Visit points =    455.60205329084869        304.24581477080130        475.03289309755149        223.71415436643900        450.15127555817611        215.05230422635506        438.03989500953776        222.76008881497754        378.52544808695274        260.63558409382620        367.31900077911581        325.14230738072774        360.22036808397706        331.01634970951397        346.02075134287253        367.66483199882674        380.51690334429253        418.61331037314505        370.88256070857000        433.78377281613240     

 RouteID =          8
 Route number of clients =           13
 Route length =    943.81223456006467     
 Route demand =           74
 Sequence =          108          74         451         347         448         373         232         310         475         488         513         296         376
 Visit points =    882.75668151532579        548.58838978506867        898.55029863903496        550.59328339498518        914.00000000000000        548.00000000000000        933.31146543217301        545.29630804755254        922.61978339122652        521.55888723120290        925.17379361454152        508.50246877206195        926.58575541491416        501.28434413587303        917.56701480538050        483.96772063799182        906.55611385034956        462.82600756896579        901.17018466758759        452.48464042225459        867.56932672318987        450.77933055697201        867.56603249161128        450.77895087425861        846.43324148159684        448.34325221687158     

 RouteID =          9
 Route number of clients =           12
 Route length =    716.16298868406238     
 Route demand =           74
 Sequence =          113         229         247         120         162         250         403           8         298         292          90         354
 Visit points =    451.70791674729668        664.12099312572707        436.07412638545026        717.25254239186938        389.21054503810700        714.96446391855397        370.30412586066876        714.04137249707640        292.83245037577348        710.25887733622960        324.29187365606174        660.43605123678162        326.80865292162400        656.45018491744031        325.05814019087330        642.40702261507977        300.27376475667779        634.23527259089940        314.09058885103212        614.60086913586440        314.09075445509467        614.60076705196741        368.56088211611529        581.02353213244987     

 RouteID =          10
 Route number of clients =           16
 Route length =    1577.1909633490789     
 Route demand =           74
 Sequence =           34         224         266         190         252         159         144         201         143         204          80         118          10         505         371         416
 Visit points =    231.69558340140676        182.70110298960873        230.87097217942750        181.73405827969466        202.49863492852180        148.46361886148972        188.93092888995349        132.55363098110143        82.491093613162207        62.946033078812135        0.0000000000000000        9.0000000000000000        24.146787065204720        70.771056236611898        58.155326961263562        157.76993624378522        14.563004656858235        219.34933386131081        22.615824083220193        249.60010412761460        30.284047228349802        278.40612155235488        35.918420983287781        299.57189431228403        36.270308593275175        309.68864473779848        38.433643945614961        371.88442323394327        117.38485353388587        388.43923022702438        230.72037259661758        428.11818235167743     

 RouteID =          11
 Route number of clients =           13
 Route length =    1188.3139894012536     
 Route demand =           73
 Sequence =          128         177         270          68         132          18          65         214          16         131         215         183          45
 Visit points =    391.45985848495252        117.09274135423880        383.09497034338739        87.556043029498511        371.80358485353685        47.685785204429024        351.83996207630639        45.921802686872589        324.75530324034719        43.528606561412630        301.57571364219285        12.990805325107797        235.29265999279642        15.582900828363089        236.14808008697034        45.713593265991229        233.51195854495583        46.939071061171511        237.25604284141727        73.817961165576151        238.93080566889529        85.841867548019508        240.20694499615021        95.003869205874594        247.66731677209108        94.924093833119343     

 RouteID =          12
 Route number of clients =           14
 Route length =    1028.6912110698729     
 Route demand =           74
 Sequence =           51         301         263         413         248         299         329         233         551         323         499          83         362         546
 Visit points =    348.58142926121258        734.26443432100734        337.93232237031071        747.77580650333869        355.04033141333986        798.11725835268703        405.83550036566845        919.28699331459427        427.47838973221866        970.91620996303459        429.87686144347379        969.06520981957112        431.94715151916290        965.54149213526944        451.08841578411739        932.96233467999411        477.26370540252293        888.41100957026083        483.82478427408847        877.24380713853759        484.08705396479365        845.85485504778023        471.13249581310811        808.25558134601204        467.63394331558430        785.73894795564956        473.22769448294298        776.09887887494983     

 RouteID =          13
 Route number of clients =           16
 Route length =    584.94991199033234     
 Route demand =           74
 Sequence =          164          59          76         261          52         541         274         218         133         527         410         508         435         174         473         317
 Visit points =    345.72271651638096        458.78757663339854        333.04907979311355        462.86571994714654        330.38685700080276        453.84802031248631        299.96011797788384        441.48161481988114        265.27665144467562        427.38513833859349        264.05592545134823        432.40608846562884        254.49627731574333        471.72573659571071        254.06468259884929        473.50092247727781        267.12724165141918        480.23469837583917        284.24406895060798        489.05845784465913        284.24406895060821        489.05845784465964        303.76280207112950        532.15812804539189        304.98215504916743        534.85060357068414        335.84863852611340        540.50373840988482        352.21303242436818        535.36063870159626        380.86623295144955        526.35533925765640     

 RouteID =          14
 Route number of clients =           13
 Route length =    967.31836244815713     
 Route demand =           74
 Sequence =          139         246         457         291         409         309         340         342         230         140         536         280         314
 Visit points =    574.94762887910531        833.75769455170530        582.14187267610703        865.79518872784990        595.16938864962469        871.04748853778335        624.98380043851000        883.05606030050558        640.96520014575958        889.48920471226381        653.61761860655452        894.58379113018566        655.33904680940771        895.27828608345112        672.00000000000000        902.00000000000000        710.01943028159894        905.56168406297832        690.97451332605294        860.59089916246296        688.70962931761983        854.62875014696704        671.97828855191483        810.58466378195135        640.19689909601504        753.18897597857972     

 RouteID =          15
 Route number of clients =           13
 Route length =    1060.6659018615574     
 Route demand =           74
 Sequence =          560         421         367         440         382         401         286         420         306          41         349         415         414
 Visit points =    598.50041079314724        929.37925938789454        606.72584136361650        965.24610608771411        607.93980240775943        970.53956207117938        606.86574728259950        972.83876722511764        604.93345887470980        976.97552878584395        602.94012778399156        981.24297426666078        609.81119025994974        981.66338593518003        629.67984703168531        982.87906621372053        648.00000000000000        984.00000000000000        653.70274672609719        985.47529248993089        657.03804221624728        967.59729870476656        662.00000000000000        941.00000000000000        655.90781470742343        924.41571781465223     

 RouteID =          16
 Route number of clients =           13
 Route length =    1173.2659809621753     
 Route demand =           74
 Sequence =          207         237         188         122         181         142         147         106         430         496         279         316          49
 Visit points =    872.99285766409332        200.38748902733488        891.35994929435572        185.63382734893599        897.09865408715291        181.02412045088602        935.75098139163140        171.58612143128195        946.57074584389477        177.09522192909003        963.63253999805329        185.78265667094882        974.71833143851813        191.42729244526453        981.71215199392509        194.98838863927148        966.20244384448051        203.36989907974800        944.53042832462518        215.08154591382097        909.00501167582229        243.92406289882229        852.39432608369532        289.90358707316608        776.67209626913393        351.40561729726301     

 RouteID =          17
 Route number of clients =           14
 Route length =    1153.4714227076734     
 Route demand =           74
 Sequence =          315         379         380         431         531          75         522         514         111         426          77         537         324         149
 Visit points =    649.17777841658290        52.759499859116232        656.11352280659787        31.965787382014497        657.00548009005240        29.291654332833588        684.97937964185803        21.587178241203823        702.60465780094000        16.732884189940354        709.79615496932161        18.638500758494676        713.44206460015164        19.604600812111887        762.34417012195706        54.635821109902629        781.00000000000000        68.000000000000000        772.17371288123388        79.092604727500188        750.68396766355954        106.09316125246922        747.88486164830601        109.60590133704221        743.90817541710885        114.59644655111140        715.21809890765508        159.93013582394889     

 RouteID =          18
 Route number of clients =           16
 Route length =    893.24417227439767     
 Route demand =           74
 Sequence =           29          63          53         498         444         295         542         282         460         470          78         325         213         260         471         203
 Visit points =    582.29480682359520        285.05545548062230        626.26762181937772        170.17571961052693        634.23157499760919        149.35955406286104        642.93855940920514        126.60726585686703        644.02316124051640        123.77840520386010        652.42130726638663        101.87434404063127        635.46481150859665        92.043635325137629        634.86139407495557        91.693797651793489        634.26879797831054        91.350233763636950        617.91259433037430        110.20616058191729        611.73656475421308        117.32607448261790        611.73656475421296        117.32607448261803        570.33604463216170        150.24380278606498        567.85358190030126        153.87867561030006        557.51067232450634        169.02297584815437        529.49677336951561        330.24447676707854     

 RouteID =          19
 Route number of clients =           13
 Route length =    1437.1860130530292     
 Route demand =           74
 Sequence =           94          46         243         141         107          92         193          12         125           6         255         500         236
 Visit points =    211.03888365572215        946.41570761946787        159.65463854858507        966.32794820356014        154.74420346286902        968.22762454158374        150.01189900874795        970.05838834130668        126.69072518529197        954.37895485479305        82.580887295878867        924.72276025140070        81.279005478292206        924.52817505972791        22.989939823652684        945.26289085018925        35.946140730527524        901.15016789275830        41.890115283090871        880.91346144684496        28.887178625183775        864.64863843057651        91.276056531908793        763.54416735372456        99.830053329697364        765.26372640848251     

 RouteID =          20
 Route number of clients =           16
 Route length =    1205.0218804173476     
 Route demand =           74
 Sequence =           79         138         450         121         489         151          86         271         239         127          43          60           9           4         495         126
 Visit points =    363.27270378660700        486.59423030920249        198.96965912443198        470.48472739911574        183.16761852277631        473.75376566594645        171.70164602798874        476.12578228055781        168.81910431111902        476.72210647790206        62.898476146059039        468.24505638856721        59.382716015122341        467.96368272936280        14.516633114774455        482.44065131483825        27.978778604058995        545.06085482174262        39.822061747355420        602.15918812853818        93.940495965973909        698.19206551684454        96.364018938508750        702.49259430762606        125.66756642399007        728.07967234527109        140.60071935459297        718.76380754454090        199.71270616429854        681.89039184766602        376.04070915931499        571.89889766280942     

 RouteID =          21
 Route number of clients =           12
 Route length =    618.51706377471339     
 Route demand =           74
 Sequence =          145         365         357         361          13         554         328         532          62         521         445         303
 Visit points =    508.61214430342108        601.55990581297135        543.08441656615912        633.42248612974458        553.55501246227220        680.53584282220845        554.78548368851989        686.07245509883558        555.23252129679781        686.92006847868709        560.01412249508348        695.97383040709167        562.75538621486317        701.15170408811525        575.83330049201322        719.78741459564617        602.84950986117167        758.28496962578220        603.30178777353353        758.92945655517156        590.42984518867104        763.02694314651865        512.06748433435189        728.69530113494750     

 RouteID =          22
 Route number of clients =           17
 Route length =    1069.4736975095755     
 Route demand =           74
 Sequence =          319         368         543         491         178         492         119          40         419         549         302         453         506         343         375         474         501
 Visit points =    542.16487409696481        113.87931445781810        547.86811111352756        97.933265735007936        549.42755331040848        90.554799532529245        560.57099083170976        37.829871802083190        559.52227180357920        32.584112863369285        552.79130788882219        22.738147007489115        556.42759625673239        11.469169139897552        562.37323844433934        10.671530894349651        618.36353395457695        3.1601469816777183        615.71682731508201        18.690503903246015        614.95370189876553        29.644889905060829        614.95367872958695        29.644978708381061        609.48472537638747        50.606407939521574        603.33093936939224        74.192648447012047        601.77838564066155        80.143278775238770        601.17157115211023        89.460033153823304        588.08437265525345        142.56603888077751     

 RouteID =          23
 Route number of clients =           12
 Route length =    757.55016988554087     
 Route demand =           74
 Sequence =          331         502         287         341         339         556         167         464         334         383         338         251
 Visit points =    268.28017709490342        574.26137125611115        256.29811772059884        567.62256792439257        249.00029856529085        563.57912392123285        233.95373028459616        555.24239277074150        200.98986479129795        536.97836876394001        197.79852443824848        578.71656240565244        197.79854899699873        578.71741402167993        198.21792208370678        593.25792079379232        198.87798021044105        616.14346105844334        212.28401051447028        620.52012916310093        256.56372875569440        645.19201036041659        299.02278203051520        649.55457412204771     

 RouteID =          24
 Route number of clients =            9
 Route length =    540.77298034944465     
 Route demand =           52
 Sequence =          267         165         463         550          99          27         469         422         352
 Visit points =    603.35535879091708        505.32874402809387        680.04836679539892        509.28897199662151        685.68885545946944        509.58592693203224        738.35263166073321        512.36019124856966        751.22181902359955        530.08011009004736        736.84043959826943        546.87674642749607        719.66699413278400        566.93435770480517        683.90898359410619        567.54183971866757        659.14620401759305        558.44753852435042     

 RouteID =          25
 Route number of clients =           13
 Route length =    465.07596269570433     
 Route demand =           74
 Sequence =          278         241         552         535         284         429         135         114         393         512         378         418         483
 Visit points =    597.58016879488696        587.88554578493290        622.73004883749741        610.53677667813281        638.51117714077645        638.37821910037178        623.42268179207815        651.36838136707820        620.69570224483812        653.71612420014299        612.62562889502567        660.66390526747955        610.51726243746384        662.47906455065959        603.00233087511572        667.76212043127498        598.65433126113669        670.81876436248524        590.03416691771793        681.57904380554328        590.03388071642826        681.57945685586617        577.21890139298057        655.73495039033742        536.90043751709231        574.42074029077685     

 RouteID =          26
 Route number of clients =           14
 Route length =    1008.2454816321737     
 Route demand =           74
 Sequence =           30         257         124         538         387         289         318          93         472         226         490         276           3         456
 Visit points =    261.41452885505612        765.04679510880487        240.00750484488211        751.64375017598695        227.41967930131341        733.10329704655737        202.70960990384992        696.70814032128067        191.33375913391279        677.98475609487571        177.63982428961600        655.44606348660921        152.61184649912516        633.29562331888951        132.39197434581106        615.40048724037274        115.25652951853711        600.23515312624363        118.11000709332258        558.25653540788949        127.95970682625168        556.67811954420949        155.61026842952035        551.99291607161285        155.62586172673318        551.99056193094248        448.86082967270119        507.72053968782257     

 RouteID =          27
 Route number of clients =           14
 Route length =    1071.9402006614439     
 Route demand =           73
 Sequence =          197         158         171          85          32         109         253         189         525         212         157          24          61         182
 Visit points =    309.30498642292343        827.60178886556605        286.85817054978628        864.92626605638429        289.83026894383448        869.95294159594687        291.32039693220588        872.47317777822286        284.52426473811869        932.74704023930394        315.60860743949991        970.04547398961518        344.49499826688543        956.84823564253293        374.02660004239658        943.35622171350133        377.24682190908885        941.88500865129583        378.65792208879304        914.87480383269440        378.65792208950194        914.87480383236937        388.35625875684406        910.42310752856838        402.47279490362666        830.92153864726060        405.82802836560552        812.02552043027219     

 RouteID =          28
 Route number of clients =           13
 Route length =    794.90053292519360     
 Route demand =           74
 Sequence =          392           2         428         479         117         389         294         333         465         336          89         438         345
 Visit points =    472.19595071150911        721.66621239298127        504.05958049268190        755.65601092420718        550.95688316241399        782.07658155096010        571.50307368401093        793.65034007975805        581.00000000000000        799.00000000000000        587.34702495230124        810.76782406036614        600.19157618458803        827.64031582531607        614.70349928831695        818.14651086912556        655.01731276206385        781.26363124137879        660.95942798036958        754.32083891405716        653.01646271973436        742.04747014117368        639.00855366801170        710.42904840042638        624.99775971171232        699.73344484731206     

 RouteID =          29
 Route number of clients =           15
 Route length =    1023.3124456745892     
 Route demand =           74
 Sequence =          290         400          66         195         485         443         530         540         477         446         442         507         476         264           1
 Visit points =    528.38483221458557        834.32080139949198        541.36855178828318        869.76968547484137        561.00694752320976        923.38754204373424        568.02643082031057        942.55253157199411        573.22256382849764        958.84400521947748        573.22729248096243        958.85996286189811        573.23140144289675        958.87500514589317        574.16235667311241        962.28422564425750        579.00000000000000        980.00000000000000        528.47848368363191        963.78595875578685        512.31260337288938        958.59778806696545        509.39659018003670        955.14826324561898        502.81488021298077        947.36236846506392        499.03898541589791        942.89563873378052        499.03898541589791        942.89563873378052     

 RouteID =          30
 Route number of clients =           13
 Route length =    1186.4403459168707     
 Route demand =           74
 Sequence =          424         148         425         386         517         155         516         258         544          96         399         166           7
 Visit points =    810.15693711985887        470.70436312211467        882.82446315977177        463.84051024575564        915.21021849237320        460.78149513946676        944.80847976333291        471.87247602562127        970.56295170358828        481.52312250811013        986.69636633355583        508.21483036765807        973.41326583310604        545.26579932143295        962.32273888549753        606.50713410862181        958.44164498338841        623.31514314054289        953.40934510849581        624.59182337092125        914.33118341961801        638.51136461713543        920.35468328166212        684.15397255499136        871.57696109038363        691.78207152659638     

 RouteID =          31
 Route number of clients =           15
 Route length =    1035.4018232226285     
 Route demand =           73
 Sequence =           21         194         242         221         175          50          88         269         322         110         169         216         105         273         504
 Visit points =    314.00000000000000        338.00000000000000        302.56429741899819        321.96596585995189        280.34925029222171        257.84185946450890        287.28601247509596        204.05626011142110        304.72063793863441        183.64828596179669        308.68173973452127        182.18490870413964        360.91157284291012        162.88919422631460        409.91678993920982        144.78477725351456        435.29141105581840        127.63233799398748        449.24199818535197        121.58606851522440        474.75473540564565        110.52869272577105        499.01745133233067        115.44934422050876        525.98460483924509        120.91847490701511        512.36811241921203        153.18090319896439        512.08037556282773        161.24944537137961     

 RouteID =          32
 Route number of clients =           10
 Route length =    389.16374586299423     
 Route demand =           61
 Sequence =          355         104         210         447         268         222         137         146         163         528
 Visit points =    490.49139157829740        515.40961128033393        478.72811935504450        534.47312134468223        472.12746255093856        545.17011832207504        451.84087205995036        607.30520546905996        420.21521410830638        564.67027589249722        402.34078205581500        540.57353921924778        383.27724385008429        496.20389386033901        383.81639847695419        495.36776982323016        430.41093733383332        460.37580791755636        463.22817725526897        479.06202912017102     

 RouteID =          33
 Route number of clients =           12
 Route length =    1210.3435300220872     
 Route demand =           73
 Sequence =          494         275         497         404         559         234         219         196         116         191          23         249
 Visit points =    125.12516621643756        654.08405819192740        69.838248474317439        670.84928224646683        63.251460442087861        672.84715326671335        56.664852074177524        674.84522281108400        49.666121735100141        676.96831092543164        35.235408620207735        722.26019213499899        41.149174814981293        728.38118771672293        66.032344017514902        754.13608585124882        112.07970186065089        801.79661498084533        168.23003916128604        843.64674801915066        206.35270666302293        851.62928417953401        224.47111298468744        839.65374293260800     

 RouteID =          34
 Route number of clients =           13
 Route length =    1094.3455048139306     
 Route demand =           74
 Sequence =          518         557         458         350         283         493         384         454         358         369         344         256         238
 Visit points =    719.66655400410116        148.75884005890043        719.90631554830713        148.37803478943269        720.40113790783812        147.59211315356887        720.40119147390067        147.59196015912048        730.15624171705872        119.72975669871623        776.28927120812386        110.48409455397686        802.34510249779328        105.26216537086806        851.96599948574419        124.06454796066677        844.84065096998586        139.81747449534234        831.44858694279549        169.42503689056238        805.15847871273922        226.28868302341769        804.51846395618600        227.67298971085998        795.98309163363569        235.30606521014795     

 RouteID =          35
 Route number of clients =           15
 Route length =    1091.9676407070438     
 Route demand =           74
 Sequence =          170         192         313         265         391         262         153         277         231         134         533         308         433          73         459
 Visit points =    795.57195762649906        630.75276870588050        796.27771136312742        630.86021736309533        822.81828096112258        634.90093074088531        822.01168915177175        674.57174980358229        821.61380760543443        694.14086351158812        848.33009937086001        787.23904781097542        855.67204875731500        812.82351750828320        813.30928287787037        849.42035740899166        802.94779894240014        858.37155690808186        795.98051029901069        828.52944020857331        793.70846150600028        818.79786306957806        778.08331733046543        751.87267500812140        772.94356212640969        729.85821678892194        721.79680743374252        686.94108863168117        720.50199713679342        685.84975981913510     

 RouteID =          36
 Route number of clients =           15
 Route length =    1392.4596068894239     
 Route demand =           74
 Sequence =           97         297         486         408         548         359          39         510          15         412         509         482         112         427         385
 Visit points =    768.12420803287989        20.090688425086707        783.39631499980237        17.932461644882476        807.96125142145547        18.795859021073650        846.89615051508270        29.065286281290437        846.90520075194820        29.064890084185354        894.13366104396721        26.997344281445418        922.52775905243186        54.242570574248866        933.29729115014050        64.576349762522796        949.00361671383064        87.581348421401159        911.92692550652339        115.99496829376147        911.20979994648815        118.83728211572782        910.89103549551919        119.22596228159814        879.37438301028180        104.43631228943362        874.57674995590503        109.43867804806206        839.58283028537255        145.92591738796230     

 RouteID =          37
 Route number of clients =           16
 Route length =    1401.1470951280385     
 Route demand =           74
 Sequence =          511         406         478         305         330         547         417         487         545         432          35         281          25          81         484         225
 Visit points =    916.63652264621123        141.19715171369725        986.95563809616135        80.639093211850081        985.65920512393836        76.168125969707276        980.94721350282214        59.918030025959816        984.48110292380545        40.757232291033702        984.92076216480802        38.368176332474768        985.35966898877598        35.978005519750212        985.79794948442532        33.586358485581975        981.25941177778088        30.566159452438367        981.23882547230062        30.551662429194085        973.68148841175366        25.229103940999959        966.12433159352929        19.906287379543091        954.14431878019650        11.468271318331324        954.14431878019650        11.468271318331308        946.18841149077116        13.153570690438711        930.64816102014811        16.445461031511872     

 RouteID =          38
 Route number of clients =           11
 Route length =    671.63586900066673     
 Route demand =           71
 Sequence =          523          64         461         520         434         123         332         129          67          31         468
 Visit points =    637.75355079411884        649.74634303423704        642.00373936310723        654.35783234019971        651.22087976339321        664.34882408900421        663.00392530107058        677.11515080973732        682.22740996416189        697.94281248135621        688.02813085969888        697.97902211810299        699.03129589597518        676.34989721335171        749.28196723219310        642.86829894281414        747.31386222612593        603.40969925943136        698.71701955556637        601.25594251227471        688.55695910510303        600.80566019877040     

 RouteID =          39
 Route number of clients =           14
 Route length =    887.90016311246063     
 Route demand =           74
 Sequence =           22         398         180         346         254         208         186          69         198         515          48         168         160         348
 Visit points =    229.07128314020258        437.54733741145702        229.00685661303939        437.53248624245100        208.44498032337350        407.05368014126975        153.65423735261760        415.30065618697512        134.66395876931955        418.15902904498364        136.08919562809962        412.50305272294906        150.38758595072738        355.76065468814608        158.00689821338585        325.52382106774985        160.46645769828046        315.76319066430744        202.04289553300273        352.03109590647790        230.74348313875242        349.26793326728784        242.67064417688323        356.97660888254387        267.53391713882513        373.05166042981921        303.64991865523223        396.40202894109228     

 RouteID =          40
 Route number of clients =           11
 Route length =    862.23594253029967     
 Route demand =           73
 Sequence =           98          84         466         307         481         455          71         411         526         311         259
 Visit points =    657.04734677101339        237.18854787047547        659.13079174576580        229.42876483743251        666.59441756071271        201.63051834393366        715.84407543455814        168.96494956847908        716.96891224668593        168.21888480713920        740.45441884108368        172.67570848387257        746.40850764228242        173.80672010478958        747.12672530013242        175.01963648825804        747.60638337044736        175.82967774848296        747.60638387689403        175.82967913046963        760.47132111714029        210.93539371398120     

 RouteID =          41
 Route number of clients =           12
 Route length =    735.87006382973789     
 Route demand =           74
 Sequence =          351         449         553         130         293         321          26         452         555          70         156         176
 Visit points =    748.67796905332875        469.98181231756661        803.44902777661889        476.26699366866188        814.18304884538918        437.88708877880026        809.25852343940301        437.98720765771770        807.91821304288351        438.01343662682632        806.57790264636401        438.03966559593505        795.90775946577037        393.63925435251275        792.72152219269253        380.38074011803849        787.41655464671476        379.28226945497232        755.42287159089346        372.65751219950073        735.85422907337500        382.41356734655386        664.77790635213262        417.84906183716106     

 RouteID =          42
 Route number of clients =           13
 Route length =    816.01127586114217     
 Route demand =           74
 Sequence =          441         326         288         285         327         405         364          33         337         519         374         437         524
 Visit points =    807.13855277977223        456.93240191550888        838.52525398499756        453.30281219958323        838.69973212182833        453.13882314097998        855.54759736540018        437.30379870209623        859.68124407808853        429.82323233168131        861.28039091171831        426.92218614019032        869.76319853926884        411.53327112463290        869.76306276281582        411.53304309745226        843.99915248922298        368.26433419094241        818.39132208728495        387.55549366582596        817.79428939853574        388.00514304450979        817.79108977294766        388.00744525155238        792.81986328629478        405.97483921618249     

