 nroutes = 21
 
 RouteID =           1
 Route number of clients =           23
 Route length =    1479.7128317630959     
 Route demand =          142
 Sequence =          410          34         380         193         431           9         285         352         451         198         254          94         157         213         319         194         314         108         371         443          15         306         403
 Visit points =    296.87911635306614        717.82405735363068        295.71821233588639        718.84795310731226        198.79784175053501        804.32991752385738        178.95530671389534        824.88550545003079        167.82158000075665        836.41951335540182        150.61682295215655        854.24308209132596        131.31086540052527        874.24376257625227        131.31460623713861        874.24620034541715        160.82409041296697        893.47660244751501        176.36913817972288        903.60687378553985        175.54698550017238        916.53942259846758        121.62016785951045        944.53318582116685        99.340820188287481        927.67735824565455        42.697721391159796        884.82303769926295        34.668832090248536        872.85475905686246        18.405254569448044        848.61142723397529        1.5313603770850805        779.50279560017907        22.683920926018082        785.01132388731662        33.107764722412561        787.72589067842966        77.612921261790333        799.31587824298538        118.40532314946505        809.95105919737239        164.97764977850900        779.45980441763459        174.22013843880003        771.75015736981970     

 RouteID =           2
 Route number of clients =           16
 Route length =    411.95873699560218     
 Route demand =          115
 Sequence =           74          42          81         229         158         394         415         312         343         101          41         417          36         506         152         237
 Visit points =    503.01818862587498        492.28464911702133        515.84263479590288        479.08889607474822        549.06655862238506        444.90303821414346        600.84653013656816        467.01346356699077        624.31624463461185        477.03520277013990        605.35077638295309        532.94060834638151        582.00000000000000        522.00000000000000        571.54566520332617        524.69578371753664        560.57218649336585        527.52655278700024        556.91442522103728        528.47020095635810        556.65031969015024        528.53833626705318        565.00000000000000        565.00000000000000        558.03398901865069        565.26466361688767        541.65061882532268        565.88712631810699        530.72821585020392        566.30210738607241        512.39986933019497        526.75513189283970     

 RouteID =           3
 Route number of clients =           29
 Route length =    1707.0760252357577     
 Route demand =          141
 Sequence =           59         220           2          29           3         437          64          70          28         205         107          40          18         178         256          75         113          44         246         225         200         137         169         104         153          89          23         378         156
 Visit points =    705.12098282127943        491.33821819347384        772.40332672084833        488.49704137053754        791.22395864911664        516.74670241515480        848.07742385692143        622.48859243516097        860.40645510067043        646.48320373881302        873.79343189603424        672.53677586343758        857.74536832802573        738.20917890082683        865.58432255885623        750.69412309401719        902.14046439736410        751.48830461559919        936.51492067849745        728.26819985635382        932.32671848721873        722.02042612120306        921.78293204013130        706.29167449351746        987.04190694403189        652.28550403793179        941.50641880721366        642.05951028305708        927.61253682748520        609.26139650639448        920.19289789731488        591.74648151226006        895.90910322210561        534.42177831925153        967.25180349652521        488.12070386813343        938.46151785792847        413.29521557117687        881.67202006897867        347.05063941972270        859.55649296348531        322.95463235305539        828.43768803327748        313.59657736001816        778.44406255941101        320.23187182128288        769.79061088312812        321.38038152543334        771.57001282627971        327.15283057451285        811.55021830388978        391.52664394013340        760.79341578950539        402.37207422526814        612.54572873148618        458.49495643937809        612.24720556929844        458.60504695094266     

 RouteID =           4
 Route number of clients =           27
 Route length =    1960.3468889564190     
 Route demand =          142
 Sequence =          124          43         102          65         164         146         110         175          76          51          11         195         239         227         190         186          26         221          67          20         180         135          17         204          84         128          69
 Visit points =    627.33784083761054        256.52891079534930        686.34631198629802        143.70418682980252        806.10275851533675        180.55941551011762        889.16580131308285        232.05800889816101        945.92795675033028        277.82173710246190        975.91790934263111        302.00073504081922        977.59643917489541        287.46454580539387        978.78489659965794        277.18647458547650        993.03406223510751        153.95619626497532        963.03116407882737        77.992462721877587        954.72833765712915        59.734035043608309        946.31564802718981        41.234011390632354        947.48273419772784        16.638286577873128        897.19731915529974        42.828283736919047        813.90816560643304        24.805589888642320        808.30323387203555        35.088412022674468        778.78270122727963        89.246856919513348        712.35511439836057        56.225403678231366        684.45538977657304        42.356324640094186        611.91250110845522        32.712850542223627        593.15767290693805        30.219681283431324        574.10757280823782        51.865317014362788        579.58256173973791        61.495421046663175        620.23386945401762        132.99809022745981        569.39531316546402        194.32993114264764        553.04277752783730        279.37369036056623        513.11113494670349        445.46550061490075     

 RouteID =          5
 Route number of clients =           25
 Route length =    1805.1753325652198     
 Route demand =          142
 Sequence =           48           7         278         144         236         196          61         181         172         120         155         212          24         228          99         123         100         103          16         147          54         149         202         241          60
 Visit points =    438.57537348132064        422.38372514987344        370.72789333553703        389.22345571576642        239.83438270724773        319.79899723892163        182.32314758618023        267.10423655956811        175.05680284819647        227.92844856848149        158.41011713082165        138.17946831309629        51.451604780779803        83.311173042794181        77.112981765681738        31.603460393200326        80.423028231733738        31.808126896488410        180.86242893180432        38.018487126915183        206.23418908231483        46.170548858382311        224.98807317372820        70.447475999396787        227.38159779273775        73.556329066678202        297.37047656392497        164.46207480888353        302.79264219154368        137.98596386395155        315.64118848002397        75.247279659592152        373.30304099156280        64.387095819658271        391.38073842828129        22.639275890337746        426.07022922285222        62.999990561771085        428.95917384791210        60.879394145179020        494.35319423155636        18.093219312062740        485.17896085901231        64.823555781318717        494.20073420901394        99.541600671256163        504.80239963584501        140.33946622578745        504.52023091300197        161.47160040192355     

 RouteID =          6
 Route number of clients =           25
 Route length =    1063.7819831619395     
 Route demand =          141
 Sequence =          425         342         435         385         473         450         375         252         409         440           4         134         131         173          25         381         189          63         126         226          77         369         187         177         447
 Visit points =    466.48753367831779        559.86328948278242        420.84302528129660        641.39803518731799        383.82932056371334        719.48629331146253        378.11543721320459        731.53916941315970        376.54900156622483        734.84341166246077        382.05097107327850        743.68798920797678        395.60992536961777        765.48440639210276        395.56597213269572        765.52374460241833        355.10896359224341        801.73282548358895        351.30186088794323        803.77510183405354        337.51951540481622        811.16848216033964        358.11408528491808        816.32266202336314        382.41861261513691        822.40531499820906        406.92895841392783        828.53946298039853        419.61531795267433        831.71443726932637        454.59046734124917        868.45742405676799        453.47815713306801        894.16832189217826        453.42764102484858        895.33599480205351        498.30082414290683        867.44357064661369        552.82977410495903        861.00735384166865        573.85229235618363        834.87946670337124        589.12424976147543        815.89867787979131        543.65628824225723        804.36063341732427        547.34582710043173        791.52141761365783        558.45869816615345        752.84976912430795     

 RouteID =          7
 Route number of clients =           24
 Route length =    687.82640954484418     
 Route demand =          142
 Sequence =          119         354         376         357         383         303         395         359         483         273         444         283         140         490         479         318         251         327         501         358         407          31         150         482
 Visit points =    415.96628601812165        551.12190069240171        337.56852722722556        598.81517491917430        337.56852847413114        598.81517476816532        317.94706227090126        605.81683052972835        317.94706227041723        605.81683053018128        301.46640325793749        621.23636379873972        284.07524485096104        637.50777297933087        253.39294995963101        666.21455392476355        272.86056744915601        660.27626395262291        276.75030346369044        659.88735796395486        287.20367630410061        658.84220238418663        298.14166811632748        669.01892492296531        310.09142368328935        680.13699384264271        317.91580216797109        687.41680628389884        333.06005974244090        701.50704423954642        340.80593661907449        702.44835424483097        342.12121768181197        702.60819257170283        348.36614508477106        703.36710174049745        364.77685656746911        705.36139868398254        376.74770626220328        706.81614541950955        378.79080452806841        704.36430915097503        407.99625821779023        669.31607295410208        432.31348893458647        630.68939186292471        494.98759532453255        550.83647277066325     

 RouteID =          8
 Route number of clients =           30
 Route length =    1171.5466265450202     
 Route demand =          142
 Sequence =          298         274         408         500         367         262         494          55         281         511         127         151         344         508         310         503         304         271         509         345         492         363          96         253         258         412         399         474          97         234
 Visit points =    81.016444177932414        548.42665525473478        66.365952173916810        560.13457201824167        58.577632023468119        567.68023695476597        48.496314599524126        582.17502596404643        46.268319622644526        585.37840859208518        41.420173438550520        600.54358084628370        29.434621725998234        638.03480932425248        28.373194031945239        641.35499258698098        29.532658708312571        643.83511189763658        49.390538438556234        686.31153398403865        51.910665040731210        691.70213775036734        52.235008329158283        692.39591486087818        58.703207070079557        687.65110476363509        91.260696186822969        677.34574173469412        94.160047460390686        679.28546374096982        104.29577283093492        686.06645979689722        99.635334656413661        697.46765632401571        95.023395003040505        708.70439459285421        94.245115949563257        710.60085615072182        103.48747976463834        727.33049685315518        112.56088524055197        741.50956606435705        119.32375730203243        743.50224359047888        128.67559291370446        746.25775818279328        141.59152007479628        742.78330744400648        159.33982285672332        732.50560072767928        161.68471032940968        731.14664472654238        179.40790079408794        720.87536451840549        179.40917283786959        720.87448813140566        277.39932700411492        653.36319719686753        290.92223464656405        644.04644031768999     

 RouteID =          9
 Route number of clients =           24
 Route length =    1224.0372404793545     
 Route demand =          142
 Sequence =           86         502         459         465         257         463         279         346         452         486         405         293         424         332         392         309         461         286         130         231         112         122          87         470
 Visit points =    262.81623526745818        498.45816995871974        206.06121235770937        498.06993372541228        92.846606194761009        497.29548223198259        70.774342903511027        505.08715702079269        45.855505990941992        502.34104727498442        33.680290835588615        500.99931222078675        30.803405654223805        500.96130152545959        20.126583902026407        500.82023457313772        20.126583891609048        500.82023456642224        19.900242903644195        500.67432698646121        22.128407520923655        498.54750241655051        23.128870866805109        497.59254154592725        23.128870871017298        497.59254154269490        19.931890559505398        462.02334580273487        18.678403029878282        448.07720321015313        17.173877682218720        431.33804582989933        31.040635805735608        407.37014961351241        47.488920766248704        378.94023229905719        59.078706894140652        358.90795160236445        68.945174302401341        284.53736079133205        72.114152987603731        263.82724452919064        123.53351756525394        276.59078197530749        161.09023826998271        289.33673003418966        170.02296387189506        294.88923219700803     

 RouteID =          10
 Route number of clients =           25
 Route length =    531.38174511933880     
 Route demand =          140
 Sequence =          269         422         118         255         284         466         487         390         211         331         114         265         491         445         320         457         510         439         458         215          73         420         109         267         219
 Visit points =    503.65502088050459        588.59202148424652        505.07520550327672        622.95946655272132        505.40029493164582        630.82639659313406        509.09665777444548        637.53184877409353        514.51174218115852        647.35517810871363        515.25159134042804        648.69731451944722        515.82221275066115        674.09853494259755        514.46552480652360        682.62509403307877        511.46157552144933        683.18718993552943        491.19823247095889        686.97884585835902        486.33461032590469        691.62510983844470        485.23023648627640        692.68107886267649        470.52763082503697        706.73993990112626        449.30906135583098        727.02968454210145        439.16988178404688        736.72503015336190        435.29324896405609        702.95569331719196        436.09709252433117        697.41340031390791        437.12217185307156        690.34574402821170        440.07411887256899        669.99283443142031        446.56693254288626        660.29813415025012        450.77274359053297        654.01825409076719        463.00045489674972        635.76052379824864        470.59822354361609        624.41596329092658        476.44541160955890        608.77213119080238        482.04690080146560        593.78565299981574     

 RouteID =          11
 Route number of clients =           23
 Route length =    795.23402021612776     
 Route demand =          137
 Sequence =          418          62         162          88         402         499         397         105         232         248         340          46         468         421         446         364         216         238         338         321          57          19         280
 Visit points =    401.32957398509512        462.91696173831065        269.14129933673536        462.83742595880642        248.91458886697876        447.88186382523509        184.16305168337459        429.80752915331658        164.70048777531161        424.37487212387072        148.77196902345131        454.50632023253905        148.00473393522779        455.95767328099856        152.99331577723970        479.37220213461234        165.31994706361343        484.09495021949789        165.72071606754389        484.41436272009798        186.17363484646373        500.71531880122075        217.20873182147392        524.81063690660142        235.32285391133763        538.87589693439111        237.06629779933854        540.22964696028657        237.06629942406460        540.22964832489572        244.21612186996362        546.23477178353687        254.12228408018021        554.55493421113169        258.34736076357842        558.10356621704238        287.43762237577681        562.41881003041817        296.01320411324917        563.69091017623487        302.52519277902991        560.17629101403497        348.49960782942929        535.36320112704641        427.71819013245698        516.87201031991390     

 RouteID =          12
 Route number of clients =           25
 Route length =    1021.2671775493233     
 Route demand =          141
 Sequence =          209         133          80          38          98         163         430         165         496         478         400         270         322         242         372         290         223         206          82         333         454         377          56         288         224
 Visit points =    355.86195420092741        434.47626708700426        339.27591078838952        426.93641546335147        222.49326502407499        373.84817739598185        220.34518438493768        372.87168113994932        174.33089612450101        373.28313188901160        159.61827349891092        373.41468927757114        116.13977031282479        345.36654145942674        108.04183156761390        369.25061747549034        92.152441559782375        416.11481474054955        92.131173374235232        416.25219152766175        104.39967286124137        434.06572435427978        90.759044609283578        455.88928772287994        85.282366091124146        464.65139445893504        96.712220309803484        488.09448721011728        98.689554143982292        492.15008493926263        105.36583264977656        505.84342264441881        105.47710374459453        507.80366890007588        106.03230480193967        517.58456299101692        126.97806888133610        535.38393268589323        133.51205536009905        540.93640813998832        146.84271644188280        552.26458714434386        163.85489002207623        551.72041645129582        273.94620174974619        527.97309159064775        281.97078002155291        526.25147584560659        354.02003624240240        510.79382439940775     

 RouteID =          13
 Route number of clients =           27
 Route length =    1509.4210142284830     
 Route demand =          142
 Sequence =          324         185         207         199         218         245         170         210         233          32         250         125          85         183         171         138         106         294         323         316         111         201         188         182         432         276         373
 Visit points =    559.42643689235388        640.81364301562917        676.68688589459475        918.66760615267253        682.54457041796684        970.03423816151485        658.22514950709569        955.26652158043657        645.55814566834931        967.52745044212077        595.00000000000000        961.00000000000000        568.66015634936969        963.90120703532523        530.87670871963087        969.16169120388270        484.86556194522177        975.56280755664022        483.60551045838281        974.52380220357475        468.30945085050490        961.91107329575641        397.10814794650548        979.56565406033576        349.36629486082040        967.37595211452640        336.76833917209871        976.43628302119919        318.25782182842300        977.26149127094618        277.78141597911497        952.61170283297497        313.43098372474020        903.14934254110733        266.20098731931108        846.41491268520269        254.48600999260023        831.02943572951574        263.25258209450760        808.21905988362039        263.25258221533335        808.21905967742475        265.45162317231558        804.46627959405259        266.34724225754150        802.93785809983160        296.14907333794889        778.06000734987481        326.87576999093716        752.41010109714182        326.97627601377440        752.26356623380184        329.60410653312516        748.43226562948564     

 RouteID =          14
 Route number of clients =           22
 Route length =    623.78372649509481     
 Route demand =          142
 Sequence =          347         370         349         436         497         464         460           6         161         472         433         266         404         387         317         505         462         329         471         260         423         391
 Visit points =    559.88136579824697        669.68769849450916        561.49431332156746        719.72491823040446        581.18169034602397        727.14465788131838        616.63338025550684        723.70514247375945        630.62721888260864        716.55180306261468        659.78282743836928        701.64810370639123        659.78282743837303        701.64810370638486        664.62520680112175        693.66932171216979        670.13924218633940        684.58385298878022        667.12181207599963        676.61395280755858        663.88097064581200        668.05395911847370        659.95099137508635        657.67375432280187        665.00000000000000        642.00000000000000        666.26607830092837        634.27712040880817        666.26545361499552        634.27699116081089        666.26511788888899        634.27688615831255        655.68499380953665        630.96774583354954        645.10483099290070        627.65852941460730        644.39788476984336        627.43736621237008        643.69894238492168        627.21868310618504        643.00000000000000        627.00000000000000        639.56700048522134        623.95111231904264     

 RouteID =          15
 Route number of clients =           16
 Route length =    442.11372030872872     
 Route demand =          106
 Sequence =          386          58         366         328         512         495         282         259         350         374         406         379         481         355         361         160
 Visit points =    446.12455550811785        566.04477379666059        403.55105426161992        618.23473317565868        398.64307008417722        623.69746261664397        388.29552675920399        635.21457992839066        379.86537820071305        644.59758097536985        374.52203495208289        650.54487774288236        366.94680875019293        658.97632528562190        363.35773044544669        657.60868571284630        358.77559252205998        653.48142103250620        356.23168897104176        651.19005323610668        347.31417696770893        643.15779123456014        347.31417696770905        643.15779123456002        347.96142761449721        642.41656103792911        350.58365459763900        639.41369040677284        350.58404862172881        639.41332276023013        403.65694947222386        589.89337935499236     

 RouteID =          16
 Route number of clients =           29
 Route length =    1680.3643683440912     
 Route demand =          142
 Sequence =          368         176         325         139         117         230          95          22          37          92         244         192         136         179          78          72         235         145          90         356         166         247         154          45          52         388         507         411         313
 Visit points =    778.84942164167569        699.64402830778249        808.69565890393096        687.68163193922510        946.91629604250500        753.23018135949417        970.86691600054826        776.91169153887097        967.71859067930859        793.82814250510580        965.50581119531694        798.88369451818801        916.07900113583628        827.72470999668599        949.75166743168677        881.58646240508108        951.10372547144902        883.74917250173985        991.72012079731337        905.48529062636783        950.10212817460535        913.38990415919977        926.28042958120875        927.70773319301213        910.08342270157368        991.41838740248602        909.16395349567961        995.06302947554445        889.71849419955186        980.35657935639279        866.79222846377252        963.01762231109467        806.17240638874637        906.97875366828157        801.69187041231532        902.83680540057037        773.37976272567460        923.17117837537319        769.96534491312082        925.62348768631296        740.58171614435798        974.03276199752065        726.43270186999803        941.10432447645633        721.56908782006883        891.28899058889203        715.23855274590005        881.78537481960473        689.55076990306770        843.22199664651612        630.56001379987799        794.80604667268460        635.62098638686371        774.06741308531366        633.70582206140284        767.38773556940919        608.85842123878706        680.72539417290864     

 RouteID =          17
 Route number of clients =           23
 Route length =    1196.3629916981486     
 Route demand =          138
 Sequence =           39         393         429          83           8          33          30         168          68          71         214          66          35         174          53         191           1         243         132         184         116          49          27
 Visit points =    538.00000000000000        428.00000000000000        582.44573021665667        362.82088327653520        673.26628467309547        373.19435235035775        684.89291910930899        335.80143749719645        678.03001336336024        277.71779102461937        669.85156298503500        208.50013919418748        667.96130827855006        192.50212171020766        523.43663694141719        220.35659069791780        500.83951302768111        224.71177020770770        466.42917061669328        228.30292428230007        384.23077018753327        259.25289996058615        339.16771319270242        263.90633331266878        298.64149779176773        288.12725760531475        316.35397630627995        287.62043960428934        321.84988116991462        287.46499108969704        409.00000000000000        285.00000000000000        433.05738554656892        310.12828131272704        448.21701728919379        325.96273224625151        456.44669618633617        328.35847112530496        459.86470013827466        328.76620078268860        482.98928342692614        331.52470503078189        503.61086998194475        370.56003993113785        503.37577662384774        378.98750340578283     

 RouteID =          18
 Route number of clients =           26
 Route length =    1112.9384589217475     
 Route demand =          142
 Sequence =          360         305         300         297         453         398         339         353         434         469         438          93         159         348         129         295         302         441         484         301         365         197         488         426         217         334
 Visit points =    318.09076331481697        647.33513571949004        190.71168361043777        732.03540705088358        185.98803898885930        735.17637793911194        180.34215902401110        743.27876704415917        167.95988622168602        761.04853772187823        165.46411332205304        764.63021556068475        163.20804875874131        765.20629875592761        158.40067518130203        770.65062837837752        136.18804292677626        795.80633759936882        136.18804291749302        795.80633759212481        135.65285833773527        795.38871174045573        135.00000000000000        789.00000000000000        133.10454554816229        783.36494235780037        127.39399916686915        766.38787493429038        130.59382307515324        732.37628510784384        130.66184638574944        731.64689133333161        131.01318514981330        727.87959002137120        135.49035529666429        713.39827685824798        142.00112200171819        692.33933817702848        148.81618810245752        678.33343069572879        146.44551573456530        673.38765910207269        124.02607022508136        626.61550355325971        112.72349778017524        603.03571982171070        107.56164958592191        577.69777103153581        256.74924164368281        586.61897274410398        296.02955289141005        583.91323579893810     

 RouteID =          19
 Route number of clients =           22
 Route length =    673.18426696614381     
 Route demand =          142
 Sequence =          401         336         330         351         291         148         416         141          21          13         448         414         480         287         341         261         382           5         292         143          91         326
 Visit points =    665.38912029001699        506.47602307126249        732.33003656335620        504.45566302758959        736.96233979961187        507.36627917249018        736.96237869067113        507.36632261966889        741.04487445939390        511.92703249970003        745.02640662715146        516.37484759185827        670.37013493483767        555.39096291746966        665.95799358376917        557.69640633280130        647.30309402723242        567.44401229648463        652.29029015503193        574.44470028260969        656.85594873111609        580.85366241750046        629.41403185087700        616.86632529830024        628.69948148756407        617.80404628396025        618.88746565206384        635.10274087904497        613.82027406667100        644.03516003352217        608.94982725010027        652.61948331283020        601.38739893476782        665.94709073185686        592.49124525111051        652.80839082447085        587.29993609917562        645.14253645638041        582.86883865623349        638.60026339992771        570.02742668922042        619.64107482899374        559.33199295453744        603.85022990129607     

 RouteID =          20
 Route number of clients =           23
 Route length =    886.30598123579352     
 Route demand =          142
 Sequence =          455         362         456         335         208         389         222         467         277         413         296         299         307         493         477         442         203          10         476         263         337         167         121
 Visit points =    279.00000000000000        673.00000000000000        265.99625871851879        695.93805344884811        264.68352133938532        698.24484579298314        255.26853985729929        714.78388563308545        251.62329027737681        721.18395348874742        244.95271983706803        732.89566280190127        233.99809760437927        747.05052551116717        230.94069125115541        751.00111059306460        226.87946502301969        756.24876756027322        227.01437910638523        754.41785019038446        227.96300520462958        741.54406482763909        229.01797501617568        727.22710075257771        229.01797592001958        727.22709478178479        215.40020400901230        684.33457727495818        203.42192045921595        673.36298179590881        172.17953626388311        630.55160142990917        169.79290723016351        621.03070536265284        178.46006734959224        618.31438207017379        186.09415036196165        615.91980285230306        194.11712395696159        613.40178419470851        211.51501757875786        607.94127153742966        213.74467309735905        607.24147060489383        235.95130713533425        587.18027096748210     

 RouteID =          21
 Route number of clients =           28
 Route length =    784.51447134779892     
 Route demand =          142
 Sequence =          485          12         428          79          50         489         475         115         419         449         384         275         504         264         498          47         289         240         268         249         142         396         311         315         308         427          14         272
 Visit points =    680.13499037363306        564.85225198610499        700.32978572858383        572.12278812375723        708.98076284013302        575.23731543686029        722.48764039967966        583.25253281909193        742.51471408832322        595.13686305339877        742.51496561671820        595.13668520638078        758.36900399744286        583.92688243611224        777.12494643683192        570.66525142020225        777.12494680960253        570.66525143996591        784.51196892264909        571.05689950337648        788.07975883432835        571.24605800164284        775.02573174461031        608.28650705039774        771.36030635003624        618.68705254184863        766.84530435585168        631.49824867314078        768.50268225732464        634.24590615420800        759.99895091609983        657.22807190735216        729.43276576369567        688.71051321750281        736.29930243638887        650.80617638117997        739.00000000000000        645.00000000000000        700.32662209513478        629.24966038979755        699.77936500869032        629.15244487022892        699.44678523299797        628.10302562490483        696.80908972998225        619.78072128027043        690.58975264871549        600.15799222179521        689.14719561812387        595.60657231886307        689.00528784104051        595.15883828318829        671.38373104780601        586.98449450553289        616.70709977317711        561.62092499307562     

