 nroutes = 30
 
 RouteID =            1
 Route number of clients =           12
 Route length =    1452.3090138524637     
 Route demand =          210
 Sequence =            5         397          63          49         274          23         303          92         391         224         349         222
 Visit points =    690.86310741837315        157.17609248833105        694.82610717483431        164.69174963703912        694.82610719084994        164.69174967106116        699.21775875256208        174.02096953587017        699.91850740533505        175.50957539675233        700.37498640283070        176.47927731255504        700.37498640269018        176.47927731271449        700.37498640259003        176.47927731285890        695.74796084451168        175.30049674331363        677.71779580741349        170.71389181621825        671.81886461458294        169.22086589918757        665.62223028276378        167.66002877102409     

 RouteID =           2
 Route number of clients =           19
 Route length =    2587.1288189948209     
 Route demand =          210
 Sequence =           45         393         110         151         312         426         123         322         366         230         115         314          67         525          15         440          26         208         116
 Visit points =    837.30838918384495        352.14772790711186        842.18765384993321        353.61984058575655        845.69229408522710        354.20160157399380        864.49885193431840        361.34632403201346        869.35071816811853        365.00649309100271        876.34149708071743        371.15865136314284        919.12371737509659        386.64877758768597        948.17699545892856        388.74168649483778        983.21429453568055        392.38182948855757        938.45136268501506        429.09916228370491        924.26512438728707        436.05990968664412        908.98871849523402        462.93771903313944        893.03068552883974        484.45373843910824        878.20476319509692        505.89180009786173        884.12480341907315        576.40589309638494        866.06693843137771        651.29539098967882        864.06516916573798        652.52853838470878        747.93341387999419        694.31313384825557        636.37588844519348        737.50423013616023     

 RouteID =           3
 Route number of clients =           19
 Route length =    1681.8266796939713     
 Route demand =          210
 Sequence =          567          99         198         422         127         410         299         122         477         199          76         285         484          29          19         488         288         206         564
 Visit points =    669.70913272003963        281.43682682338584        737.89645129021869        310.09759445490306        743.17759229238061        312.32285157393636        748.79768743155739        314.69555808673152        751.13251320217751        315.68523099379138        762.06129255503197        320.31835917437417        764.40984907700397        321.31400224249029        767.11828091646532        321.00761266464070        770.18117579296097        320.66131365321559        773.24400054816874        320.31531093111312        776.30668827869363        319.96971053430752        776.35729456900049        319.96438757849995        776.40777232086828        319.95946647675822        776.45812622680626        319.95494555747723        768.04514681183650        313.01448217712397        764.33666093026454        309.95508916211071        755.65634593042864        306.43503321391768        752.57574650594370        305.18578335047806        749.98434580014828        304.13491417479048     

 RouteID =          4
 Route number of clients =            5
 Route length =    1604.1062259462815     
 Route demand =          210
 Sequence =          105          33         412          31           6
 Visit points =    725.75117029865612        316.88615805767779        733.67407428481977        320.34555117695044        734.19608886501521        316.25215301186648        729.10975229571875        314.34256987407900        729.10150129219073        314.33901260215276     

 RouteID =          5
 Route number of clients =           32
 Route length =    1865.4874552504541     
 Route demand =          210
 Sequence =          117         449         108         459         265         413         310         436         394         396         490         189         387         438          96         401         114         451          55         454         241         101         572         512         524         240         197         264         515         203         546         132
 Visit points =    672.59847129586331        165.57021813923683        701.75862805412828        172.74842879747837        704.87966863949646        173.51671982479832        712.56849759173303        175.40944058027168        733.30094405815805        186.78061034204239        738.19646392861432        186.84081574493555        751.23431767121338        187.00115603801197        756.32508268921674        187.06376253287723        764.58237326742039        187.16531109138103        787.41508845909539        187.44610889470800        787.41509651855733        187.44610847502307        795.29580741153734        187.03573177680533        827.29900098376743        185.36921146827171        844.62924143058581        184.46676412020861        877.37653522499022        182.76149589555908        892.00000000000000        182.00000000000000        896.67187874465731        198.52005346704081        877.76621972730732        201.26245706058089        860.44249370734144        203.77538974634754        829.56419397867444        213.34984079944033        817.59906646996035        217.05987434023925        785.02659041885170        218.43659910637285        785.01219959139064        218.43669733667744        762.81495644054326        218.58867039368710        752.33339027674538        218.66123483430334        749.34158614713260        218.68272516508674        746.34908486911149        218.70486435922197        743.35612335246606        218.72743430211523        740.36298641450219        218.75017126582608        740.34346279340593        218.75044750458761        734.24438461074919        218.83687032315740        713.50403230112681        219.13075730919817     

 RouteID =          6
 Route number of clients =           22
 Route length =    1674.6093360066920     
 Route demand =          210
 Sequence =          164         205         406         557          80         479         342         335         505         268         485         465         111         399          16         489         370         324         561         281         423         192
 Visit points =    703.21937445847357        220.84133951593330        741.54475592113488        232.87544973043859        741.67037217334087        232.91319462034340        747.96456044809474        234.80295966516852        752.06307575541553        236.03213131372715        758.64066196418366        238.00365479858934        778.81622165800707        244.05051199870570        781.66350127801820        256.80026278496263        783.03310482219456        263.09053915287194        781.81212452972193        267.86078261875122        781.51867416877781        269.00786820990606        781.22547968453523        270.15467165905659        777.42313026277418        271.53313660031262        773.62167151134611        272.91089234110962        773.52372259878507        272.94600532469457        760.74010323040420        277.52871079126328        760.74010323040420        277.52871079126328        747.24344886021618        273.55312819782887        744.72052894909757        272.80997539801888        720.46064860711192        265.66397051702847        715.94357223333111        264.33341779542332        510.99841230297693        188.66564635915080     

 RouteID =          7
 Route number of clients =           23
 Route length =    1863.1093541474750     
 Route demand =          210
 Sequence =          166          58          89         215         374         487         433         195         530          53         419           9         472         427         416          44         506          87         219          91         282         452         135
 Visit points =    789.19630875472569        285.69405916592581        798.13652360091692        288.93517504594666        806.50103709772611        291.97186589723316        807.53898063147915        292.35270252521593        817.29999672328699        295.93556041502632        821.73055742649979        297.56201943957655        821.73323552048078        297.56316849114779        827.28148090505135        299.94367500613845        827.28148108997073        299.94367511148243        849.23615908951524        312.45071754753917        860.36283429943148        318.78931195126950        863.66539290127184        320.67069871566071        863.92416744826937        311.03243727807171        864.20514600908700        300.56716989014961        857.77746104292032        288.70118019589592        857.77746104289122        288.70118019587113        840.67942892463566        274.11617272889532        837.92571747140528        271.76719468104079        831.45419363010581        266.24683871870940        831.45419363010569        266.24683871870934        813.53951677099838        260.51017015325306        810.56324747505118        259.55711310715208        792.05161099866166        253.62934998975433     

 RouteID =          8
 Route number of clients =           25
 Route length =    1518.5004180696367     
 Route demand =          208
 Sequence =          242         167         369         160         258         256         296         145          32         415         511         365         159         183         267         496         556         383         359         313         223         502          51          81         207
 Visit points =    538.52892047363343        249.22409661197065        591.31323726434050        273.65198370831109        624.62267076357273        289.06715113367710        646.45957276275897        299.17298197515709        649.54446117486873        300.60062773089589        664.66948927098645        303.59666977565070        665.57358272187264        303.77575717793707        665.57358272187264        303.77575717793707        684.46223977911575        301.70812700572930        680.33267412169937        295.04927227758185        681.98145441825068        286.66424782392357        682.21839524497386        285.45926336947571        682.45533607169716        284.25427891502784        672.42868126042731        277.66653792874149        666.29092736425412        273.64285296664360        659.73080078948408        269.34756299665389        654.00000000000000        271.00000000000000        644.45061470357246        251.03310347110590        643.00000000000000        248.00000000000000        639.04208767853163        243.25205841758157        631.79406019049327        240.49233983474988        609.22821409453525        231.90071053942228        576.80301107230775        219.55600168322101        564.54818572477416        214.89116193912540        502.56011614224360        191.29585398175044     

 RouteID =          9
 Route number of clients =           23
 Route length =    1455.1066601446405     
 Route demand =          205
 Sequence =          182         537         375         249         376          59         130         432         333         501         190         493         217           7         187         141         154          54         441         136         247         402         150
 Visit points =    597.45660857629548        13.718943751137584        606.17226792905683        13.917037048761523        636.24638610154648        14.598834961903178        645.93541585838341        14.816919251377421        656.82283694945204        15.060656845942443        687.36623511734979        15.743841443055080        712.25965363019930        16.300649169686238        691.04806564602188        48.182232903579106        688.18981266759249        52.478263532328825        685.33155968916299        56.774294161078544        683.10369918867809        60.122828044851119        683.10369918867809        60.122828044851147        680.46324270439970        58.283525151589686        677.82278622012143        56.444222258328239        675.18232973584304        54.604919365066792        661.49120558584150        45.067884988231924        661.49120558584150        45.067884988231889        661.49120558584139        45.067884988231853        656.72259882877859        43.596220823038635        640.92716427531502        38.721510831161446        609.60521790657879        38.865476728499381        595.82845601507768        37.989999978846228        540.56646966965570        34.466497804857319     

 RouteID =          10
 Route number of clients =           14
 Route length =    1196.7270455221342     
 Route demand =          153
 Sequence =          186          74         294         317          83         526         354         504         174          34         533         408         152          50
 Visit points =    409.25343354206473        39.888248883242177        513.00000000000000        50.000000000000000        515.91405036857941        50.059076002172340        543.07864325391233        50.609793313589890        582.70715431251301        51.413196006124146        582.61856032467347        49.400975516821973        582.49644636698201        46.682948557503707        582.02552852549604        36.201203366534742        578.26338700145800        31.636335026393141        567.68647696570793        18.802717816474843        563.03628775531877        13.160468529460555        560.67578184294280        10.296504598972692        528.09775444513718        20.906129358485316        528.01879087166083        20.931667114139938     

 RouteID =          11
 Route number of clients =           25
 Route length =    1741.2065018221435     
 Route demand =          210
 Sequence =          367         468          71          24          82         292         156         104         297         400         346         344         467         259         478         356         283         248         331         270         325         263          57         371         214
 Visit points =    456.05447623431576        292.05561063755101        669.23244062750439        428.57399563271201        684.98343200430861        428.68434603946616        684.98343200430963        428.68434603946548        693.98846213469074        423.43144441066585        693.98873696523845        423.43125080789764        719.97856880569657        405.12177941449170        721.37257354780456        407.75144400932163        723.65221597527659        412.05323142186523        727.02354300055322        418.41587638474221        732.02593517726632        411.06177430486872        737.87101998428363        400.12442381149583        737.87101998731646        400.12442380039175        741.34407256922088        387.40854876924561        741.34407256922293        387.40854876924044        740.68341197416100        384.11259375763694        740.68341197416044        384.11259375763649        739.14372937348935        382.80036569451858        719.90982970055802        366.40787518542624        714.85839146718286        362.10270128781747        706.19043723357879        354.71530467531414        704.53274493350079        353.30252156669724        704.53268267407543        353.30247498979992        704.53264602447143        353.30245661108944        647.55720663398711        324.73094496185473     

 RouteID =          12
 Route number of clients =           29
 Route length =    2066.9752046863036     
 Route demand =          210
 Sequence =          140         204         112         306         388         542         228         386         411         319         309         179         499         552         146         120         417         571         447          17         185          62         295         351         229         172         553         129         244
 Visit points =    751.26690839333855        409.39213142391321        751.40139028715475        409.38678657297100        769.05529182583325        408.68514957489174        769.05529182583325        408.68514957489174        780.87104881122980        412.84131059627231        785.08004355847834        414.32181327835445        784.37918955876660        419.07264091828750        784.34227425915412        419.32287595412629        785.38272964370583        420.43387772914480        795.64786680770794        431.39502587544325        809.18436868770345        445.84934831807180        832.60349603119823        470.85637162049795        846.59207554399768        485.79342408678406        854.29484865667860        483.19931568122308        856.26730865940897        482.53503867372666        859.33547533924116        473.87160652995323        859.55728986203098        472.60586875310730        863.75172211423751        448.67122602878470        865.39902737259388        439.27122611320277        888.51846584904115        403.92973648447969        864.96719010483639        407.25728984123191        861.68683938640436        407.72076970376668        860.23659346511113        407.92567455630751        854.52063414886277        399.39671341310452        852.30589762786178        396.09203598540563        834.07740704770072        392.74570537096668        828.56092362819686        392.60643716520713        810.74588206326814        384.16764332161813        744.47762810193376        352.76678207200445     

 RouteID =          13
 Route number of clients =           22
 Route length =    1793.8063619145414     
 Route demand =          210
 Sequence =          475         486         131         555         523         562         279         128         216         510         448         320         113          30         143         155         364         239         446         450         355         420
 Visit points =    775.21992763782066        337.96884666125317        780.63551541019876        340.33084646190088        780.99406310300378        340.48820610543441        781.35207084697799        340.64628508485004        788.76739897020457        343.92101068094667        796.02608956159452        347.12656267794017        801.02664758488856        351.06696901397254        801.02664758488879        351.06696901397271        797.67323282249333        354.83114961618026        790.53303845905884        362.84603802154771        781.53628190122265        372.94492275087458        777.16776981066710        380.27462718451352        775.33447185240152        383.35062466244892        774.97976839840260        383.94576356226440        774.97976839840260        383.94576356226440        772.57201702679890        388.89534451526754        770.16426565519532        393.84492546827073        767.00000000000000        394.00000000000000        766.84332957972367        393.86096825978535        761.42730190603561        389.05470201504261        756.29960111436264        384.50430147926113        756.29960111436253        384.50430147926107     

 RouteID =          14
 Route number of clients =            7
 Route length =    1460.1524944192583     
 Route demand =          210
 Sequence =            8         353         125         254          14         570         403
 Visit points =    604.16159032343410        235.09123462003308        606.67400860105499        243.22116143865347        607.20949590447583        244.93745245970351        613.55685344851099        265.28137600490885        590.95830501677972        353.87794498671610        581.95302043489812        348.48539601193460        478.93828091395574        286.79805865574360     

 RouteID =          15
 Route number of clients =            4
 Route length =    1073.0008838694039     
 Route demand =          196
 Sequence =           40          11          39         276
 Visit points =    503.39808960277287        120.88282345821993        503.04809677992921        110.35575450963844        503.18925826470053        75.246468274232512        480.29570942722586        78.011066393424315     

 RouteID =          16
 Route number of clients =           27
 Route length =    1519.5237307506800     
 Route demand =          210
 Sequence =          336          77         345         243         514         194         100         377         301         181         507         362         176         521         327         304         271          93         191         540         162         528          22         463         300         398         343
 Visit points =    570.50022387919341        102.14699936425173        584.36295786515552        104.62909599551683        590.06619625796236        105.65025018397262        597.91423532813553        107.05542693178906        601.48708091535309        107.69513826576767        604.95609255084241        111.65978472307914        616.10895521310090        124.40611194505958        623.11297334967071        136.43606929521172        623.11339244492831        136.43672232128688        630.20170759568668        147.48155542194223        643.35183091674446        167.97174445063237        643.35183091698968        167.97174445083007        649.18772895954623        172.67516613364245        659.54051271084109        181.01824951085021        672.84566098187247        191.73934751790969        672.90800921313826        191.78839431070506        677.56679455015285        195.45325255885732        677.56689149859960        195.45331427683959        686.22656915893322        200.96611392602878        690.89758717830875        203.93971032286879        690.89758721635917        203.93971032776864        696.74425634088959        204.69260291417720        710.46268832533417        206.45916529666334        692.39613290198292        220.75825664820209        676.44867516837132        226.16665475241874        672.15839354151115        223.10447195052447        636.23360171379011        197.46319959027926     

 RouteID =          17
 Route number of clients =           24
 Route length =    1446.7627056831259     
 Route demand =          210
 Sequence =          358         272         269         169         548         409         305         357         563         298         329         163         536          12         405         332         385         457         390         231          84         218         414         338
 Visit points =    621.15242471673241        116.40932327996428        626.18145434709038        116.68248510517984        633.20210054329311        117.06382557642516        635.88125266270583        117.20934909423286        638.56040478211855        117.35487261204055        641.23955690153116        117.50039612984826        646.36961650880664        111.58165333217548        651.15350777427761        111.54722145602817        664.87556480965929        111.44845746209047        669.11811957350915        111.41792182460409        685.44252172649669        111.30042751394654        691.48081431365972        111.25696711180490        700.74433262879927        111.19029325786883        705.08946266668215        111.15901933411510        709.15093054235012        107.82622181330851        708.48791188651944        106.94143456660214        697.76920546437998        92.637501094901097        697.76920546437952        92.637501094901026        687.18864982740070        91.209095572795448        661.35037124236123        87.729755638618371        654.24447393179958        86.782285157363475        622.02047716721222        82.496077893658679        583.86623236011872        77.431385581385484        511.18783875299079        67.792895792241069     

 RouteID =          18
 Route number of clients =           26
 Route length =    1596.9155455811588     
 Route demand =          208
 Sequence =          473         360         261         373         430          65         124         494         326          41         476         266         445         137         168          60         323         407         102          98         418          72         347         202         138         455
 Visit points =    609.84894555023538        300.38461063356584        619.99182377752197        305.38104507614833        640.73206922660665        315.59856698287956        648.43199824554688        319.39267203311397        652.14773197121895        321.22431666153858        655.86536622725214        323.05750989438491        670.62123051862397        330.33385270991477        673.41465094309740        331.71135120336322        674.00000000000000        332.00000000000000        675.60749215864223        339.46705154438064        678.88239915574695        354.67884167171707        681.98124200671532        369.07222398742812        675.23216485604576        380.87448079139352        666.61281346868157        395.94732649848328        659.18650655377553        391.01301672850315        644.31109106259771        381.13284832939030        639.32857048591302        377.82662798975940        637.03314745540820        376.30562967891177        631.95039054101505        372.93768199386545        631.95039054072424        372.93768199353121        629.16351972147936        369.73563265693446        615.70111928803396        354.26764968505239        611.44706271199459        351.81991171717146        595.29435580822144        342.52581981154231        559.08529671001384        321.69152163603013        553.48423466654936        318.46873222957856     

 RouteID =          19
 Route number of clients =           15
 Route length =    1673.3303122402745     
 Route demand =          210
 Sequence =          212         372         334         462         444         389         495           1         255          35         134         368         161         328         280
 Visit points =    730.05231084847583        336.86568947958693        732.32949134293403        338.03579989722670        741.85466457697726        342.93023161140184        749.42669030188335        351.63044981822753        749.42669030188347        351.63044981822770        752.63085641244686        359.72902858134523        747.29916367869805        358.94491979973139        741.96661193303009        358.15735226074656        737.41754808360793        357.48241549424142        731.94197568737127        356.66762105034940        729.12674747176766        356.24694932572538        721.45731383838108        355.10092717853075        721.45731380324969        355.10092716419189        716.26758658234723        352.98274533580212        663.50673511092123        331.44845806401099     

 RouteID =          20
 Route number of clients =           25
 Route length =    2125.8099366828396     
 Route demand =          208
 Sequence =          234         471         378         509         238         210         539         201         474         513         392         235         549         236         470         220           4         538         566         142         361         178         543         225         500
 Visit points =    561.09883835930793        360.76568380316030        582.68946446962082        375.14651453628306        597.08246863423619        390.70326899943927        620.54814647339435        416.06627065497753        635.51514740291987        428.01691495736719        641.19271656679041        432.55026201193880        641.28592782135831        432.60058683184963        663.11637534290696        444.39196536330854        663.69104532085987        444.70729920135091        678.38150495783407        452.76827192944506        684.02166798291296        451.70919123874046        687.14996477868965        457.04026094209939        699.20295660525574        463.26900373125653        709.53982646228701        470.54604713299432        722.66504034721163        473.93981589835204        742.07112250622936        478.95762026075437        743.81510639027715        493.00671911610681        770.65674803582021        516.62123392142246        790.45435563313993        534.03860741483413        792.67940446667853        539.65418760930504        794.99440532227641        545.49678879581654        729.15945118671232        575.91148831196813        693.50535035369080        592.38311463256923        603.36339210179972        634.02726263916315        114.00257775247603        356.53350157624953     

 RouteID =          21
 Route number of clients =           18
 Route length =    1335.3326646241146     
 Route demand =          207
 Sequence =          437          85         516         290         483         330         246         153         529         227           2          73         139         363         173         531          97         508
 Visit points =    481.47873898179017        84.168275799448253        532.00000000000000        93.000000000000000        545.85073033208232        91.325896987534634        587.40543279531551        86.303284395427156        588.98101685514393        85.933255567595580        619.64407001247730        78.726241570227856        627.42408604749392        76.896534697740705        629.26717433101294        76.463076555266795        638.54079029733361        77.511756487209865        649.69009732670713        83.219872868431338        652.75025629902700        84.786584011376931        652.75025629902689        84.786584011376974        621.30123110033594        98.874379602857758        594.66908704119385        110.80442192683036        584.97871767533707        115.14528597490965        577.16378429947633        116.88605956727380        552.28505114130701        112.32382107850884        525.41520850523523        107.39645482227762     

 RouteID =          22
 Route number of clients =           11
 Route length =    1259.1987959867149     
 Route demand =          209
 Sequence =          453          25         435         568         381          27         428         253         569         321         250
 Visit points =    480.12514945147370        151.93000725790503        481.34872560995086        152.15349096924575        508.49696382779877        157.11206178745866        517.44628777202900        157.82942757082225        557.00000000000000        161.00000000000000        599.00581208159417        181.24130309371665        569.98680946264710        184.85572677222922        557.81661449361036        184.80652360474519        544.11098763747304        184.75714533624904        512.44500358925495        184.64305996978308        490.31725471872653        176.67003801995418     

 RouteID =          23
 Route number of clients =           18
 Route length =    1474.9631500913881     
 Route demand =          203
 Sequence =          498         527         315         535          56         469         170         118         149         144         424         316          28         103         554          48         126         119
 Visit points =    527.30724717766702        214.66861452855505        537.63610917909193        221.96772852439670        577.96149200626701        250.46453351035746        584.98803446006787        254.57553808984733        612.29670703139379        282.71287159753240        625.15127748780685        295.95750551272954        628.68580257165127        299.59928342808939        640.02623651656836        326.25766361929357        645.38428624956327        339.54424701734865        644.35616666650105        339.05996599991136        639.79620463016568        336.91206113474504        636.11948622500438        335.18019554302202        634.66868643107728        334.49681706071732        585.88437326444773        304.09746468498224        560.54132337770909        290.98037416810058        553.99210462289886        287.58667200094652        549.73040614604099        285.37440659058802        353.45514294754173        183.48457816293671     

 RouteID =          24
 Route number of clients =           25
 Route length =    1593.2386243330466     
 Route demand =          210
 Sequence =          458         289         503         273          46          18         232         245         565          95         443          61          88         311         275         558         352         547         148         188         480         287         260         532         339
 Visit points =    637.14442743713494        145.70708724525360        648.31398530794991        140.44416931152642        655.15706865130062        137.21981738391321        684.25533275994542        123.50917859073543        685.63671680895686        122.85829241897142        700.41683168508746        127.21100035006836        710.87199274880697        130.29001988379889        726.81448363770664        134.98504471877720        734.22024248098364        137.16602270605364        741.38007465207693        133.96570776798677        741.41083933846232        133.87481903729113        746.05126706166482        120.16551024201719        745.74779235575636        117.31065042671260        742.09669902284429        82.963912404093591        741.31405224229457        75.601344065422495        738.82648017131521        52.200085892366829        722.63638700275783        52.292521514985417        722.63635157140050        52.292477916323058        690.83362945898978        64.807878316987086        688.84723837946547        65.589587493474596        681.73781386572114        66.007892667923372        677.12250866640352        66.279448550231777        674.84238062260647        66.413606998258345        658.70709494451944        64.825676908804809        587.56416697527743        57.824251695267535     

 RouteID =          25
 Route number of clients =           15
 Route length =    1617.3580019146741     
 Route demand =          210
 Sequence =          121         460         180         302         221         318         200          43          10          75         431         251         337         158         425
 Visit points =    577.74325156061354        210.01178049429600        603.39531655055146        219.33639973881355        685.00000000000000        249.00000000000000        702.06450843102982        252.49410733361165        723.87806521234279        256.96062384827110        741.89865270740404        260.65049673133581        757.87296676675066        263.92137723338908        763.58414222191129        265.09079035314437        763.58414222191152        265.09079035314409        763.39508588818546        265.02448039568151        763.04329077191437        264.90118280966226        743.93499914207734        258.20717763277815        719.91387089471800        249.79865316535489        716.92726975422522        248.75984653250686        709.13244657108544        246.05519419106275     

 RouteID =          26
 Route number of clients =            8
 Route length =    1560.7843407616153     
 Route demand =          210
 Sequence =          106         560         213          42          21          64         211         291
 Visit points =    693.24373050428062        283.25401047639389        701.84694602956472        279.30429968255436        706.62965496661798        277.10847204565374        718.53403305995812        245.75792704612243        719.83488298563373        241.62638563971345        708.73937966805738        237.77989811182874        649.03540280246807        217.08226991006717        637.34508047230463        213.17221863019182     

 RouteID =          27
 Route number of clients =           22
 Route length =    1656.2600071893723     
 Route demand =          210
 Sequence =          518         434         380         461           3         175         482         456          78          36         534         497         395         262         133         157          69         520         492         545         233         491
 Visit points =    627.15279306559398        246.99741546075316        711.04484932583136        280.04000166470229        714.61243760577929        281.44771154248838        730.08956301438661        287.55697038690357        737.12764728217348        290.33716165637480        737.78329729552581        290.59814997212601        745.54171794789715        293.68766076817940        746.94758659963543        294.24851658054740        755.32723393489903        297.59148457956002        752.24481718934658        298.48829990415447        747.03849084529622        300.00029369818094        743.03646406069117        301.15932497108452        734.30655853088501        303.68409208668965        725.30219526982569        314.38705757472422        719.82001827043712        320.90770165110479        719.07126454090519        322.55810331921617        718.32104761288326        324.20781059504202        716.48863792628561        328.23723125906878        716.48863792628561        328.23723125906878        709.69409038115271        313.70174237943326        695.74076422366670        307.53403887602508        686.15258812430238        303.29583598075226     

 RouteID =          28
 Route number of clients =           14
 Route length =    1771.1854760395690     
 Route demand =          175
 Sequence =          522          47          79          94         237          66         196         308          37         421         107         382         209         429
 Visit points =    226.25174577568447        173.04631280083612        546.98249438245807        413.04192812841001        585.32759744312921        426.04456907203041        590.32398683515532        429.62192825169325        611.33885015191959        453.11891381978126        618.58795879357626        459.41825887966917        658.92394967087887        520.77298446764053        654.22490606953272        534.54866738615283        639.46232516658893        567.24542087249199        613.50612264415338        542.20496643512217        605.30342177218927        511.37331273171571        554.75237911288480        459.20621362599775        423.33849905960136        402.58285116713449        349.03004591783963        371.93726263047597     

 RouteID =          29
 Route number of clients =           25
 Route length =    2192.7859774126350     
 Route demand =          210
 Sequence =          551         109         348         307          86         277         171         481         284          52         439         379         541          38         184         466         165         193         464         257         340         293          70          90         384
 Visit points =    752.72714138002812        307.79305848969472        781.49238403651498        319.55527957669443        820.87988651526314        335.66098456769021        830.04060060226652        339.93726740780801        830.04071335428841        339.93729012299337        860.34830442141163        346.04310125270933        870.77755701187255        342.09112511373883        898.06822121455502        331.74982281904676        907.03972166760570        319.06276076465849        913.42774564430397        310.02912619913491        926.40209521839893        302.38942707915714        950.73301654491991        288.06262655748731        947.84798371777504        268.48123439865628        947.76200352142109        253.04016530837214        987.16110136844077        213.24123241398053        956.15734294362619        228.27827800667885        921.58234829246771        245.04739882787098        899.00000000000000        256.00000000000000        885.80288422888475        245.45203208052030        880.28894283498801        241.04494208135466        876.98107058382914        235.66408494136962        872.58570008905758        228.51425721311108        870.07580828761309        224.43150729790355        867.57461221783888        220.36290241385581        825.10484522100410        155.40397481023604     

 RouteID =          30
 Route number of clients =           18
 Route length =    1858.6629232970390     
 Route demand =          210
 Sequence =          519         404         286         517          20         177         350         226         147         544         341         550          68         278          13         442         252         559
 Visit points =    721.00000000000000        70.000000000000000        733.69493399477142        69.575391645945274        746.66746597188126        70.331279444676824        783.95130801169046        71.013297246310955        796.48180611631494        70.856649956038524        799.92682318568836        68.747402413357278        818.65669654415956        49.663143222163214        889.78181009623268        70.837353176177302        823.76630328607632        101.80887777505646        808.20897817877039        116.39597132946335        806.37340749561702        126.83117330457355        782.67476237850815        135.30418079772119        773.86080883030297        139.80145176364357        763.02535356099270        167.26057495777277        759.14395934808135        171.33905855349232        743.85477793018993        169.17896072215552        730.97089791658982        163.68920220553287        650.35559402625313        140.16907469278490     

