 nroutes = 44
 
 RouteID =           1
 Route number of clients =           15
 Route length =    2150.6965615631561     
 Route demand =          107
 Sequence =          564         421         536         183         344         265         156          79         247         201         195         452         141         532         386
 Visit points =    552.28822575387221        260.52806457379870        636.46473363568555        281.87612293544157        742.71762251670270        308.82272510609630        920.27846949317484        353.85360901850822        931.64219056897548        245.02875286029297        936.21918518160521        228.83566685651667        944.69103618380063        198.86285205110252        945.13554296446932        194.35591601145308        938.37457139877836        196.02177555451331        916.94481873438599        201.30192762060926        901.29435856233567        210.48293989745434        801.08191038351026        207.93061109995065        787.71445640123909        167.66245422979750        670.76678745580364        117.77434382660707        655.03298447019370        111.06254095369658     

 RouteID =           2
 Route number of clients =           13
 Route length =    1010.7960627769617     
 Route demand =          109
 Sequence =          606         512         548         539          93         261         577         304         529         522          62         329          75
 Visit points =    418.57115900625325        186.17193010754241        424.60893882437256        188.85094369190193        430.64591667567089        191.52544551652974        441.53248396646433        196.34841237185771        441.53032058271384        207.35499236328727        400.23272731070961        223.68674224568198        393.80738258026372        226.22774075749945        389.71127464916128        231.74475928766074        389.28745485453123        232.31560268994409        388.86363576283475        232.88644831621284        388.25519316482820        233.70596731977056        386.45896001623635        236.12533638583241        368.43199508764314        226.47812517701686     

 RouteID =           3
 Route number of clients =           14
 Route length =    1630.3833562580410     
 Route demand =          109
 Sequence =          263         108         107         509         228         428         594          36         106         617          61         449         273         323
 Visit points =    429.57899951934655        469.91722877072499        434.44078552211170        475.23554509403675        434.69479815740084        485.68988570705125        434.93233019990049        495.46593828793647        457.45034433606060        494.50339125589312        485.05112421096248        493.32360688425138        576.24601146990187        489.42551765454965        571.83622320822394        481.09980514035726        569.15814849283959        476.04967191503135        556.29508781705715        451.79570858144660        548.30712062411476        436.73398507016253        554.78499268573955        421.91747236086775        580.55155294155531        362.98290806671753        536.61843967326149        335.51425496649040     

 RouteID =           4
 Route number of clients =           14
 Route length =    2582.7776014157271     
 Route demand =          110
 Sequence =          417         490         164          27           1         252         584         103         203          76         393         239         534         601
 Visit points =    775.60121671046033        951.09431419262762        787.69960407860617        965.77550431522423        800.50842713160489        981.31879622393672        800.50842713160489        981.31879622393672        802.36514254280689        981.45762772302692        816.40007886163858        982.50705685849061        820.88050163485389        980.58516825012077        824.57061810298183        979.00228351744533        831.10713129764838        964.73712594256847        830.66394755188117        959.48917913011974        830.66394753500856        959.48917912077911        809.92377836679009        948.00736745043537        809.92368288883449        948.00725569592532        801.43423299630035        938.07044280229138     

 RouteID =           5
 Route number of clients =           15
 Route length =    1100.4493604951926     
 Route demand =          110
 Sequence =           69         373         423         242         538         131         332         542         317         119         130         267         475         206         453
 Visit points =    268.19397333302123        401.89675693814678        282.09468461841050        422.72787953097662        282.67915529896533        423.60374697031767        288.98120539883456        426.63142142797363        290.14519940651803        426.53021454890637        303.60857183669827        425.35960207462887        316.98128657111658        417.82788407501414        321.00000000000000        412.00000000000000        331.90719651376804        395.40253345734317        339.89600642685468        383.24597195405244        340.15340249941704        382.40032284589324        338.49310276794091        380.52837879289319        334.28283656733430        375.78479271274961        325.30775148130641        365.67950994102387        321.67730872322909        361.59851733449221     

 RouteID =           6
 Route number of clients =           14
 Route length =    984.61097128055178     
 Route demand =          110
 Sequence =           70         151          73         431         390         343         226         302          25         505         138         208           2         296
 Visit points =    306.66368149825126        327.66583102439955        320.02582865507867        341.94309734762783        333.27126325032054        343.48844412433715        336.05873778226442        343.81365918256154        336.05873778226459        343.81365918256154        336.54291049767409        343.82614742298443        345.87459743014108        344.06683911471919        345.78277353732665        342.76710343588417        345.57435734657190        339.84216328924163        345.35791851397715        336.80463233516264        342.94671244710668        333.47194552896860        335.28594320276363        322.88349150311433        333.66888751894214        322.75451171103907        327.58758475950998        316.87212957681595     

 RouteID =           7
 Route number of clients =           15
 Route length =    1541.7104740300456     
 Route demand =          110
 Sequence =          500         178         622         210         300         331         426         219          45         567         148          38         193         186           8
 Visit points =    349.54886998878266        440.42350502954861        373.95731671644575        471.18971546375786        378.94433868475642        477.48083140104660        382.57392804934295        482.05954945010677        387.39180336535395        482.05562074721723        399.45940256214692        499.74765880841562        344.84310636066186        541.99472405673055        339.99070473125482        608.15351959854581        294.66104708638181        618.35699495917754        290.94549353134374        592.07382845426537        284.87674388074629        549.14457035569740        299.77787831435415        526.29756246942156        296.75635228021275        512.22911506819446        267.49285410221171        510.21358898651545        267.94375223763251        501.59087449887437     

 RouteID =          8
 Route number of clients =           13
 Route length =    1832.8463101668356     
 Route demand =          108
 Sequence =          152         368         324         359           5         492         173         587         220         291         491         607         385
 Visit points =    895.08583231101386        66.724874210288235        896.26744117994087        63.970825584519126        897.44991346677875        61.217158976574837        898.63332285894205        58.463912326064559        899.81753460811262        55.711029149574799        902.45990342452683        49.569548917492419        905.10227224094092        43.428068685410032        893.93357933889081        35.978728587422466        893.93357933889081        35.978728587422466        891.12001879483012        32.885260217642475        883.65475120854251        35.590262986773809        883.65471716550223        35.590261615664311        810.89919887365647        32.659945192643313     

 RouteID =          9
 Route number of clients =           15
 Route length =    1025.1216392285673     
 Route demand =          110
 Sequence =          145         321         612         277         446         495         387         229         429         214         207         292         159         450         511
 Visit points =    302.12196200955327        342.55593222367179        305.66136598255861        346.56902620540183        307.37239836654112        348.50905164897256        309.28814361879921        352.95977410688857        311.12013358789528        357.21596292878797        311.74026592989549        358.65673965563383        314.38109983008957        364.79232475513362        314.38112744169803        364.79242036509436        319.72363156579763        383.29181006864172        314.70599907365164        385.86565789291438        303.56845164265638        391.57878765758346        298.28422582132816        394.28939382879179        293.00000000000000        397.00000000000000        286.94745452875435        388.80033036941018        258.12700329057429        349.74997189453819     

 RouteID =          10
 Route number of clients =           14
 Route length =    1228.1487885626398     
 Route demand =          109
 Sequence =          552         234          95          86          22         342          21         377         455         427         392         527         209         290
 Visit points =    477.83266323382213        317.75960905565904        483.19732226971479        321.32711728422066        477.38388770678768        331.14869327217724        468.98389650030884        345.34015806627980        466.72266522432892        349.16042207079954        464.41921018857676        353.05202150717321        446.73647478340229        360.71276564980207        435.78016670913723        365.45939963948450        423.64993763300203        370.71461492232788        423.64993763300203        370.71461492232788        410.69793440694338        371.22208479305084        410.69793440694338        371.22208479305084        409.51635982671803        370.15408394827324        407.39637230554820        368.23786736729841     

 RouteID =          11
 Route number of clients =            3
 Route length =    193.93783909921495     
 Route demand =           22
 Sequence =          182         561         600
 Visit points =    77.247141657260798        36.231349107171454        80.524649641779732        47.955216503137940        80.948427785081918        49.471099540143832     

 RouteID =          12
 Route number of clients =           14
 Route length =    966.62271248549564     
 Route demand =          106
 Sequence =          158         398         551         223         167         350         236          10          18         625         181         513           7         397
 Visit points =    29.554624899749392        326.71089051990049        33.753633172609007        373.12872653642285        32.856628574766006        378.65986869406402        93.268891165961932        405.58403366560935        118.63895498758417        391.88387279901571        125.16463378600571        380.79822942678391        128.45074973169400        375.20614725239602        144.95431978776267        347.11624243698344        160.48633579001591        320.67925552872066        162.92065373575758        316.53581196976569        130.03215612261857        312.86051073293032        124.92312121211252        312.28933840072546        114.41466770238783        311.11452984996123        88.491908800209302        316.56377053395465     

 RouteID =          13
 Route number of clients =           14
 Route length =    1047.7428149351294     
 Route demand =          109
 Sequence =          404         168         260         504         482         246           4         395         249         278         266         287         143          84
 Visit points =    349.93427905848250        312.54859684987701        359.82932881562709        321.37967604935932        364.51342140144129        325.55736311880605        367.66540321735226        328.36857861739787        367.66540321763489        328.36857861748069        369.75867376630202        328.98205221330574        390.51202540821157        335.06422504342208        390.51202540822067        335.06422504342521        399.23569594477453        336.02623246724545        399.38486116348361        335.33001982129815        399.38486116348361        335.33001982129815        377.96112612342927        317.34230372535285        370.37793328463187        310.97533178371555        362.79474044583446        304.60835984207813     

 RouteID =          14
 Route number of clients =           14
 Route length =    1386.4066187192934     
 Route demand =          110
 Sequence =          225         459         388          77         592          53         153         237         311         445         139         415         559         238
 Visit points =    417.16415747674137        391.16826704952621        426.29650264490880        399.73150795815275        426.29652269499729        399.73150430024680        431.23058935809701        398.82957175253000        463.30774823163893        392.96577914398239        467.03845524249971        392.28379567153132        504.67484065255684        386.37165014330890        489.00882420131012        398.78717380306745        471.77677227290559        412.44380113325695        443.01026426552903        434.48181949769554        437.00000000000000        439.00000000000000        409.36095098783045        446.88384571325327        397.93939614401415        444.02629099611380        392.20757189509072        437.63064209441512     

 RouteID =          15
 Route number of clients =           14
 Route length =    1165.3262879833601     
 Route demand =          110
 Sequence =           20         240         269         367         554           6         569         222         394         436         175         339         586         298
 Visit points =    364.15350073740012        377.65082855206504        374.79822335719155        388.69268127260386        391.78407950672965        406.31372613391636        394.44943573637602        409.07983165416374        401.48386952765071        416.38016394199508        402.29419807539745        412.10453917094412        402.59415541456821        410.53837987236523        403.96405729900226        403.38574733530379        403.96405728060438        403.38574728961305        399.33823365273923        391.89759048388595        397.04144307899293        386.19354898849042        395.90299648097215        383.36623570451872        393.47776798271991        377.34322089405310        391.64389671639532        372.78883197543365     

 RouteID =          16
 Route number of clients =           15
 Route length =    1299.4861865761927     
 Route demand =          109
 Sequence =          543         109         442          94         283         333         558         199         520         403         116          96         128         142         590
 Visit points =    366.78193223380578        216.09665643791405        410.94385259361093        247.22180250892461        424.42673040104415        273.82616329066792        424.42673040104415        273.82616329066792        433.53179215300867        249.32309250693314        435.50607171895041        248.39862089637606        441.69612969012246        245.50007858212115        443.80630630593771        244.51197213142603        472.22795482796153        231.20331633763072        475.12694325982739        221.64072455856231        464.40668568058766        214.63094996416601        461.23363516453418        192.94192766114691        466.84208653038212        186.52894531652260        539.01811067342237        103.99928813645825        442.24690169840045        124.12540123999300     

 RouteID =          17
 Route number of clients =           15
 Route length =    1392.7407900516066     
 Route demand =          110
 Sequence =          276          49         361         111         547         132         232         487         407         213          41         330         382         437         170
 Visit points =    260.82018408381407        328.61976430282857        273.64513562595522        342.03584647248687        261.86859538946703        359.83466755523079        259.31066151913990        363.70067627979489        259.12677808889799        363.97859392022514        249.97704584755465        376.05090830776578        235.18251546623455        395.56015511883913        233.74820977155505        397.44210311553087        224.61579951776409        409.42470992371858        224.96989332292921        412.73821102415116        228.06307889882490        441.68329184755993        197.10752370866410        475.56546016249075        137.37125408015697        619.56313149009907        94.000000000000000        520.00000000000000        85.909442765193020        475.24372593511032     

 RouteID =          18
 Route number of clients =           13
 Route length =    931.74908860852338     
 Route demand =          107
 Sequence =          281         370          91         154         488         127         316         334         466         358          57          90         604
 Visit points =    221.03468090269121        104.99466260475928        231.44321008402682        109.93886414427804        282.66388270459379        103.79180684859965        323.94611950639842        98.837473831819182        402.74194085270670        89.381088482484529        387.22319060709907        101.50353428479197        355.48672537459908        126.29651704872438        326.95562560899680        148.58542224161346        294.06200599119336        187.50178281806120        292.65490449266360        186.29107785932484        291.50580850190829        185.10022631958287        264.94333051624324        157.57252796968305        227.81065511336331        157.52750362130499     

 RouteID =          19
 Route number of clients =           14
 Route length =    2844.9624392377186     
 Route demand =          110
 Sequence =          307         282         312          78         135         562          28          83         458         336         293         248          52         105
 Visit points =    839.29523805691838        978.85361772424153        845.54597955498684        986.14373525547956        849.41243332119041        986.60015180902712        853.27888708739397        987.05656836257469        863.78235616040683        981.83704082562315        874.28582523341959        976.61751328867160        885.88961753020044        970.85119808318109        887.26724807855737        971.04698056304289        909.10505751140056        974.15046900600862        989.74501634907563        985.61064687153953        985.31730042797676        981.97096106478398        985.31730042797608        981.97096106478341        971.91311143682333        969.37763892551482        930.00000000000000        930.00000000000000     

 RouteID =          20
 Route number of clients =           16
 Route length =    2032.0533964626482     
 Route demand =          109
 Sequence =          308         589         380         337         362         496         545         409         230         574         518         157         113         196          19         251
 Visit points =    949.31689744365883        82.758763184101070        961.57108773003563        81.562895973869104        973.26593445713445        80.421614224296917        987.87504790546006        78.995933756217866        987.87504790546006        78.995933756217710        987.43394881852282        76.349972428907989        985.52904683826478        64.923295019358051        981.98236146404076        43.648274013323729        981.98236146404076        43.648274013323686        975.56777836392791        29.583329236227428        973.06123254953786        33.372518075854956        961.50509996813639        18.009222882281087        955.82261661267989        10.454647975192092        954.44853136300708        10.437843377672170        920.17786537663699        10.018724732334181        878.12098711344811        9.5043833462688312     

 RouteID =          21
 Route number of clients =           15
 Route length =    1774.8032392632674     
 Route demand =          110
 Sequence =          346         146         585          37          39         120         405         376         271         476         104          24         174         341         570
 Visit points =    781.17678292912638        21.924433754555743        808.25382280006500        26.768048705176831        830.03236269294473        30.651928699039431        839.63127460000374        32.354855967986332        857.49612452066015        35.521958310268147        863.61698908873950        36.607072632327998        860.81455990935899        41.924663561117953        854.53619114599917        62.664440677303801        838.56883175252040        70.231649257026916        828.63391273210107        74.939979707763541        800.19194700677656        101.45641575769265        800.19194700677656        101.45641575769270        780.29168190492817        116.99162791961861        772.02300887649142        115.09264901934299        750.92792439433777        110.24796351861336     

 RouteID =          22
 Route number of clients =           16
 Route length =    2568.0827942051983     
 Route demand =          110
 Sequence =          353         189         609         448          43          63          47         566          23         372         469         241         507         479         117         177
 Visit points =    678.96803357340548        956.78555903641291        736.91094185526595        982.95752577917403        741.56654910326449        985.06039568465508        768.00000000000000        997.00000000000000        769.73041262828326        993.83437864337009        774.98116189473080        984.22864429741458        785.26880374330790        965.40840557925060        789.47051220625212        957.72178920392685        796.65374729357734        952.69094922888928        796.65397218204123        952.69080421663296        796.65419522169259        952.69067140978325        797.95528701648834        951.91523686696144        785.98569336063315        937.75976606504503        783.28231445405822        934.54969396193462        780.58554973567118        931.33428699174249        764.45205081223844        912.08504426411901     

 RouteID =          23
 Route number of clients =           14
 Route length =    930.69304543659189     
 Route demand =          110
 Sequence =           92         124          74         155         461         303         550         129           9         319         391          97          35         118
 Visit points =    350.23446039246380        276.12744119750073        352.30200084342806        277.75753711576431        352.30200441861183        277.75754636339815        346.22045660011969        283.05881190704923        339.37710107752395        289.02390455180574        334.74963902931421        293.05718280903909        333.05613112755111        294.53292716104744        331.36209288496656        296.00883406446303        325.44382405088805        301.16479561870636        322.14442081239588        292.97042578995286        318.67828399256155        284.36215527547103        314.38834667649286        273.70794777403302        314.38834667649286        273.70794777403302        310.09895337808115        269.97358214211579     

 RouteID =          24
 Route number of clients =           15
 Route length =    882.39935866053258     
 Route demand =          110
 Sequence =          411         486         556         563         306         227         136         305         289         454         546         480         313         121         477
 Visit points =    302.25937034788353        167.55776292748240        328.18789899806166        181.93126688742473        328.94741536421191        183.70907234969533        336.95039480545779        184.70832619486450        358.18586433120117        187.35979621079196        358.18586725000915        187.35979965872394        351.02229656752553        198.04313048147162        347.57777035865587        213.04743268662989        346.29476222672707        218.63619597595985        342.76764760362477        234.00025192564368        342.76764760362477        234.00025192564374        336.93982485660644        237.60057014058236        308.31098679466294        231.25659523143196        265.11594244345099        221.68483835569643        204.07353279153619        170.64235259717461     

 RouteID =          25
 Route number of clients =           14
 Route length =    850.62443187113661     
 Route demand =          106
 Sequence =          474         605         364         320         375          87         597         354         280         614         473         200         335         489
 Visit points =    250.78891626946677        249.91989049387792        260.37220962719709        259.47153492644344        288.44405941813625        287.45088956130928        292.87357164798078        291.86580679908599        292.87357164798078        291.86580679908599        296.89682573741260        292.00106769679820        306.25954893548186        289.00240172914135        305.41367397701265        285.27733534363989        303.88193847381126        278.51749620042779        303.74271594111605        277.90795853036178        303.60246961696595        277.29634155393438        303.46222329281574        276.68472457750698        290.19157876384543        264.58506131412958        214.97072975379916        196.00170327113051     

 RouteID =          26
 Route number of clients =           15
 Route length =    856.58219078344246     
 Route demand =          109
 Sequence =          279         578         524         160         603         349         420         579         211         149         179         413         215         134         217
 Visit points =    103.00000000000000        110.00000000000000        202.37656013752022        238.05712081720770        233.54499893397232        278.22092195973136        233.54500415093008        278.22092764417209        245.87199271081758        291.65251713897351        249.19913853818386        295.27780296814552        250.59558206019602        307.73077370634752        250.78732760850039        309.45705842295951        251.79558041608394        318.53435605831129        244.83715030216953        329.96165734135883        242.95034948046901        333.06020702824281        224.74164645228382        318.57002993459452        206.28195624577543        303.88012150058057        141.26055306872604        269.43222907141819        115.25287178275121        253.44975629594265     

 RouteID =          27
 Route number of clients =           14
 Route length =    2524.9484304933208     
 Route demand =          110
 Sequence =           54          98         467         369          34         299         114         379         481         424         444         144         374          30
 Visit points =    761.05794094128703        858.55982300901121        765.28890541980309        863.31943268291764        774.18081284020400        873.32235489900381        784.60379775278341        873.94347146349332        799.03467811704229        874.80342756900052        817.53725921448654        884.43306023458865        822.09096905263220        886.80302974187407        815.48116859317088        895.97843219883180        772.33216994233362        928.33405728561263        770.22072193191514        929.91737219292679        770.22069850784328        929.91739756519951        752.12172979043476        949.52167096416531        737.35189457706701        939.62614220910939        727.74930311787921        922.31972034495220     

 RouteID =          28
 Route number of clients =           14
 Route length =    1925.7023329308020     
 Route demand =          108
 Sequence =          523         161         301          26         101         593         506          31         598         456         419         484         608         115
 Visit points =    925.67516358974058        69.150494747211070        928.14736106642385        65.749276403824851        930.45667898470572        62.572145718088279        934.65577919936482        50.922921133258065        936.72339955744076        45.186888068598741        944.00000000000000        25.000000000000000        943.36536390960407        25.787295210238096        943.36536400512773        25.787298157360052        943.44897127102740        28.430550797969172        943.49309193036879        29.880900646413370        942.91237390896390        30.304416076011030        942.33165588755901        30.727931505608698        932.16203793781210        30.396316307717345        911.56755543972577        29.724763102664660     

 RouteID =          29
 Route number of clients =           14
 Route length =    2596.5983593394171     
 Route demand =          109
 Sequence =          194         613         197         464         615         383         610         418         602         150         318         401         216          81
 Visit points =    559.39197560185892        349.56413461350053        668.79364086842759        417.92925265624285        677.43550835223482        423.45261970369467        772.83587182644305        523.27522191695107        969.49441620078539        729.04243901145333        916.05566236575532        799.75199042862369        896.71779370402123        825.33963834901817        850.69142469088513        815.89903035288307        843.28179728458690        814.02400750189497        814.37604017815136        814.59295283693586        813.98577478247057        809.20633911048742        773.61021027113259        735.37006011162703        648.00000000000000        516.00000000000000        641.20909538428191        509.21911345654024     

 RouteID =          30
 Route number of clients =           15
 Route length =    627.53279139681933     
 Route demand =          110
 Sequence =           66          82         620         591         262         231         537         457         180         555         465         433         258         447         275
 Visit points =    38.128010810325897        223.09249997196966        58.078686153761339        234.01875189118041        68.462417539736251        239.70558358462571        69.000000000000000        240.00000000000000        74.908293753710055        237.75813779820314        74.908294986332663        237.75813740361554        79.640641907724884        236.24321683683846        95.974567194926507        231.01439504388014        113.18471918557738        225.50507539111524        127.27558525045093        220.99430270778265        137.44435322564425        217.73907342783590        157.54762659439319        211.30360708104075        152.85070512791100        209.45417628650839        148.15378366142880        207.60474549197602        109.85852269809988        192.52583999703737     

 RouteID =          31
 Route number of clients =           14
 Route length =    450.29977706195461     
 Route demand =          110
 Sequence =          204         165         110         322         314         422         243         272         268           3         166         528         621          55
 Visit points =    33.945814162060330        186.72126477644827        38.169257090310744        193.97488602843615        38.898758896418755        195.22780467051609        41.253000200644891        199.27125078540686        46.144586475305260        207.67269071802914        42.071814341151075        213.79494403138816        42.071398900606852        213.79563323306121        42.071033793797277        213.79630161416668        30.320850501441470        210.33596558209888        28.287010244218994        206.52991370943445        26.253169986996522        202.72386183677003        17.433150417935426        189.49797745194573        17.432793007039976        189.49747267384888        10.000000000000000        179.00000000000000     

 RouteID =          32
 Route number of clients =           15
 Route length =    1007.7033324084903     
 Route demand =          110
 Sequence =          297         541          89         599         351         478         470         441          16         100         125         535         325         250         357
 Visit points =    368.57770614921219        284.72533870983784        375.88089456320722        287.77206412852985        387.24848065361630        292.51436454959685        384.56245178251703        296.26408549152831        388.40935987100318        292.47881032520144        393.98675031841208        279.19442995469893        399.50437744889734        266.05239547904961        400.42141834338997        263.86816251694273        400.48002081559673        263.72858155362314        400.48002081559639        263.72858155362280        387.18198383959083        248.49238368233281        386.00861322593909        247.14799677182771        369.07506607923699        238.75370715297296        363.10130670250749        235.79121756552871        360.63682128914161        234.56903703982064     

 RouteID =          33
 Route number of clients =           14
 Route length =    2636.4324991710164     
 Route demand =          109
 Sequence =          315         244         191          64         435         533          80          13         517         414         553         497         295         171
 Visit points =    851.12442237742232        944.29759074803803        854.96241621115871        948.55130053999471        855.38880899017431        948.57682257200599        855.80848281457213        948.60440975321978        859.00406932996032        946.11386731217715        862.99671218705578        942.23701092051056        863.17479064727945        941.71515684361009        865.36199954549272        935.30560074608115        867.97477787691628        927.64892501686882        867.55519314078526        918.84863698060292        867.55519314078526        918.84863698060292        887.62886246414052        900.68175762802809        910.57522059208270        883.92791003274908        883.28047441506442        862.78574941561328     

 RouteID =          34
 Route number of clients =           16
 Route length =    566.26300684906789     
 Route demand =          109
 Sequence =          224         560         485         494          60         328         122         270         137          71         438         184         345         439          11          85
 Visit points =    118.81488398236341        15.862439660567846        135.78732457118406        18.128353708615080        179.55985421452013        36.176734394016130        173.76218709835226        55.648957516891528        137.78580755809358        100.23390358110879        129.79266116732259        122.02049568179585        150.98451828359211        147.00829305508927        133.56890498870541        146.99161894581096        113.23979240269026        146.97215538520871        100.31388635279703        146.95977982505198        79.277118762524495        138.71809222417443        72.077319292771577        135.89738790658467        50.744657079296871        127.53977563362821        51.581092547031133        123.22224841507445        56.591733838609102        97.360163945058176        57.399808331108019        93.189342374134867     

 RouteID =          35
 Route number of clients =           14
 Route length =    2470.3219070264236     
 Route demand =          109
 Sequence =          133         530         544          65         521         462          88         611         326         187         348         389         294         460
 Visit points =    594.97956378010849        550.64842173549096        716.72999645368600        789.98534015612233        735.11049011062084        826.13808262874136        729.81671936183045        828.62615190726012        712.00000000000000        837.00000000000000        698.99005163736547        845.32998347121190        665.33479546258911        872.70587274460684        664.39141165034016        875.17040126571476        657.15730424483843        894.06903382027895        665.54256864577087        911.94061060554122        622.55549300037160        939.47746116282269        456.09386887236991        651.28044920304239        492.39626585516618        589.98607947407504        488.68571449216745        585.54012038959513     

 RouteID =          36
 Route number of clients =           14
 Route length =    1965.5502767230537     
 Route demand =          106
 Sequence =          493         340          44         595         172          68         514         508         259         363         618         185         399         408
 Visit points =    885.06336322470941        99.589383649470534        885.06336322470941        99.589383649470534        894.74830155189795        103.13386781077998        913.55281534030132        110.00712422784433        928.79331550889503        115.56748880942736        937.95253649096480        118.90038926132289        970.47800176820726        130.73294481698147        956.02615185453726        140.84840114985241        952.43669704342881        140.32807134721619        929.71088140096492        137.03199593153465        897.10491764947028        132.29918976271509        890.95446150168334        131.40242732899958        882.09460102663229        130.10634953594533        878.57925560545380        129.58784646430755     

 RouteID =          37
 Route number of clients =           15
 Route length =    1055.9211113858876     
 Route demand =          110
 Sequence =           72         274         425         284         575         573         218         410         264         510         581         400         526         582         616
 Visit points =    356.19039608736875        352.91460554725774        359.03106460666061        355.72572853205372        361.24787842211049        357.91948545628497        361.24787842430101        357.91948545693879        363.34513361563563        358.54501382444818        366.14586972431005        359.37985309032672        378.16426037393109        362.96183035881779        380.08213018696551        360.98091517940895        382.00000000000000        359.00000000000000        381.44602317475164        358.44602190432300        380.89204729070684        357.89204562841599        380.33807216757674        357.33807082369970        378.00000000000000        355.00000000000000        375.43233198680736        352.58856575480587        343.04581494099500        322.17265688902961     

 RouteID =          38
 Route number of clients =           14
 Route length =    324.22302747195261     
 Route demand =          106
 Sequence =           29         502          50         583         356         255         140         596         402          58         254         443         163         432
 Visit points =    10.783615196509661        69.513244904593421        25.472282503822559        112.49932111755366        26.926850357637413        116.76433346047939        30.921415079228534        128.48030384390154        33.579086839744690        136.27519660574970        25.925510630929761        141.11614084749499        22.459758705257009        143.30825488283705        18.994006779584264        145.50036891817911        14.470736812438604        146.80582844264956        12.189431721735344        147.46423518832538        3.5498396740391986        149.95770513553740        3.5498396740391978        149.95770513553740        3.5407424114216806        149.57340478667501        2.4687701324382862        104.28952785531175     

 RouteID =          39
 Route number of clients =           16
 Route length =    438.08625693868038     
 Route demand =          110
 Sequence =          360         327          56         576         347         286         396          12         169         540          42         126          32          51         352         285
 Visit points =    70.822970973295355        84.177304559508045        60.683304767823010        167.27326251594678        64.941931250047261        177.51875995461853        66.189160757359360        180.51605603663950        67.437005047570281        183.51317249096954        68.684849750525601        186.51028832372791        68.684828261301220        186.51028759076530        63.469495926039691        184.91236515295594        58.433400536795581        183.36935901181079        58.433400536795574        183.36935901181079        56.366531855790022        184.62329848530604        54.299663174784492        185.87723795880135        49.566339970023783        188.74887700476785        30.274172091249287        177.58860848356494        28.556822273395674        167.51461658337752        27.377393266337791        160.59607375626896     

 RouteID =          40
 Route number of clients =           16
 Route length =    1115.2482989861085     
 Route demand =          110
 Sequence =          190         162         416          17         147         310         102         565         253         112         192         619         176         580         568         501
 Visit points =    412.11615981410949        297.18423017658085        413.38942834765589        298.10236676896790        414.39764922063665        298.82932182785123        415.40590442312157        299.55623423465528        415.40617223586435        299.55636962437939        430.53332754645828        307.20373308778881        430.53332754645828        307.20373308778881        436.98315556160429        309.01543598962456        443.43298357675030        310.82713889146044        443.88851142455434        311.09616433436292        454.35243064732481        317.27594130512961        454.35243064732487        317.27594130512966        442.57915334787862        317.54834760305204        420.81699635037654        312.71119143829151        420.81699635037648        312.71119143829151        378.25345121917258        295.87519254299355     

 RouteID =          41
 Route number of clients =           16
 Route length =    610.17622142843152     
 Route demand =          110
 Sequence =           40         588         430         245         123         519         412         531         549         212         365         451         256         483          46         557
 Visit points =    10.717996649246404        237.92674356184750        11.711626695684437        259.98414561102902        12.261832375190684        272.19805553265218        19.613430151016871        286.17810147929384        21.044994928394392        285.74002386163323        22.476559705771916        285.30194624397257        38.695306764879135        280.33879669924090        48.834824153314528        277.23597125120762        53.369562509379342        275.84828177523525        53.369562509379342        275.84828177523525        58.475931193897260        260.12947453068415        58.680857047177454        259.49865639236543        52.755666318304478        252.36986404469144        40.879115455800182        238.08078342959436        40.879118487633015        238.08079465545532        40.879127738009508        238.08080227072966     

 RouteID =          42
 Route number of clients =           15
 Route length =    1170.6758528729945     
 Route demand =          110
 Sequence =          623          48         571         381         515         202         503         440         198          99         221         378          33         472         384
 Visit points =    274.71977614901795        436.18763682554538        286.67934499752965        444.67273001180052        309.14976907564898        460.61508083168331        318.70948606058528        461.42370318968307        324.98453757087270        461.95448679209949        327.95114990366750        462.20542109307144        329.45253569405293        455.51616186385974        329.45253614352708        455.51616111453120        335.00799866085691        446.25452450886854        340.56346117818674        436.99288790320583        344.26708403514436        428.84119486978068        344.61645321391262        428.07911550326645        347.28949296520273        422.24841101035111        346.49243267694800        408.45654658155416        346.49243267694800        408.45654658155416     

 RouteID =          43
 Route number of clients =           14
 Route length =    1814.1028581714577     
 Route demand =          110
 Sequence =          624         233         471         235         468         257          67         463         406         338         366         188         434         572
 Visit points =    693.90160288882498        91.917159036390018        827.28151444893751        115.52880379735528        841.12719783470743        117.97984274132895        868.56352417249911        121.81376100953169        878.13104008556672        122.72381768849021        872.02095328521762        117.03885511552986        868.87405191335290        114.11088776470827        868.87404604839980        114.11086452390282        868.36566528126798        112.09625187620081        866.03983389329460        102.87944110448561        869.19528477829510        94.813686260829613        871.01984475427935        93.566208756128347        873.01653266301162        92.205218016451468        878.60146485650910        88.398393242369011     

 RouteID =          44
 Route number of clients =           13
 Route length =    1393.1129710426628     
 Route demand =          108
 Sequence =          626         498         288         499         205         355          15         371         516          14         309          59         525
 Visit points =    566.97700209416587        184.64045915534513        592.38389359901146        204.15300902339274        584.90472057826003        215.71014630105586        573.38548690120570        233.51010165989277        538.63004811778092        287.21541579775624        530.29317001043887        300.09776290812084        519.39682734281723        316.93500738081138        514.96053806175007        323.79002346655511        510.52424865047635        330.64503800368942        510.20366732539003        331.14040461304904        502.80318268325851        319.86883268221408        481.51040658375092        287.43811104455193        444.70637369391670        272.35316436582571     

