 nroutes = 35
 
 RouteID =           1
 Route number of clients =           19
 Route length =    1085.9240140748793     
 Route demand =         1376
 Sequence =          280         425          43         477         108         362         250         298         584         315         474           1         203         131         148         184         314          74         106
 Visit points =    104.82718016076967        15.219426344287280        196.58957454012921        28.542030274777744        204.80272879268642        91.666498965430506        207.57796901739232        112.99637531822665        176.52592423657816        148.23696473532905        165.64877735896971        179.64888180020057        144.64874172239442        204.32699099404942        143.74184497578332        208.51467261269104        142.25961591531731        260.12679460610946        140.66997237725570        315.47915437342579        142.92273986285250        338.77782213428310        74.308444922527855        396.43846555429963        59.935717574642339        408.51671699301687        29.201482326526019        400.28234377392539        55.478012894106818        365.32699412268124        53.914690404794023        345.09835122689555        47.593015752953143        263.29891450821680        24.375013889690130        191.66608619532761        16.665267069479917        131.04265413190697     

 RouteID =           2
 Route number of clients =           18
 Route length =    2183.9373731191713     
 Route demand =         1358
 Sequence =          559         447         601         603         156         495         332         482         600         614         125         281         457         301         406         593         408         478
 Visit points =    922.07447183067507        264.76860698638745        921.77177091206340        270.46203711222086        920.69007142633484        290.80746740490048        947.52298687675227        291.48523488053860        951.99073686388670        291.58950993713830        961.49650919090709        291.80514549569381        986.64534109387387        292.37563911029480        986.66132666554086        284.78357783468755        986.72122847135915        256.33428682605665        986.73203819085143        251.20040394300773        988.07535109834794        243.59423882269073        977.90581658623944        232.86517062258338        973.36027382680106        228.06952946374284        973.61480228536823        227.72758476418835        992.02139858718022        202.99935563932993        964.02696604171103        170.88763774052038        960.47256280691602        155.94572650496661        940.81547511153838        152.75413213743053     

 RouteID =           3
 Route number of clients =           19
 Route length =    2474.0066731594693     
 Route demand =         1342
 Sequence =          128         202          34          96         234         204         264         124         198           3         161         252         570          57           5         261         277         104         566
 Visit points =    651.02751724785617        815.17435955640963        666.63039819254220        834.71127334937455        664.46973892130359        868.58038504871240        663.06574732158197        890.58845867183743        637.14813971867977        904.03674386702767        638.75967205052336        912.83262020351742        640.39575715229682        921.76250758263677        638.07117157220671        929.28062603714818        617.45336348807712        924.87003810704118        606.86528627852317        936.93051359180708        592.16600121422732        975.55213060315339        589.81418143936548        977.56929070059653        537.76818632242953        983.22309797042396        503.60887040369425        986.93385781351571        503.00000000000000        987.00000000000000        515.29690499900039        951.07192510193079        515.64063623398499        942.16670173572163        498.53498327975944        861.01681078783872        485.62388065103914        820.28233264425000     

 RouteID =           4
 Route number of clients =           19
 Route length =    2064.8127382440703     
 Route demand =         1377
 Sequence =          364           2          72         551          62         341          70         512         222          88          52         149          68          27         195         499         473         483         565
 Visit points =    377.18200589452448        451.03035257809387        526.54451818530958        642.40782432031403        545.24457399439063        654.21741752696585        586.85373685082834        700.58014778178358        600.08728262573288        715.32553728153300        601.39246591182416        719.92654341642003        605.83497781000824        735.59044525151955        607.42709585381613        741.20411187068873        644.83311127338879        772.02018768038670        632.33182280436529        775.50594294223367        622.07046023026578        773.33023341851754        590.14338116690669        766.56075719340913        588.79090938665126        766.27399354856084        556.69356827962793        781.84079767937351        549.15559488415977        769.06268568301209        494.01052820597255        675.58267443712600        490.06339399741830        668.89162894957587        488.25219039336883        665.82133919969976        448.51367788497902        628.47263395412631     

 RouteID =          5
 Route number of clients =           19
 Route length =    2254.7378590832527     
 Route demand =         1355
 Sequence =          126         266          80         305         537         468         142          64          36         216         492         374         552         578         542         545         465         586         293
 Visit points =    654.81212940172372        601.89064716791358        704.58951744696139        604.95174775582325        747.91225130469832        607.61591418338367        781.99387491075072        626.63917347449728        784.23816088859201        623.07999522433795        809.86474748276578        582.43918984910681        835.16237573328033        519.33690083207318        850.59467439866330        493.73100655370342        869.05134607032676        459.16433416952515        882.31563803682309        434.32223679842070        882.19747080916409        417.72906602968249        882.00000000000000        390.00000000000000        881.80335761240269        381.73722151394134        859.53461331008555        362.27575113350628        859.13745339496609        361.92865855300590        856.52869602556291        360.39153746048481        851.95496227209503        357.69602482301542        839.34275009255043        350.26263360697095        806.26047794960823        330.76458935800252     

 RouteID =          6
 Route number of clients =           18
 Route length =    2726.2193747055635     
 Route demand =         1368
 Sequence =          139         127         561          12         193          60         154          99         302         117         269         240         188          42         316          41         310         191
 Visit points =    930.07537278426923        448.61741742414432        971.12578071352550        493.54778387842367        971.57189043409176        521.27520328814364        971.90024690909979        541.68380968858696        961.05496156467314        560.72663462105720        950.24989789214555        579.69883584634579        930.92199434863915        613.63596813948607        958.38256394033408        633.03651461502398        978.79784489983626        750.66061667029487        985.90552863624714        791.61204510503535        933.11757329749832        767.43662523009982        933.10783040391811        767.43150856502393        862.94669760744262        730.58506095653547        871.45457519232059        692.24763301750590        830.74932707799837        693.27566207121129        821.50862821386977        693.50904001013930        799.79094822032710        694.05752962869690        791.01785732733413        686.44425292689368     

 RouteID =          7
 Route number of clients =           17
 Route length =    1436.1189108295362     
 Route demand =         1375
 Sequence =          543         507           7         630         138         323         438         624         449         442         410         256         546         173         143         105          83
 Visit points =    107.09250638671674        612.49384940558627        112.84687354090731        645.40478414863958        114.80376373264036        651.40854925241911        118.31242617067393        662.17317222176030        129.38164970536621        686.74156424937598        140.24067639072126        692.46897508175948        144.94156668925501        694.94838032531936        157.57409859134745        681.28051086599157        157.57409835131057        681.28050694693627        157.57409805352370        681.28050394604566        157.17424498130899        677.25106193799502        155.80886770955161        663.49173769225922        152.63964400434915        631.55450184804670        150.59048080354634        610.90445801558099        134.39462933689433        562.90979807959343        132.10022545123127        556.10998357180790        132.09984416527351        556.10837845018932     

 RouteID =          8
 Route number of clients =           18
 Route length =    1724.8633940911357     
 Route demand =         1377
 Sequence =          596         429         129          87         135         114         573         612         574          21         338          67         526         225         368         242         102         562
 Visit points =    195.92767174732310        529.52750701577418        202.44351077649472        547.13765859090768        203.94079872288316        576.61307590205763        223.49701554909467        586.02532054938729        224.45288065110196        586.48537047979505        248.96399432159350        592.52892384040683        286.78888111180873        557.74786582310514        346.41756198998127        502.91759968958473        346.41756199000116        502.91759968954506        348.00430955944523        499.75168495828791        376.46980951513052        482.22722547968613        386.52477427982984        476.03700142417824        478.59018165744237        512.87670944612466        501.98122815778925        508.80400032047106        514.88030705971141        471.44992137987907        520.43811378332543        455.35522557493340        477.15846699771987        425.63928353398950        427.93487930715628        422.73288031306623     

 RouteID =          9
 Route number of clients =           19
 Route length =    1968.4718608277499     
 Route demand =         1376
 Sequence =          152          73          95         599         182          45         206         111         351          53         221         121         112          93          58         309         615         380         253
 Visit points =    80.728495711722545        710.23404994285886        87.329608891760699        768.30939628315843        88.397471371521675        777.70424858526235        60.352457201727390        835.15340960307276        32.507577910565828        892.19260181864820        52.471872262245306        903.91536711658432        54.344591757822798        907.97783588157495        63.395409390097910        927.61167000119326        65.981824934734050        926.87809920034351        103.37989497186759        916.27139025690417        107.24555410925227        903.29034581509484        118.24318368526282        866.35949863714916        121.41338510371789        855.71360011871320        123.28516352910081        849.42795433935589        117.17826658810584        842.01659939197702        157.47737756206536        812.00799317476469        172.55500886224570        800.78048245702723        171.13786381056036        794.20004491457667        163.68086528702690        759.59432745117601     

 RouteID =          10
 Route number of clients =           19
 Route length =    1541.6708596061546     
 Route demand =         1372
 Sequence =           14         167         358         496         505         232         460         349         249         254         292         245         214          35         178         607         153         116         160
 Visit points =    134.75570697104979        443.38641979880106        122.20644497865133        493.70880146758969        111.39620277092088        537.09458317098324        103.98338224980033        566.84516662283102        91.922617554745628        563.30922301672365        91.550584669597413        564.23082223374729        47.228367956008704        674.02574050749388        45.525474600336302        678.24414497095188        36.592827083551505        693.40192675331673        30.967436462893001        702.94763459729927        24.284133577272698        714.71706888761037        9.2451553331235541        739.17802449971123        19.607101462213869        663.13207802583247        15.208851880135770        654.47363333211763        29.860708344766262        599.16082202493590        28.019867441865134        561.20001832134699        27.720402591653151        555.13340454971626        26.646679920406857        533.49767046974182        25.781424457445073        516.17424499121501     

 RouteID =          11
 Route number of clients =           19
 Route length =    1846.1120813938946     
 Route demand =         1375
 Sequence =          530         211         524         322         594         432         513         337         440         556         493         509         377         639         535         329         359         103         382
 Visit points =    841.01389137108299        175.40077889026679        853.28401913135224        188.91875828974904        859.73289790116144        196.02345901643039        859.73301557489026        196.02357173718565        868.70922508491287        204.62196136312016        872.32693881823604        208.08740100102909        871.05763755641328        206.40920633620044        859.82735114128025        191.56118931043221        857.93366044779032        189.05746406077276        856.61165726899333        191.77085037821664        855.46118397239491        194.12923015200337        854.79132418720599        195.49898926771999        854.11825453358358        196.87173784298048        844.56858301230398        216.34285043449538        843.94700306784387        217.60466043736719        836.79857849766699        232.11304636472440        822.45930223703260        220.68716388384996        819.45144791506539        219.88007855101316        815.11410807140669        218.71625776827781     

 RouteID =          12
 Route number of clients =           17
 Route length =    2869.1764864043816     
 Route demand =         1349
 Sequence =          238          79         233         247          37         312         174          94         308         317         101         113         290         243         296         288          49
 Visit points =    649.19012228178633        708.89773588691526        818.88955491070089        863.31661846356849        870.53275454322898        858.67331398887040        912.71499189011831        881.35934426265123        949.14983002428119        927.08711068319258        968.44448227536577        951.30298198895491        887.94619781876952        947.74825593107141        873.62205854975969        953.03661638973608        824.19717629077945        971.28389729812750        763.61482914087776        982.35946747099240        760.24064807981654        946.23722667738139        756.52996125184848        906.51252883695633        752.71135510853003        903.93924669636499        741.87140499049337        901.41546233249062        714.81713987749345        895.11662049975087        701.46363554443849        898.71060707769368        692.81408206976528        851.79221737123271     

 RouteID =          13
 Route number of clients =           18
 Route length =    2023.7494175601348     
 Route demand =         1352
 Sequence =           63         501         176         569         375         458         427         226         187         503         637         326         547         572         602          75         479         444
 Visit points =    906.50491751263189        28.665919034550040        920.81805204088391        29.118535614549760        954.48405626703732        30.429200757490278        972.05204484137278        31.113147391052188        982.24303217171882        33.466163485828496        962.83761690408619        41.927433613497435        944.06767648610435        50.111619828808585        937.57665401732129        52.941875835449672        937.55849500370709        53.017967304393075        930.96554869579870        80.644300975014275        930.49818976445852        81.045254363172077        929.66437321233207        82.270669742232627        929.66433916174969        82.270753281081554        920.66796793486367        104.34222595358015        921.84659991544140        107.05277084808965        905.79820689437838        114.52088110415237        900.56268997016969        116.96059670007679        883.19901735986286        125.05423992044918     

 RouteID =          14
 Route number of clients =           18
 Route length =    1577.2865916469095     
 Route demand =         1380
 Sequence =          467         219         352         130         521         606         366         407         373         608         313         162         345         168         498         453         402          59
 Visit points =    295.57343214142600        370.21268403828583        374.46079749775100        450.29016594306148        412.94008377407647        509.12109854907413        425.23086749973515        527.91246239732152        423.85594061523170        529.24786255160768        415.10644582390483        537.74582475305488        406.44604778483694        546.15725157720010        390.21412097034306        582.60463149058103        342.56640646936893        606.85282329550625        339.77416121655170        608.27246969935527        316.29052003353905        620.21195368513702        312.68481425645291        622.04515604278947        320.52660371133339        609.17704796914563        345.23959965165017        568.62923819215564        345.46730078571636        568.26073096282119        353.20443321162190        555.73910148145353        331.88737148545880        540.78244854706566        235.64558147416949        456.13360246144805     

 RouteID =          15
 Route number of clients =           17
 Route length =    915.11368702314644     
 Route demand =         1326
 Sequence =          235         186         286         137          78         283         484         353         563          85          25         476         405         272         100          65         177
 Visit points =    166.54380735576180        269.68383198756885        170.57686708989579        304.62331787990723        171.33226875727217        311.19288439314380        172.00000000000000        317.00000000000000        205.54026431056482        332.62734447786653        215.00402213272528        312.02998854691765        223.43753219224334        293.67491102830513        239.10569091930913        288.34144977997852        247.20466059060951        285.58455015662736        258.41704611949268        277.48918613290442        270.38585972921129        282.39972256492581        270.38610999220754        282.39939478032204        281.80444892533717        267.44410470875079        251.72508496718385        227.92110826680553        248.88362138891151        223.89116415227369        222.09847353396631        185.90276627862124        123.53784150803057        55.527208505796658     

 RouteID =          16
 Route number of clients =           18
 Route length =    1539.0977141152784     
 Route demand =         1381
 Sequence =           51         169         520         307          29         617         392         335         553         383          69           6         472         170         587         356          91         165
 Visit points =    426.63196864934815        232.84772264029209        488.08755698855532        267.47950514515929        550.75708732138912        280.45860819340680        575.41359097221005        277.51058714051885        637.23234772845137        253.92152492036340        677.43932126126356        237.12146244674395        666.02531271518831        216.24406260488126        649.58055531144487        186.17952820069280        641.35847037545352        171.15535195927532        632.55382623164508        155.06666808050764        620.55219361778222        157.53176676951415        619.25068051324217        159.70014965036560        612.86126542033207        170.34521874820391        597.19135328355276        196.45203674507894        595.89599305548859        198.61016841928819        560.38802572675388        198.89161929569374        553.47199829321164        195.06886793754367        532.72290215035912        187.75593664599668     

 RouteID =          17
 Route number of clients =           19
 Route length =    1793.8032421125131     
 Route demand =         1377
 Sequence =           11         610         229         289         558         455         201         263         255         273         541         533         164         398         378         360         560         385         334
 Visit points =    27.432841628908029        454.18981933790178        200.01225486035551        623.96653983343606        217.94869468230945        637.89196480032092        221.59101856996716        640.71977837459485        256.77584521459983        665.96783691669771        273.52957609280372        677.98932116653373        295.02115778972905        693.41040137400466        295.02116067181453        693.41040194882976        319.81800031057708        698.35607280940030        379.85534230528543        693.70090843910987        409.05507877744321        691.43682464840776        413.69080165290512        693.37390198864000        414.00000000000000        697.00000000000000        438.13033336569589        695.16326775735433        436.70934205667038        685.79964605208579        435.61973344416361        678.61957094203080        428.92401327778629        634.49751357328955        418.61867334226395        633.54808379263034        406.30337674940762        607.85861461605771     

 RouteID =          18
 Route number of clients =           19
 Route length =    1924.6622420266769     
 Route demand =         1374
 Sequence =          621         428         591         564         463         628         381         390         145          30          24         244          90         151         424         268         529          44         640
 Visit points =    478.77540989052034        604.45831781533400        504.27361552794707        636.65003478432538        522.76858888220113        648.26157312514022        522.76978274194062        648.26212769230585        530.33678209264281        651.77712132461863        534.52712948486885        697.59973304091022        535.64068437421940        709.77676481019671        538.14190418046337        707.79569753847443        538.79159256814501        707.47582661275942        609.56797951892963        672.62941586883107        615.14032548086675        669.88589836868016        619.91474176218856        655.45701207232617        620.93105301504420        652.38559168392692        608.71332303320230        636.06405616818904        591.65698714179644        611.17802575446706        561.10774125775617        587.72017753653836        541.12057174879317        596.77429501473932        527.51108727851374        583.34177912653445        488.70819682756161        540.43207031323038     

 RouteID =          19
 Route number of clients =           11
 Route length =    417.63621923161253     
 Route demand =          989
 Sequence =          291          28          38         304           9          46          47         132         212         224         109
 Visit points =    41.284551092151844        50.119841343862177        51.874549823464172        62.982578187274385        64.921008161112852        78.829046476321608        64.922883973804389        78.831408285605477        76.288857004482608        93.142189199746184        88.294094566448464        108.25786157621447        107.28925751629406        136.22768748706258        106.16323394414484        140.57742266388490        100.73707340052775        161.53822843689986        55.638747136483126        163.46334673370541        14.389186012670617        32.750149870502952     

 RouteID =          20
 Route number of clients =           19
 Route length =    1855.4055585694100     
 Route demand =         1351
 Sequence =          401         209         422         141         506         555         589         388         379          17         571         618         518         400         443         417           4         430         163
 Visit points =    800.32647155357290        145.24549214636659        816.43210550526283        145.09989750889059        821.85449444376536        141.66497226997740        825.21999140793844        139.53178564766503        836.70411806698883        132.25010606391589        863.50760951195616        115.24955714531220        865.93527203331246        113.70441736005832        869.07378978132772        111.70183063207200        872.67897537316298        109.39715004101038        895.85614364748028        94.580722837217920        895.16812231276242        92.353796507878656        891.73966825291723        81.256881006078885        888.07502560227533        72.617121588667601        887.05664965303015        70.216199033117647        861.79636971658078        76.251785984012571        854.49523483364578        76.354343432886949        845.55620962793296        77.373644778772032        823.66774161773571        81.562404014211992        790.29088620722121        44.708064358982575     

 RouteID =          21
 Route number of clients =           17
 Route length =    1695.6738900107159     
 Route demand =         1378
 Sequence =           33         528         355         166         633         217         223         516         395         421         155         218         404         409          22         433         330
 Visit points =    180.93951508634404        694.00369821846277        202.21092227668467        700.73369191563995        208.06455102091709        702.58570312494953        228.05084031286046        727.61041844012721        215.44056312395119        735.19099296608090        215.43547537462078        735.19375872104854        196.08303567078531        745.69942952437543        177.25331081109005        755.91254126877095        151.78241764672956        769.72744912458836        150.79861992236690        770.26104152054916        152.52235625464962        729.02400025551856        146.87951443469643        722.27953200924117        144.74757024590994        719.73137802178360        115.25950119098822        726.85105101563238        110.15226199703375        728.08415559411799        92.079285785766032        707.08073400760941        90.063576885910734        691.60202002440781     

 RouteID =          22
 Route number of clients =           17
 Route length =    1675.1151361277307     
 Route demand =         1357
 Sequence =          394         278         120         448         414         418         616         144         354         357         171         119         582         488         140         306         494
 Visit points =    657.48264747720566        297.73173224194227        674.87434751125693        305.60731800475861        693.56616565799084        285.74801114487212        712.54628472373884        270.78062905510677        757.18978359539619        238.08705692699633        757.59683763166026        237.50635583066725        758.85374242064461        235.71837887341974        760.36009092778158        233.58101266114406        766.99987402477734        224.16445493775558        762.75779625735515        221.15999692397415        755.84759178260197        216.26583412232006        742.19531619731890        190.69253930164024        740.07921096138614        186.72867388359759        730.98027506514848        183.77046162507199        724.00933450867217        181.50409531116620        712.66777651233861        178.66071287085106        688.90938285206380        172.70465355695345     

 RouteID =          23
 Route number of clients =           19
 Route length =    2398.1097574590390     
 Route demand =         1377
 Sequence =          531         536         568         328         237         514         576         271         397         227         265         260          61         282         213         158          31         258         115
 Visit points =    452.54250831551292        624.35481732869005        463.09617843224072        649.60594697675094        462.92327657972544        672.52567927311588        462.92028678294002        672.92200436128360        460.06853024935060        701.43279576769737        445.03103835467442        725.07002247041225        439.54259650810201        733.69722872799503        466.36558074283585        826.53044395978964        473.13834832773296        849.98925610201161        474.71229282494664        855.44092232554397        462.93822771341331        926.50878295101552        461.64022531600779        934.34348172297882        425.98846328842660        942.50389979223849        339.53246478394379        977.34924852779614        334.12089602091703        979.53033490717962        220.22955990351224        984.69717912903411        170.23747887309113        986.96514176619428        172.47989509179249        919.11583914441371        164.99905805036110        879.25173897680520     

 RouteID =          24
 Route number of clients =           19
 Route length =    2420.6467301013081     
 Route demand =         1381
 Sequence =           18          19         172         343          55         270          98         259          16         420         274         208         454         419          32         590         134         622         348
 Visit points =    788.50453406639690        553.28943238561385        808.46760056145501        621.69874472477215        818.13992468982383        654.84380500431178        826.40892111163862        650.98159319983461        849.38903572997901        640.24823870072726        869.34301905698408        581.90229508872085        879.65774339315522        560.38757285392091        898.16109740162688        521.79279233143723        900.70863404632280        514.81178111654378        911.08540637917929        486.37562394134443        921.09877000006236        458.93530626167160        921.60039552537262        457.56066690052427        929.84048967719798        430.50006313772207        944.00000000000000        384.00000000000000        941.11059267050416        360.22137524974846        938.47518477388383        338.53306055701938        933.95314188364796        337.20956115538519        916.70577841929435        332.16158799012442        916.70514356219803        332.16135795433081     

 RouteID =          25
 Route number of clients =           18
 Route length =    2070.6529349025736     
 Route demand =         1379
 Sequence =          525         475         205         638          84          26         275          86         210         384         318         228         287         107          89         231         446         339
 Visit points =    277.67894028263134        709.24610920304872        284.56375648463415        722.44471130586203        281.69476051871425        726.98094389079665        273.98754371427287        739.16699379214299        288.54050710434927        778.81497055950661        297.12767282753862        802.20977599979744        262.70770228403404        845.17965940069587        260.51360756815052        877.92563231184283        317.88801380661363        891.24912520943985        319.64826063453222        872.23392076613607        328.51164134235256        872.25647342354443        353.85606242188157        872.31206867007700        365.70132767031618        872.33039061875832        415.00000000000000        820.00000000000000        385.43066163880201        768.86855692120821        385.22130577830131        768.50653775345938        335.61183000252987        714.66279322051525        320.00665845922958        697.72568883005545     

 RouteID =          26
 Route number of clients =           20
 Route length =    1642.7832610924941     
 Route demand =         1378
 Sequence =          346         549          77          39         194          56         423         299         372         538         199         251         295          71         416         197         523          54         387         604
 Visit points =    406.43880358761032        18.539298156938290        416.53343329805068        18.820279872436295        509.78060491345764        21.415793625529496        517.50621256602665        21.630834152398748        696.84594627474439        37.067031654463150        713.79730297080471        23.230506343518364        723.36924664560479        23.343439385410385        728.02436893472293        15.964935272370877        768.22308706305705        37.470499186644695        777.74676397818916        84.379466283284600        746.07693740753166        119.75138246952356        740.93969027105550        119.35475851858382        682.76402701890697        114.86327489036296        673.88201350945349        121.93163744518148        665.00000000000000        129.00000000000000        624.67998839925338        121.46075463101089        595.91555623104387        116.08223157493717        563.85041374743980        110.78228169575158        536.72940627083028        106.30040891168338        430.85832472410823        88.804719659971269     

 RouteID =          27
 Route number of clients =           19
 Route length =    1863.5872409906488     
 Route demand =         1378
 Sequence =          522         588         497         452         365         480         413         321         577         511         613         510         376         456         487         435         248         367         636
 Visit points =    793.43524437633528        306.14243962139551        816.20155985680867        314.92669191139919        817.82650916249338        312.97592632187519        825.27587411899287        306.54434839957270        825.27587411964078        306.54434840076925        847.94626484530647        319.84799820524728        854.71055058332104        323.81747935468729        854.71055058332104        323.81747935468718        851.99038880009800        316.66285665715623        847.30978975240816        304.35352032976823        846.30819651165586        301.72135828525973        842.04767635717303        290.52732457100228        836.59351936794837        276.19986440115184        835.11499519475137        272.31823758696169        827.20270896823172        251.54580590463280        822.30072607943544        249.29596526349604        817.25103981348275        246.97833388340652        801.61152530911750        239.80033753414935        798.92298842872844        238.56639207459622     

 RouteID =          28
 Route number of clients =           20
 Route length =    2020.0481188090412     
 Route demand =         1376
 Sequence =          581         369         370         320         583         399         550         403         485         389         426         284         393         436         595         371         623         557         412         464
 Visit points =    858.31774479690068        163.17421451879059        872.32244307376050        165.83169214101105        881.85457376489069        167.64047255905223        883.77420077393458        169.94449893650156        887.53904627917098        174.45928651590191        903.00000000000000        193.00000000000000        930.53946002824182        177.55453787853909        927.62864874206468        187.26610761185478        925.25782313382820        195.17608045319247        922.91896091337856        202.97941131781428        914.48559073477213        222.84692561627040        892.87965378513923        273.74665516535447        875.36725661325488        278.65121292854309        862.06062630379017        282.37789698264072        862.06062293575530        282.37789944924009        862.06062158902557        282.37790219577988        859.66010521414978        269.23442324129928        857.07480045624095        255.07917743410385        856.94248492980034        254.35471398539585        840.52790664556085        249.48259544990202     

 RouteID =          29
 Route number of clients =           19
 Route length =    1847.7340175351947     
 Route demand =         1364
 Sequence =           40         262         319         340         133         220         207         200         180         502         136         548         631         239         632         363         285         635          81
 Visit points =    580.51406682999220        481.37481949918305        597.74281025281391        485.09186203216359        613.85896091519555        488.20366664555030        632.27612181261691        490.12693959663329        653.36585683878832        518.72023093803705        675.57520695200867        548.83148731477661        683.16781830752586        542.44273310619610        712.64208469237485        517.64180038438667        690.50281461266343        486.76716853379645        692.91885314383546        470.45826262298709        685.04544096739210        431.99888851995763        676.80737012333611        402.14369313229554        671.64886262515984        400.51863859154355        663.75368703201298        398.04026173954759        656.17424868055991        395.66966564141336        645.43637089768083        392.31715402623178        622.00000000000000        385.00000000000000        598.17570035450137        388.75505271209255        570.35193682440240        370.67235785942290     

 RouteID =          30
 Route number of clients =           19
 Route length =    1093.3900046338422     
 Route demand =         1380
 Sequence =          481         544         534         157         324         445         181         434         627         396         179         331         336          82         517         461         489         459         192
 Visit points =    259.34706999972411        322.19094004361830        297.03762059128223        369.01450325514242        297.75626658673178        376.40740904283086        298.48784064103234        383.93330926965575        300.29940547102149        394.68640402003297        302.12974750031719        405.55095655538526        293.27288025207270        409.64760256420527        285.96966055052792        413.02796169296420        268.06708209017091        421.31605089487408        265.67356611078333        422.42512808923141        266.38644401293476        425.87579849785925        260.42657639763240        430.73954417881777        257.65800828226457        433.00327536628828        252.23920630048832        437.43611645591585        247.00793942008772        441.71554479750040        245.80609899358555        441.21698445128271        216.81887458041905        429.19219287277105        196.75513673025591        401.55557287046508        93.856832159810992        198.27092638061757     

 RouteID =          31
 Route number of clients =           19
 Route length =    1791.3476921542117     
 Route demand =         1376
 Sequence =          196         504         579         344         437         241         626         333         190         327         634         605         609         619         500         411         431         123         451
 Visit points =    405.76669317480111        176.60625899548361        760.00000000000000        297.00000000000000        761.13555836996045        303.47962860194070        761.89813685123534        307.83099042463999        783.55711280726700        294.44062483215373        805.74496169409372        280.72329078512507        817.01796316072864        269.12637056826225        817.01796316072875        269.12637056826213        817.01796316072875        269.12637056826202        812.34630837029965        260.79231940237383        808.13132544649261        253.27295315503906        809.92042646301263        241.54416271900598        810.61113467126484        237.01609429121245        811.14398077293811        233.52292079040058        798.19383071988989        213.62701351943147        796.82846003791758        211.98335225314335        778.20445388511325        189.56339120084149        778.20445386447182        189.56339118730301        752.74197637135069        172.86287935989952     

 RouteID =          32
 Route number of clients =           18
 Route length =    1113.2218608619746     
 Route demand =         1353
 Sequence =          470         486         439         230         185         539         540         567          48         215         146         118          10         585         598         297         629           8
 Visit points =    283.10404464650702        84.179782211982413        306.74051785445295        91.210686736482600        311.93528158260585        92.758398791127718        311.56123103369214        93.655926343181832        306.00000000000000        107.00000000000000        321.17490230527721        129.55267759002354        335.58963201308626        146.65315918782539        348.14934626524399        161.55299892095061        413.49010557367592        226.41377416515863        426.48413788395811        239.31244806470320        427.40396300053584        240.22552292399521        393.01911061489341        270.60767184883042        369.10055936096376        302.89148329008492        365.61081461531518        307.60172933093236        365.12608479570565        304.04756981757868        338.70149708382911        253.68283224695122        330.14847446172882        202.35784533463806        305.50554118884298        187.25345665631176     

 RouteID =          33
 Route number of clients =           18
 Route length =    1960.7086100391862     
 Route demand =         1373
 Sequence =          554         515         527          20         159         279         519         508         469          76         147         491         532          15          92         611         294         110
 Visit points =    706.26282225098612        319.74438624256078        708.89460865008186        319.48123484860827        754.69258037380962        349.26468012525686        774.76174832962806        362.31610889083049        776.49041427020200        363.77320619182831        784.88358443190884        370.84783252789072        785.90093116743242        371.16641277546893        817.36882291854386        381.02052484442311        856.73101405092484        393.34672215582617        856.73101405092484        393.34672215582617        815.35464491153652        427.94544744632105        778.39410074979560        458.85168065714998        771.01955703613771        456.78393533795781        753.07584341805705        451.75270475836339        749.86183171664720        436.14785726409298        747.54022806382659        424.87587871824201        719.10093552171804        408.71240135862183        683.72379842913438        388.60524540865390     

 RouteID =          34
 Route number of clients =           18
 Route length =    1376.0429844550069     
 Route demand =         1367
 Sequence =          592         471         575         462          13          66         415         580         450         347         625         189         150          50         122         300         441         183
 Visit points =    306.02694882042152        312.29065369674174        342.80338742049196        349.81982571234443        353.04734007832496        360.27344971863329        375.06166063250799        376.16960326078288        388.47923431598531        389.53802498704243        376.90567135155214        405.37837730284747        354.02806016934079        436.69020602680536        348.47745404586817        444.28713679322487        330.21674438667031        449.56339921386677        303.96322212817228        457.14911058474041        271.57972151330830        479.67006697901559        237.89825117284784        503.09369044251525        226.45584656023303        503.57123219439410        175.21100322288385        500.44263239655839        145.68653377744579        498.63962396232728        141.58677678247389        498.38925887265503        98.207752396929394        474.16296097039276        66.923983533478918        267.99760099958922     

 RouteID =          35
 Route number of clients =           20
 Route length =    1116.0172721084089     
 Route demand =         1364
 Sequence =          303         267          23         276         342         236         257         620         350         246          97         466         490         325         361         386         597         391         175         311
 Visit points =    308.79990317008463        57.099285847089831        312.30537632909835        59.249907216346053        351.86791693820220        83.521679213009620        419.75970152346548        158.17365596403843        434.00173357251418        151.65625879450201        476.79037624688755        132.07544490118079        505.25652135221424        119.04885058246197        501.70768550082528        103.52100390954313        495.84532960614189        77.870405430672008        493.20348527458640        66.311078530395093        478.03078597616593        57.597803009348418        373.72499633559715        31.337358759859072        347.89079377205195        24.833236232358157        340.45837725193263        18.493644325611093        332.81044902362561        18.121932168803468        320.41255426758795        17.517252040401178        320.10781184461854        17.500326298643571        289.01703439402496        15.772459935793631        237.74239481831597        12.923500410699493        237.22643212229889        12.895453060882147     

