 nroutes = 44
 
 RouteID =            1
 Route number of clients =           20
 Route length =    2149.8768909814266     
 Route demand =           87
 Sequence =          676         518         560           8         431          14         670         479         275         632          20         482         123         375         256          56         332         193         314           6
 Visit points =    735.46409577160750        410.08006633369280        744.28375560318557        414.99955376951584        780.11706540998989        434.98689123432001        790.26346102129321        453.85830397637562        798.88107912082569        476.38262181806141        801.69312962975300        483.73468210615624        801.75113252784297        483.88851993154344        806.16355271691339        495.59133391041382        827.26226880653519        454.00922998841861        827.07113657565446        445.25732788778680        827.00000000000000        442.00000000000000        826.95757764738403        420.29681796375905        829.63492993279601        419.33258773493253        865.94522639914942        406.25568124740118        849.87447450715933        380.93840734739513        852.48847646689035        366.44417293988511        857.19651384753524        364.09553031682560        873.95842825382988        355.73371339911347        873.04617039536606        349.95852983501084        893.85701804054247        304.56135987773564     

 RouteID =           2
 Route number of clients =           15
 Route length =    2067.4101923419789     
 Route demand =           87
 Sequence =          454         362         559         329         425         162          32         280         501         555         426         519         269         535         462
 Visit points =    718.97448928158713        488.58546177745916        752.39919244233306        485.29095963954353        744.15050212613028        527.54703960681377        743.53002461122958        530.72559844251600        756.33259168223231        543.10933337119116        799.62993071813173        584.99021294510055        800.86409178194731        586.81922245158614        807.82436900786956        597.13425635374892        784.25662434256685        595.39862655670038        769.69589992924614        594.32631236129180        730.60242136039790        579.69951275275048        711.25625822752397        581.56865216606013        711.23826557308496        581.57392260898735        709.16187207430892        582.18213549435234        695.17622468274737        586.27878237690777     

 RouteID =           3
 Route number of clients =           12
 Route length =    1056.1724363702392     
 Route demand =           86
 Sequence =          112          43          57         119         316         105         464         151         497         534          90         268
 Visit points =    232.38046270122328        218.37623815304283        272.16926704398651        269.20469425471106        289.36411995406490        291.17036627605501        317.69406959437225        279.43936873433552        366.84676618849420        315.09035191185097        409.67517616780378        291.20127342367766        380.00840494110599        270.19407945676744        353.23319343351295        244.87368121584288        330.19832395023224        223.09049098180091        304.78509522069834        199.05822093819984        283.69937692214341        179.11830375541109        136.22112706378729        86.005466349726959     

 RouteID =           4
 Route number of clients =           23
 Route length =    2210.2888718812610     
 Route demand =           87
 Sequence =           40         145           9          72         217         250         319         270          76         568         334         161         267         155         296          73           5         449         407         544         128         122         263
 Visit points =    59.360652362723791        726.98032201537683        57.205927717161593        762.65369995911908        56.770246522281852        769.86678824471642        53.342072056421721        826.62325460426496        14.000000000000000        972.00000000000000        43.465043338289647        973.80585180244088        77.099267835699123        905.44499789828751        92.801192367309199        871.77199424626281        95.796774244482393        865.34772354390225        100.77077865530759        854.68056366642611        117.57351386709925        847.46396982852900        170.29514743295428        855.93742700682094        170.29740530190384        855.93689901544292        235.85388586135204        840.60686588563442        282.50527422492689        829.69768767682808        279.88914443405400        817.79324593987212        275.82772132081220        799.31213885206921        264.39957832461079        747.30949627121799        264.74217111782161        741.21320745556056        267.60311901630695        690.30389172753212        267.60311901630695        690.30389172753212        263.64571999145420        679.65905897842265        241.52861262477228        620.16722928576496     

 RouteID =           5
 Route number of clients =           16
 Route length =    1119.5753694796899     
 Route demand =           87
 Sequence =           47         573         684         352         514         487         345         363         527         149         612         631         441         185         103          31
 Visit points =    414.08096679068086        72.763174843604659        437.46320904813143        76.871950575963879        458.11937504202535        80.501694576766539        461.34489039587277        79.965450558256691        468.14639039380944        78.832807541460298        480.40123156654488        76.788294323180537        485.51230696113953        75.931490089612794        487.33286660595888        77.748521835429230        489.15507971435812        79.571917122875931        500.35873953293799        90.782845428237707        484.44781674655309        100.04292846881999        483.29978744657285        100.71107618052078        482.15175814659273        101.37922389222153        482.49681308811051        160.56749622636909        445.73634731279515        180.73002786155095        378.22299050526345        171.69102058800578     

 RouteID =           6
 Route number of clients =            9
 Route length =    566.45003321795980     
 Route demand =           62
 Sequence =          100          48          19         207          80          50          28         187         104
 Visit points =    22.133931770027573        160.44545725528255        38.076556941354283        183.33908513019361        62.991587698660531        219.11709762939020        81.211613923056674        227.48471764411408        108.54268962155953        240.03662361955705        113.10661997213847        190.86145147310970        98.623974298816648        138.59304755900754        76.592547050365866        59.080811728545832        26.756382867368835        20.638937854937883     

 RouteID =           7
 Route number of clients =           15
 Route length =    2030.3815337635074     
 Route demand =           87
 Sequence =          230         321         222         115          33         650         403         500         588         493         681         310         668         610         584
 Visit points =    126.79036895271135        657.09567534649568        219.00000000000000        869.00000000000000        272.93968838094548        869.87416588489123        305.18191469241725        870.38384553232811        342.60637724898908        870.96978235376253        352.32010836302481        871.11980357862979        357.89083910149259        871.20583929847623        364.45281252575580        870.35402543163218        367.23528712330642        868.68973656971502        377.87574295594419        862.32533209235442        390.51603428531052        854.76476032477399        403.63496238295534        846.91790024762224        403.63496238295579        846.91790024762156        391.88412013310517        833.63293422552078        380.33494990268656        809.06503730797328     

 RouteID =           8
 Route number of clients =           12
 Route length =    1810.6762898195807     
 Route demand =           87
 Sequence =           58         616          13         370         690         542         315         677         204         594         545         655
 Visit points =    304.17623810800427        713.74473902806517        309.97932749112010        727.36159662046498        318.56873420883119        736.41432161860905        351.04135566195504        770.63814881729718        357.55121408811095        777.49907534231761        371.23787211434058        774.41807090053362        415.08968776222059        764.54658594544151        416.76743764242747        760.53234860922691        426.53235824954686        737.16849124960834        394.57211528953417        727.28066104551453        394.57211527778855        727.28066100822434        373.91974525645941        661.71298845672811     

 RouteID =           9
 Route number of clients =           15
 Route length =    1574.7077258271729     
 Route demand =           87
 Sequence =           10         440         601         577         430         533         435         618         153         387         434         680         656         657         620
 Visit points =    514.70435715158646        342.25831559616262        630.04073906907831        438.64324240318814        638.74077840057123        445.91373797659759        637.80478061214933        447.46853250620455        627.04879830850643        448.95303877326154        623.73379192829077        449.41498084619855        620.41927890503655        449.88027582168746        617.10515009336643        450.34738514878728        613.79123310782290        450.81470686761759        613.29737749247408        450.88434936500835        602.78159127385675        455.24635793693972        601.05373327896996        455.96433124793236        577.49239496947325        444.77431888957750        568.11457051374691        439.66450794797714        568.11456978361775        439.66450738292929     

 RouteID =           10
 Route number of clients =           19
 Route length =    2869.6093523275395     
 Route demand =           87
 Sequence =           85          39         337         214         639         303          51          64         116         102         481         171         469         281          42         254         212         494         606
 Visit points =    729.97052672239329        950.23228260552366        813.32081473786434        969.46156634073009        897.73141424554012        974.71395916865663        913.23284552625830        975.67851135628678        913.23286036033176        975.67850505307536        964.64964418614716        953.83077222693635        972.97478552040445        950.29329963380644        971.66183504654816        934.46922283946799        973.82595005574683        922.79886019823243        980.45514851009023        887.04976661768683        974.51024664634213        880.12728695322448        972.59055084675140        877.89191691560450        971.30938955259592        876.40008181812516        972.56642844552368        863.33453872209873        974.40526826391488        844.22181195680207        973.92230136673777        839.39534408673205        971.09099919782091        811.24233862572794        970.45733572207348        805.05949996901643        966.96004535721772        770.93542167009173     

 RouteID =           11
 Route number of clients =           15
 Route length =    2115.9707699687092     
 Route demand =           87
 Sequence =          641         344         635         531         405         372         386         125         283         377         526         458         672         262         285
 Visit points =    451.29910190668090        877.00077232731667        458.14994904703161        890.31389040754357        468.91714694421398        893.83580783200784        468.93261870123655        893.84016851893909        470.29590638774675        898.81333945380152        472.65891324848263        907.43472325881123        475.92165543065835        919.33877359261840        480.10975199163397        918.20488130976219        487.57659165668065        916.18329662319798        489.18190554923649        915.93471106548384        489.18190554923842        915.93471106548316        508.29559735709739        909.10392387563138        501.23351157591588        888.45060868929170        489.99930739000257        855.59578829930979        488.83389049991979        849.08266768755993     

 RouteID =          12
 Route number of clients =           14
 Route length =    703.99291027805884     
 Route demand =           84
 Sequence =           26         317         240         312         158         459         306         602         297         477         265         258          66          68
 Visit points =    74.815315373301829        6.1007261654586955        101.00656062575061        8.2324879605047876        115.05455734441310        9.3734516827890086        192.63960622116230        15.679544896609519        198.64653585949566        16.171882248990169        237.90156661560547        19.389285993284140        256.70212758339505        50.984747524319253        259.02391689228216        54.886652627991054        266.79633330223646        60.153016806786205        299.50016981531820        66.470579791583788        291.64993554933193        88.768338574930766        291.63961326091453        88.796665292691657        274.09949204829928        136.93076530910116        228.82662664806941        114.31398458957678     

 RouteID =          13
 Route number of clients =           14
 Route length =    2402.3290444134304     
 Route demand =           87
 Sequence =          127          83          61         181         392         255         561         565         160         558         417           1         661         298
 Visit points =    945.05957106615074        420.64532609047490        954.00232617259167        426.61301910970099        959.18639947852705        492.38507915953483        961.95208355638840        527.47423174534117        986.95482385966432        572.43479130471462        962.96794294985807        611.54485236204175        931.74943852319882        595.96360042507638        928.46946076459471        594.32866391818050        925.18946672508503        592.69373585875383        925.18945933323312        592.69373726326478        892.00000000000000        599.00000000000000        868.81789818967070        597.40123435790827        834.00000000000000        595.00000000000000        825.02800766463167        588.59911817800457     

 RouteID =          14
 Route number of clients =           15
 Route length =    1623.8604125862378     
 Route demand =           87
 Sequence =           84         688          71         301         210         309         489         172         502         278          87         292         228         206         414
 Visit points =    621.19012050410788        50.702886280886801        646.25007200689731        71.291712163499966        652.54749653271347        76.465568028963034        699.95740228217960        91.818884897791577        745.20423983664557        93.174131041485211        736.72253657458100        148.26648647346420        720.39459559319494        160.27919751480150        709.62759155399340        168.19800195436051        693.65882916211467        179.94208370899361        690.30860750086049        182.40597390413612        645.60903242263134        188.79141707079484        638.79787602501574        189.76440735090560        638.33162542033301        161.79482727790847        637.81241568531129        147.07308872201318        636.08151976138856        142.38087896052446     

 RouteID =          15
 Route number of clients =           17
 Route length =    2452.3455831430188     
 Route demand =           87
 Sequence =          137         649         143         495          16         304         197         367         401         360         408         168         674         592         406         396         587
 Visit points =    579.26475749793281        710.93320373457186        654.19468397100934        739.31475250807614        677.68079280454390        748.21069268490658        679.49558171845138        748.89808852923841        718.41467686910710        757.15692771431702        751.25295591430086        764.12538534929411        780.51757560207045        770.33549344348751        800.83810560993265        715.90541315681992        807.18508506240335        713.12740351743344        849.03654742492836        693.26932076461981        906.88484478271289        665.82480108197683        908.57003569993549        665.02855539518407        914.16570398017268        671.63074628925119        914.16607351799212        671.63030024393538        915.08541042163495        670.52076727054646        916.00474565564059        669.41130602677538        916.92408088964635        668.30184478300430     

 RouteID =          16
 Route number of clients =           18
 Route length =    2477.7538201498714     
 Route demand =           86
 Sequence =          385         305         176         288         148         218         331         308         382         196         348         276         170         687         604          38         234         384
 Visit points =    569.58770862595156        823.13718210313971        575.88040537001132        832.23104523833683        591.67573676826373        833.27542044050085        622.26603949822879        835.29802780418072        652.21092231192938        837.27796049782455        622.56468166030345        872.00816924180424        616.77913877173535        881.89631604781584        596.28280895840101        899.75368787063655        591.42322681578446        911.28484241194133        590.03992353442015        916.91368270747967        589.93427530592066        917.34237889837812        574.00000000000000        982.00000000000000        497.74886365998998        976.58056024914367        475.59344286196307        980.00526526409271        432.77161865967344        986.62450835731840        432.77161865967304        986.62450835731840        427.78340390680353        975.24522709166968        416.49583235804704        949.51222721872773     

 RouteID =          17
 Route number of clients =           14
 Route length =    1774.7426543620732     
 Route demand =           87
 Sequence =          532          23         338         224         443         235          75         436         146         135         134          79         619         665
 Visit points =    421.89603347767604        616.75827330429615        455.29012950966370        665.56313329100760        456.82216457417371        667.79900193087872        457.31838594793936        668.52319280205268        464.39759753075310        678.61801887431068        498.40860958656714        685.05318786442206        508.41644446031751        673.31195948099446        507.32926322997338        671.46577615476406        479.99798516183631        625.05350518685202        511.57094623997665        577.65437884699725        513.20609221993584        575.20298030336141        524.59382764523593        558.13442112449570        520.54718192463724        553.82762877545201        511.81695937645520        544.53925181283955     

 RouteID =          18
 Route number of clients =           19
 Route length =    1704.8143623628494     
 Route demand =           87
 Sequence =          147         136         184          24         157         101         186          55          99         347         220         195         132           2         328         302         106          96         248
 Visit points =    213.02673491363993        528.05848907692450        223.37685970147805        553.71475827449308        228.12115621268853        565.47509459311698        232.88122275869591        577.27452225279205        229.41606928952336        605.25144091951938        223.96622114854949        649.25236599902280        169.85999172178327        749.96635043846470        125.80230914324308        730.10644126888451        69.199219197924393        704.59143096330035        27.450234844561589        689.66498179603400        26.532058591143681        689.33801074577752        25.615071203890327        689.01272279387638        25.613585992284388        658.44545985203797        49.131081017035434        607.02640123106153        69.809743715832454        582.32071170142717        36.132024296647131        576.38177495078367        26.270685027824634        574.64276556403729        25.863515754542824        565.73493934343628        18.130156994064446        396.57652751724027     

 RouteID =          19
 Route number of clients =           18
 Route length =    1926.2812374465989     
 Route demand =           87
 Sequence =          346         651         110         188          82         326          37         287          41         180         318         131         311          86         323         446         130         498
 Visit points =    757.31446472701452        51.876311734049537        777.96672503127820        51.403971810445512        814.61303287235876        42.890953163207655        838.25165109605553        37.399649684397680        895.04835385976367        26.812304490693752        941.54150832908761        18.145620483370365        937.96108114650747        23.890455415216064        929.56577909614202        37.360588620979215        926.89098048242499        41.648028573824625        925.41086227769301        44.015901375729179        922.36422460345204        48.886006203150160        906.64240584229287        74.017614760322942        832.90372254780061        84.460716615165097        822.93517518547151        85.872491989479983        789.37373498249246        90.625562788389743        777.68934332337369        92.280341023831866        751.00000000000000        85.000000000000000        597.34381164970546        67.608820226664406     

 RouteID =          20
 Route number of clients =           17
 Route length =    1727.8797378373636     
 Route demand =           87
 Sequence =          177          91         400         460         380         696         589         546         229         465         466         520         415         669         389         484         647
 Visit points =    523.17728816363137        510.78945112258555        552.79508466839377        534.96378194424256        553.59315276163579        535.61517280990472        569.21042974785166        539.89872636375480        571.23956130963234        540.45944713503945        576.34238351931538        541.86953727361617        576.60931396839828        544.36055750296896        580.07031488943528        576.65894585742478        589.23153305135452        589.49191257962764        601.39332441191766        587.18357359261279        619.30212572950313        546.63130019371624        619.46619465632307        546.25978632974090        608.75169996263389        536.79607264452682        602.97538411418964        531.69406821894813        586.99998256356298        519.63780493761647        580.46218745791055        513.85026558735490        532.71729789862400        471.58442172951140     

 RouteID =          21
 Route number of clients =           17
 Route length =    998.32258182582018     
 Route demand =           87
 Sequence =          209         284         299         272           4         289         339         117         236         320         190         244         243          17         183          18         221
 Visit points =    53.325779949389243        68.421614799888374        60.587995017539988        77.739668515343610        139.62111078630849        171.37499233617490        155.96508391984906        190.73868819950812        194.58223317496848        253.94765778935869        199.97013516492089        262.76663432193772        191.54479650863547        274.12920831848282        178.59916677730868        291.58793392642502        150.80108754607230        303.93882372699852        92.655661606229970        337.93226986594573        98.834260667608916        352.79066571404695        104.41316865271189        366.20691467587750        46.933921095175165        390.84430323004693        14.613916677430780        404.69765971519166        16.419522774410535        345.90998885970959        17.694288664112818        304.41201152762198        19.316067818004434        251.61756894839331     

 RouteID =          22
 Route number of clients =           16
 Route length =    1308.4502489066888     
 Route demand =           87
 Sequence =          261         111         237         192          95         245         121          74          63         324         238          70         290         167         205         138
 Visit points =    135.42032701584759        237.14082672264797        204.37152384213755        357.88447119035726        248.15609475706387        434.55766769834497        215.99207526255867        482.07511356598951        164.66871178147505        483.93018064104996        133.88846118131300        494.87586005454909        96.716691937922747        543.91553377358264        75.741284150857155        517.73093406605574        40.965364918610824        474.30856227787228        33.248304293716842        464.66236319456101        36.919765298653942        462.64342438315333        48.048849658201355        456.51825218401063        55.347302171027465        452.49750709038938        74.965753674424477        441.68962795599646        91.594777202511182        410.37505471233641        73.729652247183296        330.33335523010425     

 RouteID =          23
 Route number of clients =           15
 Route length =    1148.0120323343931     
 Route demand =           87
 Sequence =          295          97         199         381         638         307         411         476         468         373         662         249         516         322           3
 Visit points =    312.77066374625389        55.364234318624881        339.23244403777636        60.048293197421714        379.61219307157069        67.196002833795902        391.13528274288632        56.453738312115725        437.89254771212853        12.864829179506273        462.60942966888877        12.852925593979146        477.10569017145065        12.845944232939450        509.69567520991257        12.830248981616421        510.95056080976531        30.313838613762794        423.91463151340957        98.252393997104292        416.78631283621746        108.57247272655309        416.28431270695944        109.29378012973402        414.02997304099677        112.53296632824480        369.59676593679279        158.16540936802608        319.32191010885896        136.65076452856468     

 RouteID =          24
 Route number of clients =           15
 Route length =    1588.1113386293055     
 Route demand =           87
 Sequence =          286         491         165         371         614         611         598         683         416         427         509         567         538         553         395
 Visit points =    432.64408417375745        477.53297666765832        445.73881026488795        491.98634320539145        457.35604457603472        504.80892112609075        467.14601853890628        515.61465170002668        472.25170131468258        540.83431641658217        491.45217468276246        527.77968148187301        497.79337255981130        523.46822408363209        510.63586025334530        514.73646085182781        530.06087776099969        501.52915572828272        561.08377839056277        480.43630913133086        566.58425147443131        469.30635090920890        565.40977348192928        466.55590571431225        540.07265546256508        407.22462485592212        531.79067851168122        387.83093137638133        531.79067851151035        387.83093137625661     

 RouteID =          25
 Route number of clients =           13
 Route length =    1495.7629942368985     
 Route demand =           87
 Sequence =          327         200          30         126         343          21         133         633          60         277         467          77         472
 Visit points =    108.35943269103096        212.86719861359472        288.94107078003583        567.61164924822970        311.11520704950254        611.17173582432122        319.77066045828786        628.17498209557220        350.19910606456421        602.80748190518511        359.61051679989833        575.10709662072679        362.92379235869123        565.98649451119286        367.03684377275374        554.69403016090246        385.40838052113872        504.26279930595229        393.39541122659767        482.33631449129456        393.99576228551848        480.68622860111350        393.36113790474059        479.91200234638262        374.43795555438032        456.82517078772889     

 RouteID =          26
 Route number of clients =           18
 Route length =    1464.9609843796684     
 Route demand =           87
 Sequence =          333         630          11         219         524         233         667         391         374         607         300         398         643         378         658          22         536         413
 Visit points =    485.93599779944486        246.57011440485422        529.57157304960401        273.47895260065633        535.15095874989743        277.29800124091059        567.81805525071115        299.66696309652923        571.38711903936201        302.11752542774047        583.39076111796521        310.35937114893602        584.09849940188747        311.40475599468465        594.92840049117399        327.40136764744409        599.43670977099021        334.06049335553524        612.98062694209068        355.20192133096668        612.98065183543508        355.20196566177185        618.40617788011286        364.86390316578343        589.79954430330179        369.69795907072654        583.02585098641555        370.84260309494726        583.02585098641543        370.84260309494726        556.95604253905356        377.23713609039226        547.29988511976808        379.60564667425422        540.02031209943891        374.55655549220540     

 RouteID =          27
 Route number of clients =           16
 Route length =    2662.0371872900728     
 Route demand =           87
 Sequence =          350          67         293         271         213         660         178         605         226         640         474         550          53         368         586         697
 Visit points =    667.12001956843642        834.68597862216473        681.44463701614973        901.63397994553929        668.48263581746551        920.19481111783205        685.86369435055121        978.18838580820955        737.64393940052673        926.44942006377687        764.83891367643685        899.27612567082747        786.47701864186752        877.65527064203525        801.85215707985833        862.32272589779222        834.51501495292257        837.66928876057148        852.12391284287753        824.37197913731086        871.94865430611776        809.39785862021006        848.93423410378591        790.41965585806372        846.14812177448107        788.12214557756909        846.00000000000000        788.00000000000000        839.04331567020017        777.75177617471445        810.27497029511233        751.08493872400413     

 RouteID =          28
 Route number of clients =           21
 Route length =    1827.4063563744464     
 Route demand =           87
 Sequence =          394         511         480         444         274         537         583         508         152         591         599         648         422         496         622         548         438         575         646         541         461
 Visit points =    706.31610039966608        423.81344028279659        718.59732209341064        427.76838502597195        718.59732209341064        427.76838502597195        731.29662428251902        427.52128824415473        741.16748832883525        427.32922582081841        750.05953849560865        427.15620867642843        764.45472785678362        426.87611415272352        771.11345435310375        426.25739819765926        729.04940829344162        461.96845893979122        715.91336785699650        473.12054679339508        715.91336782585938        473.12054680680797        712.50454312647514        474.58895742081279        703.46713055085729        472.06753619941054        703.45571128267341        472.06435024492515        698.51344626765444        466.55192188019703        691.11095476500532        458.29544352358522        691.11095476500532        458.29544352358261        691.07825732123990        456.32190188274433        690.94319460659074        448.16961097162493        690.94319446496729        448.16959333609731        640.32304443987016        424.25576227637202     

 RouteID =          29
 Route number of clients =           17
 Route length =    2620.5556816483454     
 Route demand =           87
 Sequence =          402         409         685         572         682         596         689         557         410         364         578         569         251         260         291         698         549
 Visit points =    876.03499618475803        642.58436717692211        939.28349018116990        688.97805426314676        945.54973721190436        695.26541609138621        949.13832909736254        696.99907513933613        952.72692098282050        698.73273418728604        943.34440375192275        710.34507407991293        951.88255460551829        725.78809888303522        947.57817204902358        745.96421882885636        944.60975830495840        759.91829745526286        939.27153371742236        785.06345438307983        937.74422000539528        792.30278246036676        935.89297694443042        801.10920648170475        931.57870927693762        821.63231942273956        908.93867601784746        849.77452215849178        905.27502838801706        852.98270938811299        886.12042052874938        869.75603873948103        854.03295546106119        843.67246928169038     

 RouteID =          30
 Route number of clients =           18
 Route length =    1798.1391988398834     
 Route demand =           87
 Sequence =          652         699         593         624         523         603         421         282         563         457         547         399         227         429         140         225          65          89
 Visit points =    640.16265406824164        391.59147802553252        648.74586882294875        391.64416601279044        658.39226772871393        390.00689945604722        682.00000000000000        386.00000000000000        691.30329719835868        393.49457174039793        694.71366984026361        396.24190764521632        705.29206588888064        396.82122298518533        706.45993268821724        396.44813322416763        707.62780104393948        396.07504400735837        707.62781129432221        396.07504156060440        715.55369531951317        394.18314424239674        742.76453567191754        387.68795829366860        750.06751488337898        367.33760600256994        759.14399049258577        342.04525137014286        764.71136753181872        326.53128563653195        779.00154450433752        286.71050211197286        747.34224703903874        260.27581938048894        747.34224703903851        260.27581938048883     

 RouteID =          31
 Route number of clients =           13
 Route length =    1909.0755504337301     
 Route demand =           87
 Sequence =           25          15          62         174         376          49         232         517         694         294         159         242         579
 Visit points =    428.24222236413510        438.06788692832572        621.16380476251322        651.15116192751668        629.65597227016394        660.53082200429992        649.23462389165763        633.09249498069573        649.78888496948798        632.31573072726428        654.34447737924438        602.96853692325988        654.67258440935268        600.82527106719704        657.67389897954990        581.22003725223306        667.08355041029222        553.33762380258099        669.90861935682437        544.96645926256076        673.18168804709023        535.26779453062989        660.30935486118358        520.42204222511407        622.11241512732465        476.36924325480481     

 RouteID =          32
 Route number of clients =           14
 Route length =    1371.6224394583264     
 Route demand =           87
 Sequence =          506         625          92         510         216         191         450         114          54         335         645         503         585         554
 Visit points =    527.22828896248211        176.54274112299424        539.83346896627143        204.01622678903152        549.70349405872355        198.45821427143403        578.88907547556869        157.15277754850459        580.80329866455952        134.21012197410337        581.76912950510757        122.50694782734000        582.67623218946130        111.41233510343891        586.31386622826778        66.921075637487391        579.61123460028364        60.002741922645896        557.48900825903866        37.168584708187900        545.67304690555022        38.285535640657230        541.04598901069062        58.558766411227765        537.81535079730054        72.713651767004706        502.18686261108803        78.391413474561233     

 RouteID =          33
 Route number of clients =           17
 Route length =    1498.1093770103887     
 Route demand =           87
 Sequence =          515         383         488         359          35         700         679         543         636         354         512         475         499         113         627         129          81
 Visit points =    524.72436722173995        438.75159951285650        523.93126975546113        440.05430047229981        518.47954052477542        449.00898348283846        516.55749104624533        452.16597878109377        514.63542988881727        455.32295367997466        506.26144162122421        469.07718020072292        505.51606964996307        470.30144928342719        505.51606964996307        470.30144928342719        493.10068847046176        476.46684837495968        486.71464263935718        479.63046976705209        474.22836327655938        485.81365731358227        468.26614828925426        488.76613758317154        442.93550841503384        501.11506284419937        433.33212148675301        505.79494270914859        405.92494194870096        519.15088771407818        400.28741038632666        520.30356366966032        393.29296986042743        521.73367955065385     

 RouteID =          34
 Route number of clients =           16
 Route length =    2394.1046477774935     
 Route demand =           87
 Sequence =          203         580         330         120         211          69         124         109         691         201         313         223         169         150          45         173
 Visit points =    836.53581587671897        474.34090332318527        834.41438298006244        502.62277919904028        832.97177193489529        521.85494373314111        845.61163904580258        535.91695289025381        855.05264195736515        546.43120108029780        858.88535135756388        550.70892352156432        871.57872762604677        535.00657504186916        876.22187037199217        529.26277261328823        875.74134273126208        527.88910386888324        896.05074912130692        484.50287549587563        920.96813387613656        431.27279458316832        951.60911740514655        386.19588449162018        972.89064169140113        354.88796789180373        972.95306762135090        294.02493738732960        974.64785963877898        284.85951808686281        981.06714570831616        250.14407935931970     

 RouteID =          35
 Route number of clients =           13
 Route length =    2201.3521589971688     
 Route demand =           87
 Sequence =          540         388         231         141         139         445         358         433         215         608         570         581         202
 Visit points =    696.57212462427424        688.61414093864755        702.11933077925721        694.09797307316433        693.96904831047675        715.80549707223713        671.11856419278240        724.62364268500983        640.15376952153736        736.57315180150158        591.41598471780026        775.80955086667757        580.00000000000000        785.00000000000000        587.47677070222448        802.98063061814503        530.12316628584017        815.54549223166646        530.94373423960837        813.20195277416371        534.17633944116869        803.96964654604517        534.17633610744406        803.96964003579785        516.27287542948648        769.00695692816930     

 RouteID =          36
 Route number of clients =           19
 Route length =    2046.2116488172760     
 Route demand =           87
 Sequence =           88         198         617         485         428         663         695         369         442         325         571         615         623         528         353         678         483         600         551
 Visit points =    282.62956289412728        611.12936980905147        325.89942514631451        704.69171119727116        392.88102141709777        880.68844318984679        395.26725163585701        886.95835528011378        412.11311283934913        895.39223194367912        421.80667688149441        898.62379004232321        427.33493239257433        898.10650490496562        426.78735649582012        897.45699239422049        426.23978059906591        896.80747988347537        424.01223523832590        894.16525514599357        419.04165029580469        888.26934715401399        421.09925847640693        887.02367792304517        423.15686661848298        885.77800882934912        424.40130362022205        885.02463092789174        434.19087413176970        879.09805844744278        459.14002924269033        867.84393163058189        455.72339633520778        855.33289861543960        454.65746436787822        851.42966686761281        443.72670862229108        830.95981769002162     

 RouteID =          37
 Route number of clients =           15
 Route length =    2024.6197744750455     
 Route demand =           87
 Sequence =          613         432         266         164         239         404         341         653         621         675         118         107         156          46         253
 Visit points =    383.21362765452773        763.31065959740124        408.89746907255653        814.46901032431731        443.25309280188526        816.69047175547735        460.11072710430841        807.75301973993533        463.60853132494930        805.89858056888011        464.86933490945222        802.60870260661727        475.44967094367746        775.00090169284056        487.86493130988902        765.45673468573341        528.95069553508006        733.87226655431664        537.44224853461913        733.66574058912317        548.52716738570166        733.39614048594592        554.92842290275871        732.38667772885981        549.10168291010382        723.05016939966868        553.42280612241802        692.05845921118055        551.95703209398062        685.20838262005509     

 RouteID =          38
 Route number of clients =           14
 Route length =    1651.3568391178760     
 Route demand =           86
 Sequence =           34         473         144         365         453         486         419         552         393         590         189         492         447          29
 Visit points =    389.39008141731318        206.14202260991996        639.39347145995771        338.47768539596564        647.83957768502410        342.93885601049465        655.91922466535198        356.91731045136879        694.20375877371600        360.16010380969880        713.17618297789761        361.76711282483706        718.00000000000000        361.00000000000000        715.00854079866122        356.99194662731423        689.40595591543729        322.68877891412768        687.14727246600307        323.57414626057567        687.66064610725437        317.76739912223928        688.68737474849274        306.15411253672869        693.58636860672152        285.29443090280267        678.14245319468057        273.25461570879986     

 RouteID =          39
 Route number of clients =           14
 Route length =    2151.3865531824868     
 Route demand =           87
 Sequence =          525         637         342         654         264          94         279         175         456          59         247         336          93         257
 Visit points =    306.96579517636303        892.69277642968063        307.07947276258022        893.17222460198047        311.87146116813074        913.38298170174289        304.49538782059477        923.66229888299893        241.52757976037284        931.62102116205187        218.75238541841603        947.50214928435560        212.82393077231248        953.28787560594424        211.08256466059348        963.24530247560119        207.52566996216240        983.58424575106187        192.91222238621108        965.08209766195614        182.83971485706238        952.32925306697985        151.34315040000024        955.59713952658296        138.81973720490109        934.73499011493743        144.84271766897501        835.89216252161521     

 RouteID =          40
 Route number of clients =           16
 Route length =    1696.3506781246865     
 Route demand =           87
 Sequence =          634         564         642         671         609         504         686         351         522         556         390         357         349         666         366         420
 Visit points =    577.23855869225542        418.74963266195653        611.12618697118739        473.45093025327185        623.90612112719487        494.08025773854189        623.90612112719487        494.08025773854189        647.61983764861054        486.36561401488029        661.00472961845071        463.87037784193120        668.29518443687482        459.37487241721288        676.88567182141674        454.07772926213153        682.16901907119416        450.81986442354474        682.16901907439001        450.81986441822744        665.37521983656234        435.03071236735826        655.80394431316302        426.04163844971600        649.69901850819974        420.31706851246884        647.20610999997712        417.98665389308314        637.34794386372641        408.77106719646946        606.74464147576430        389.14325683431940     

 RouteID =          41
 Route number of clients =           20
 Route length =    2127.1886718013129     
 Route demand =           87
 Sequence =          659         626         505         529         356         455         182         252         423         628         644         412         208         397         582          52         379         108         439         693
 Visit points =    337.07469964264203        875.39928080089760        342.15641565722200        888.63069354966672        353.96008365109219        919.36668767293554        354.87070879801280        921.73789712907967        353.56413683914542        926.39869579782987        347.30943964291919        948.71408455277572        346.65826180692943        951.04076984833182        357.34799289394323        966.09286547522140        364.89491065716976        976.71959938795385        361.50710138261672        979.27994299943589        357.40581208936766        984.02168350302441        348.90574105715734        986.87116259174104        327.44072959469202        975.39665098079990        326.71773028145077        975.01057898898887        320.18621128534625        971.52288422673780        319.31846054524334        971.05952345063019        313.20876546100715        958.02974232257645        313.20876546100629        958.02974232257498        311.94209016832588        955.71547334030413        257.68812277149721        856.59119528959673     

 RouteID =          42
 Route number of clients =           15
 Route length =    2311.2303269116692     
 Route demand =           87
 Sequence =          418         507         566         595         629         355          44         471         692         451         664         463         142           7         597
 Visit points =    854.07287551719219        664.85922109710862        903.46573065149869        704.36695913191079        903.53355413704173        704.56082419919187        903.60298944530848        704.75534578063434        903.67364440095491        704.94892741204796        903.74501944105452        705.14030179974998        893.90112403136277        711.63362141887410        877.36954079154543        715.05109490043651        873.29570724933819        715.89325368806317        869.81647026318365        713.37839432293151        803.78340574915660        665.64842612522432        787.18937994042813        659.60593751647684        777.70292556724416        656.15157429274279        739.18558497579727        628.05474698871762        557.72393823508298        495.68588474411075     

 RouteID =          43
 Route number of clients =           16
 Route length =    2517.0244031771240     
 Route demand =           87
 Sequence =          673         241         574         521         246         576         513         470         179         259          98         530         452         424         166         448
 Visit points =    734.33432172347216        536.07945980532111        899.45943279736684        627.26600917197175        921.27994439408155        639.31559492470069        945.22678237405000        652.53936726690802        945.22678237405592        652.53936726690733        949.65739493118099        652.00225007002405        964.29594695654521        650.22763811086054        989.12682357538904        657.54981707377794        986.25790428168182        676.78339361984831        983.42948852460211        695.74543542173342        983.30265922401964        696.59571441389687        960.42006999337923        716.00633450945963        932.34060551798723        739.82742758900247        920.94766642470358        749.49257853333438        886.84392682588089        756.26300901482227        873.31431656407153        748.64565928145498     

 RouteID =          44
 Route number of clients =           15
 Route length =    1480.4531756241599     
 Route demand =           87
 Sequence =           36         163         539          12         340         194         490          27         437          78         562         361         154         478         273
 Visit points =    353.57560361076543        228.92893758016044        479.37851836207989        317.37280369766609        489.37977281141400        324.40403672809765        464.34725786626166        339.96924781370905        437.30556822063318        356.78376318973238        433.20930971542498        384.35389247168888        437.23637730290903        389.09105278218124        456.72826119920774        412.02366074838648        470.12667530980514        427.78900713345780        483.14016561895028        443.10142998506757        479.46223447219279        444.11384045718114        479.17416942562585        445.12638744337295        472.00000000000000        449.00000000000000        372.70240104483202        461.95870271241449        338.19916812359975        469.33519287199448     

