 nroutes = 35
 
 RouteID =            1
 Route number of clients =           18
 Route length =    490.25296439964472     
 Route demand =          993
 Sequence =          417         319         395          93         533         477         171         162         591         265         599         153          43          16         253          64         564         143
 Visit points =    428.55632078550985        73.091913027312046        459.63459987653710        55.856233799866040        465.89411401943431        52.384774599355978        479.04246168540692        45.092842440637554        493.48152279358078        36.057695751844477        503.02247059530288        30.087510966777117        499.08088577703501        23.829199047399033        489.21483171007083        18.342687742648231        485.53710165137392        19.362249417819736        472.68742830577816        18.848634898615099        472.49055216774127        18.840765559040381        460.85001985646068        19.355254420572397        455.13772159004361        20.330487150668731        401.30614123651816        29.524881830586832        390.98983484927680        31.291281927198593        387.48430241426905        31.895744140990157        279.11505862361679        50.581953503782835        334.53823291010343        81.393851972341906     

 RouteID =            2
 Route number of clients =           27
 Route length =    1663.7555726043306     
 Route demand =         1007
 Sequence =            2         595         217         381         638         559         644         135         670         299         575         151         286         401         526         324         698          11         329         566         674         204          88         382          29         614          39
 Visit points =    828.36785296406811        632.03066774819604        839.15639773358964        644.61618601011151        844.17022959921280        650.45401268443595        849.79034273197942        656.98741477464739        854.60195494915240        662.57153870137836        868.25883022423557        678.41469548169539        883.50823906461892        696.10240454715483        891.22682624728054        705.05399772797989        893.66945530937630        707.88624698432784        896.11208437147206        710.71849624067568        905.38290214372205        726.46183899093205        913.79484236800931        713.48807362275761        928.10200554851417        691.42208489257951        919.04004986940686        684.88092174676001        909.74166185340687        678.16909538591847        908.16178280529789        677.02869623007041        901.40615748704590        672.15230431906321        897.89236350533588        669.61595339018231        895.34100534450715        667.77431450193308        892.78964718378586        665.93267561352684        890.23828902317189        664.09103672499100        887.68693086266114        662.24939783635637        885.13557270224544        660.40775894765693        876.57730584799708        654.23017192628674        876.57730584799697        654.23017192628663        869.91113956078630        646.90145700425796        867.12210681683757        643.83522297894228     

 RouteID =            3
 Route number of clients =           21
 Route length =    721.24140975774981     
 Route demand =         1007
 Sequence =           52         101         683         314         463         351         663         323         503         447         291         554         425         473         403          87         478         222         300         555         289
 Visit points =    535.82736829297278        177.53305910799017        608.10546990897637        210.54092087055812        643.91047682400574        225.43653954996125        647.01336643343279        218.41269040648771        668.09602490841473        170.68897757385852        640.03106750250743        163.99380479219585        623.11751086677759        159.95890880461764        612.49231496451750        149.61206725104375        611.60283946048105        140.84336253777232        611.30541418669361        137.91125885614125        609.55474165614146        120.65262677422213        608.78340207142764        113.04853984735622        605.77591007010824        83.399820835518796        604.95567851740418        83.003694441399958        558.91248086715564        60.767381050667439        544.92837724786432        57.511178880943142        520.00720303430376        64.177511670057839        502.59932317565858        68.834439493759191        498.25592472914593        69.996772338764075        498.23642997332377        70.002361561771153        402.70980416063628        97.390220104338752     

 RouteID =           4
 Route number of clients =           21
 Route length =    1603.7457512835499     
 Route demand =         1006
 Sequence =           50         257         484         482         666         339          91         184         451          57         618         438         205         540         375         296         188         210           7         588          54
 Visit points =    720.65667838607601        703.32546422946393        733.77347683572191        731.62151044058010        738.91187856945146        742.70627041122918        744.94161034377134        755.71385142053123        744.94162417284281        755.71388952297707        745.01382163272694        755.69246349346417        763.14005140507686        750.31314495911124        763.14005140697691        750.31314495821459        763.14005140870188        750.31314495715242        781.03506924311591        739.29547955330816        782.60472324613932        738.32906947413744        804.55984569857526        724.81166266213540        813.92487632308553        719.04576774838222        814.97881260221470        718.39687656212755        830.66504324618825        711.99085789210199        829.27016651594158        704.31969242258538        828.30246256194789        698.99777615886137        827.64944548046492        698.16342275797945        814.59465670719248        681.48349725041044        805.99251201976085        670.49270412721455        805.99254523184038        670.49268791119778     

 RouteID =           5
 Route number of clients =           24
 Route length =    1388.3887469814752     
 Route demand =         1001
 Sequence =          267         201         228         409          81         606          80         295         461         170         271         260         232         706          20         635         627          15         156         114         481         626          36         236
 Visit points =    446.65910487427982        189.53875136955185        776.42812638634166        589.75626273647526        780.10614156881741        594.22543820190265        789.09394899409426        605.14656996460394        797.01074502174163        600.96998244650717        797.52621769410416        600.69752209633123        801.76351210362327        598.45755927551670        806.80300724961023        595.79352902107439        806.80313776634864        595.79346032128774        819.37016951642408        589.17858171353510        830.68842175529005        583.22102020649322        830.68842175529016        583.22102020649322        833.32102112425821        575.25157324075678        835.06164136838345        569.98233984717808        836.24204623830281        566.40899945613990        837.06480621721187        563.91832742550423        839.43698211328933        556.73723901343840        839.74562767434736        555.80290228671640        847.37101297610559        548.51381473058655        851.83195061509241        544.24961512017285        847.55822945228897        538.02372947246067        841.85240200608553        529.71157529758773        830.20034270254541        513.55038756853844        735.04217591824579        427.76734140355831     

 RouteID =           6
 Route number of clients =           21
 Route length =    1954.8231417725779     
 Route demand =         1005
 Sequence =          142          89         494         511         589         538         552         216         510         675         333         449         491         713         445         522         266          63         365         255         631
 Visit points =    717.57590165428928        804.70518399574678        716.62835812851904        833.10932597098315        715.28079355198918        873.50474265797459        715.82334592597999        873.20187826469146        724.60319331795426        868.30077879307930        757.29527521341333        850.05135620628073        779.01338847658735        848.55720869919730        787.16470034175541        846.85540418567348        809.69779559397580        842.15101747612425        839.15061900167598        875.20650218644812        845.99211457250465        865.81363086636827        847.63783595467442        863.55417618845627        848.98926230243592        832.97807353237204        850.30371484048135        803.23850555192064        807.96821808520326        802.21677626513190        782.90150229003746        801.61636558662531        779.17834480224940        801.53173352063345        765.80153526697723        801.23203893425784        754.81069787704303        800.98981491351469        735.27680774884345        762.34211632125493        704.21820359769299        700.89283181866961     

 RouteID =          7
 Route number of clients =           23
 Route length =    1621.1600360321372     
 Route demand =         1007
 Sequence =          100         557         509         209         414         444          22         654         611         183         199         227         123         256         212         422         523         359         181         113         336          99          82
 Visit points =    627.00000000000000        767.00000000000000        617.94744206494875        773.40747125720077        601.00548583692580        785.18051981732071        579.54881798505016        800.09086365002793        583.71769598895116        803.27845635555855        596.93210024355778        813.38240724366381        602.19543268804500        817.40683781974008        616.77004393354059        825.90707916077724        635.83463014311860        814.84404790052508        654.72690125773977        803.88100975112059        651.73551514683288        799.92843681798206        651.74219582062517        799.91958653496431        656.09522996841758        794.15286518437972        657.39250038516184        787.60478137678160        657.86715345810114        785.20892923907547        660.05810215251381        779.63499511108080        667.25303117270005        761.33056875980355        667.78054140002757        759.98854465091620        669.33283450946340        756.03939910134284        669.33283476729798        756.03939861420656        669.33283499145750        756.03939831646767        665.93296944590293        744.78651977663424        651.85584243878020        713.61542803998532     

 RouteID =          8
 Route number of clients =           22
 Route length =    353.14094508285240     
 Route demand =         1000
 Sequence =          133         604          24         346         406         708         279         385         536         450         558          25         455         458         353         582         247         343         102         651         546         235
 Visit points =    462.42788259268758        89.339456479575432        468.72766932859355        88.184586648738957        500.41391759359175        82.375899195128213        506.96726886060611        81.174546199170663        509.18831136918743        80.900600788642649        519.97921928712742        79.569640356038789        519.97921938116497        79.569640345155904        526.58338779998394        78.805345926527949        532.54631982134902        78.107701827132317        533.05948127740510        73.642989036451795        537.35431440603952        74.267841824860682        536.17654286833545        71.818986135628293        529.54423412657161        58.029688980110791        525.34737970606614        49.303977120870996        525.30040106992647        49.206303482135198        522.54528225535660        50.378462674451647        515.67520728292050        53.301319851521797        500.06968029993527        59.940652442627290        483.64116942756345        66.930118929781443        467.85216195589805        73.647507872355447        464.58098615291544        75.039218381951130        449.73748021795666        81.354336997738272     

 RouteID =          9
 Route number of clients =           20
 Route length =    382.83542941107493     
 Route demand =          998
 Sequence =          178         453          55         331         443         197           1          21         254         705         420          27         105         550         694         251         578         272         430         655
 Visit points =    447.50388557052088        96.002631810919596        489.19840926512114        101.14753248557332        506.47899921820937        103.27987292335536        512.43618176432665        104.01496016706749        526.18967001930218        107.27296640337383        533.96552580312834        104.23009088941761        535.25723389320535        103.43183626301391        560.08896002668700        108.28693538745743        564.05138648328727        107.95309725482576        563.10344696439915        109.11766674940202        561.51078546790427        111.13700948727153        560.36180430225807        112.59380792052491        558.22010713901750        115.30927547142868        551.13646529174423        117.40066038421635        538.64203691353032        122.89922107928949        529.79895687263104        121.92814196580487        518.57161623374043        120.69133764045729        501.51019783661508        118.80670128086675        490.02257887801807        117.53303480846601        409.24643678631247        108.57579625862223     

 RouteID =          10
 Route number of clients =            3
 Route length =    37.507976627013143     
 Route demand =          163
 Sequence =          144         349          14
 Visit points =    383.16233988590750        103.49578981505084        393.96700236868600        100.85845629229446        392.84602016321406        104.90246949529707     

 RouteID =          11
 Route number of clients =           20
 Route length =    1480.7854365781425     
 Route demand =          998
 Sequence =          157         535         691         714         240         370         350         281         456         671         239         594         287         176         309         696         111         603         128         306
 Visit points =    428.62645200348203        188.06481955725243        641.21477843112029        530.11061758147116        661.00000000000000        559.00000000000000        623.12932791626099        589.98755037037824        622.73128779139927        589.69249473925072        615.87434938625211        638.19545432552377        584.14219843943408        656.69251351030607        564.79765159503472        667.96868664093734        554.03883240855725        667.01809055319961        539.44539314765927        665.72868638833711        535.57954281556977        668.86565857621918        502.90698523237307        695.37804149650924        493.44133235898744        703.05901391290843        461.31572635933577        701.08662238279578        511.24657429122414        636.72175624435260        528.38196378276461        631.04505806908537        536.67733071859914        619.43623782656960        561.53227538432498        584.65335900544994        548.87804841299373        563.34791806249279        438.50472015696675        269.01489716257908     

 RouteID =          12
 Route number of clients =           20
 Route length =    1682.6718787030463     
 Route demand =         1004
 Sequence =           56         148         241         301          65         442         703         697         185         518         472         149         150          23         702         115         485         244          40         682
 Visit points =    861.45681384199384        629.54635037723074        867.68576398368384        633.13151952544274        883.65380264098076        642.32217256477895        892.63583093842499        647.48224284710307        912.12620747535243        658.67893124615262        913.67603981630884        659.56905771082995        916.01414541558927        660.91187526917565        916.62767604839087        661.26423732953879        923.33981886962681        660.26248427394489        929.82999649887881        659.29384357950107        937.79912300250965        658.10446040572322        952.49907615605139        655.91050120275474        972.00000000000000        653.00000000000000        974.58578106678897        652.24079342225855        978.76983301409894        616.15397114558584        969.98329939749112        605.26632583442995        950.42883046146335        613.06956791938489        929.99947185630595        610.81971061221941        914.97508516117784        609.16509546521331        900.25786100888365        605.55282171878105     

 RouteID =          13
 Route number of clients =           18
 Route length =    706.40362186764298     
 Route demand =         1004
 Sequence =          653         500         426         376         119         513         372         145           9         136         118         363         237         313         213         221         348         325
 Visit points =    423.66738564366585        150.95508542378985        465.10333291556873        188.76377208129648        469.76491781221938        189.06893619229086        497.01586426213612        190.85288114481531        526.20447161491995        192.29670241644195        529.63253131481019        192.46664804572077        527.65344164207636        197.32632735653939        522.85255015123926        203.48826270550788        517.00000000000000        211.00000000000000        509.34196284011114        242.62946309858566        496.20820198155866        254.08771963766060        459.57765780477445        242.14722101468516        451.50624845408674        239.51667751315853        440.49564159389689        235.92822361799475        420.32951337602037        257.84614575922126        340.88267480817115        344.19438292619009        364.38356385220072        188.50071720557685        367.34229138799031        168.91865232131767     

 RouteID =          14
 Route number of clients =           18
 Route length =    310.74181070253155     
 Route demand =         1007
 Sequence =          264         292         398         357          38         243         208         710         261         177         268         583          86         432         187         152         230         424
 Visit points =    388.11840348887603        149.40191173192963        378.29322156856034        169.23434325244398        403.72855760513505        169.10660858951681        431.01451621513689        188.80888706262832        436.50044944292330        172.97854597134341        443.21273932381524        153.60940057600718        446.08037588795736        152.14998279957462        456.66311130668970        146.76414263192399        456.09187571495204        134.61490015939927        456.01992074278769        133.08453612646258        465.67440098040709        111.97424671882231        461.89999947297389        113.61699368074385        455.67877033947923        116.32468263307483        445.73029186058767        120.65459633587977        437.60296418755968        124.19188372442837        435.57689633718081        124.67689816432589        431.40801737646552        123.27648119524339        429.81430555834072        122.74112913723597     

 RouteID =          15
 Route number of clients =           22
 Route length =    1304.9023872862751     
 Route demand =         1007
 Sequence =          167         112         224         467          31         109         238         218         233           4         155         362         579         551         404          46         408         223          74         270         354         386
 Visit points =    730.04647527846782        483.72590638864057        759.50428719529020        494.07006535145916        804.50298635761953        509.87143235622892        805.89648263613992        533.35397885808550        807.20684483522223        555.43558879743864        806.98618685346196        564.87982191249750        806.98618685346196        564.87982191249750        802.81169183781776        563.21496524557710        800.88718529056268        562.44744066027454        796.77263469063530        560.70597283844336        789.18566490258752        557.49481686157344        777.67835695360407        552.62439273568930        766.58182028310432        552.87851412462840        765.03950417350006        552.91383465062620        739.91535650545052        553.48920185671034        726.09017948082078        553.80581174069039        715.59449478201770        543.80370715571485        713.32534722740081        541.64409552894483        712.92251790656508        541.26360621739911        712.50946376787351        540.87633262817974        664.75277129477172        496.10034814853753        476.43871065202808        240.15252756892028     

 RouteID =          16
 Route number of clients =           21
 Route length =    1317.9650263243641     
 Route demand =          998
 Sequence =          280         704         601         568         429         480         629         412         617         685         525         597         516         466         366         154         454         648         146         470         581
 Visit points =    537.89372040085198        396.58668985599365        657.90598751721393        614.08417591939633        665.66268769871397        611.58157330706695        665.66268922881397        611.58157367524473        687.46656080373157        616.82809422096136        700.74100999037364        616.54354994287746        705.01138171539765        617.97342961748734        707.95645501778120        618.95989758029475        711.43619603563388        620.12572485723274        722.13269009318924        623.70942111926252        723.00000000000000        624.00000000000000        724.49449973474168        623.56244259693949        744.70361323762609        617.64564849057763        755.17264277436209        614.58054163898578        750.71589179633440        610.36230576829405        742.90777238353712        605.11868066045884        739.20927043129643        601.25399089785117        735.51076847905563        597.38930113524350        731.81226652681494        593.52461137263595        710.06415830578237        570.79927763393448        653.46758271080580        491.64742844429213     

 RouteID =          17
 Route number of clients =           25
 Route length =    1509.9018111650328     
 Route demand =         1007
 Sequence =          282         234         715          70          35         200          18         302         567         676         545         303         469         709         700         624         621         405          45         543         693         402         220         249         661
 Visit points =    515.34321725798679        215.63090593950400        610.52891841593350        291.74942161601138        875.18160384998976        507.99327450404002        890.93101417108494        520.86188822274676        900.19378691139514        528.43036487863537        903.79337386715906        531.86919788699458        909.10721116704360        536.94572453654894        920.06912901300211        547.41809411332224        923.01278459820674        563.20493052256438        923.01278459820662        563.20493052256450        920.46503663320721        566.49191195707340        912.42893265678526        576.86635234537721        911.20566342702341        578.45194723852410        900.46499615913956        592.37768676731605        886.60345905058705        610.35003181157879        885.55755026801035        611.70611760337010        885.55254441897250        611.13735280848914        885.32055917913192        585.19175211687059        885.29403698090346        582.60517102741233        885.26577369397035        580.11176287779926        885.15365550359854        570.22061291164482        885.15365550359854        570.22061291164482        881.52578014642313        566.75645720371131        879.68775602873677        565.58614641610245        805.97998782294928        518.65477297450082     

 RouteID =          18
 Route number of clients =           21
 Route length =    525.70763844648718     
 Route demand =         1006
 Sequence =          312         269         298         612         625         399         327         278         388         347         590         695         640         448          13         602         457         532         338         435         259
 Visit points =    526.14193926929556        25.827090329869897        550.05214744861155        13.134210234239298        557.22297123944020        14.260405268724448        560.14839833403346        14.719845689013368        583.09187328758674        18.323133521081179        586.79141460197309        16.865462542834482        587.28383482229583        16.671442349276404        587.77625504261869        16.477422155718330        597.97580740229216        18.110117787745068        607.24893957216989        34.059712693541897        603.06745587530395        41.910300656198231        600.42621106378124        46.264609604215330        590.77709052402588        62.171977116479219        580.83705237968627        78.558946187542588        573.08124021772301        78.628693478372952        564.35441270098374        78.707171087802436        564.35441248014286        78.707170973024276        559.32878976907762        76.095190984295570        544.54073577330587        68.409357142421783        530.93346778643468        74.419281495273040        525.94476400867507        76.622643136422923     

 RouteID =          19
 Route number of clients =           16
 Route length =    1197.0117054363736     
 Route demand =          995
 Sequence =          342          75         542         587         679         165         613         195         539         528         641         400         326         497         164         664
 Visit points =    529.19820631109872        250.27118923452829        557.37980239078922        269.95389282133573        580.67696471247939        286.22814405499480        609.92915331646191        306.66228362539096        643.08755447598060        342.89811818309522        672.48326676089619        398.00651503478684        761.10328412800391        408.10122711422810        761.18812223590533        423.38618277254011        761.40528370753702        462.51133002877543        753.26777484811464        465.53518311217078        724.45158116342157        467.38785979144723        633.91247902538453        511.31385130593611        630.65413094561518        474.47437595789052        603.65415592850070        414.33133929039690        566.35452688177782        385.48418249353125        467.13893159302035        295.55505888493758     

 RouteID =          20
 Route number of clients =           21
 Route length =    1470.0020050497765     
 Route demand =         1001
 Sequence =          380         633         330         158         489         514          68         486         440         411         556         496         360         163         687         531         628         180          94         662         294
 Visit points =    643.10903513489768        735.79933328530251        652.99708297036864        735.00444216756955        656.74204602917439        734.70338801398793        656.74204602917484        734.70338801398759        661.21147515693735        730.63316401027282        662.95507462566457        729.04458213770977        664.06630103854900        728.03138442062914        665.17783694822685        727.01714174674782        667.69519309477403        724.71941551521195        672.40855084047826        720.41666399376311        676.46743324665488        716.71083653431970        678.34121666116584        715.54710441575514        689.07141646872446        708.88333815887688        698.00290027604365        703.33687891476836        706.27238937666709        698.20170708929129        720.32889406805111        689.47300937930277        731.71715575719668        682.40121621823209        731.71715576013230        682.40121621010496        733.73333135650728        676.81972160188786        733.73342332838058        676.81958377093144        665.72434249156811        561.47033031612227     

 RouteID =          21
 Route number of clients =           21
 Route length =    1756.7416331427212     
 Route demand =         1002
 Sequence =          391         172         231         544         305         645         356          76         122         202         609         384         574         189         284         585         436         215         103         369          72
 Visit points =    552.50347526333223        803.82332320848172        563.30985897603887        847.31706535222213        576.88252005595439        901.94457413854241        611.38299911561421        869.20464483334104        621.30543868257780        859.78854457004456        633.98466001968438        851.46558155614775        657.38693979868424        836.10554107600024        659.75070872407730        834.55578488773813        685.05325365480996        817.96714734413081        694.23706173027620        811.94613784287230        700.53535593445565        801.98210138149045        702.73437406631194        800.35819542323566        704.93339219816824        798.73428946498086        704.56708326936996        788.70764841563323        704.45354884861513        785.76285518248847        704.00305372872617        774.07919889749940        704.00000000000000        774.00000000000000        703.00818644693561        771.97087685932706        702.01637289387133        769.94175371865401        696.44411859572574        758.54163712703519        612.98599160099650        587.79702868827724     

 RouteID =          22
 Route number of clients =           23
 Route length =    1794.5107580938002     
 Route demand =         1005
 Sequence =          423         495          96         226         211         502         646         416         166         577         506         571         446         214         318         141         124          92         570         460         459         262         479
 Visit points =    674.91225009228367        547.62722766126649        680.40971888061927        645.31948099804026        678.16884564869235        650.22094970028490        677.17654733700863        652.39140630285385        674.71768523728736        657.76968145443880        673.75666965075300        659.87171322349548        669.30139633076283        663.03880115732147        634.70295540037068        687.63354471843729        630.27940596557016        690.77808132335883        619.03408395261238        704.79284234593763        618.72100500825559        705.18816610792294        616.02095459245891        708.60078875416673        611.42419858800429        714.41067791337707        606.72671586497950        711.48671218501454        602.73917858844595        709.00465466088542        594.02109593217767        703.57805143379744        562.88544066134784        719.16821892276391        526.95321532850278        737.16011298497642        498.76813737202173        808.63718652945761        478.26739924576555        823.03257977010185        472.88219879182543        826.81403151250140        401.48761276912256        876.94683232884256        398.59487065476372        785.75610937117972     

 RouteID =          23
 Route number of clients =           19
 Route length =    1522.9071763642489     
 Route demand =         1006
 Sequence =          175         468         341         344         304         437         250         130         179          67         639         592         474         137         192         634         393         598         203
 Visit points =    772.12215562128642        651.00982725135452        791.74806335593826        678.13039829348861        792.18449100815201        681.48155568003222        793.73724072220068        693.40450973757083        794.83210303023475        701.81152208447156        794.83210363837486        701.81152351489277        794.83210432142948        701.81152409169079        790.93538832132208        704.07474614234673        782.24814138856539        709.12031891153742        773.56089351830349        714.16589126981148        750.94330898799899        727.30223307057668        743.83246880851289        731.43222435957523        724.02937651005857        721.87488712180368        721.30859058604767        720.56177000109324        718.32085806019870        719.11980622090232        715.33312515370324        717.67783589057638        710.19109539197882        715.19613917009679        710.19107745754013        715.19613260454901        710.19106536716731        715.19613029785353     

 RouteID =          24
 Route number of clients =           22
 Route length =    1563.1365862926473     
 Route demand =         1004
 Sequence =          504         492         471         643         320         364         464         379         334         541         121          48         462         161          49         392         507          62         483         108          33         692
 Visit points =    667.94927296711307        194.91792381894118        892.94610287492958        345.83017903243268        914.23347974496278        360.10827376093357        928.04289707072667        431.82086210533737        963.32255555837298        452.46502392878585        963.32255555837310        452.46502392878597        983.30949636406854        487.06213762555143        980.25544579341033        509.45070638840383        969.57311408452858        536.84600820728019        946.97148154140689        520.24598379184977        944.92383395994943        518.74303344541022        919.92736509931956        500.39590580779776        885.96086547113964        500.92279443282155        884.92190817637038        497.53360553303099        884.92190817606604        497.53360553249740        872.07650017029709        475.00945723833996        854.31075284095220        421.33207996719511        851.47515464872288        412.76461184260569        840.93191073578021        406.44483437442710        796.49681202444458        379.80920140648794        796.49310084648744        379.80677024290185        527.64834243066741        203.68859426359998     

 RouteID =          25
 Route number of clients =           23
 Route length =    708.45723521504590     
 Route demand =         1007
 Sequence =          521         106          34         527         519         147         701         132         139          79         637         431         245         345         160         620         657         439         658         605         225         615          26
 Visit points =    510.56643874769998        87.891589572278605        605.71477120727957        75.704121384205735        608.68236517412242        72.323935633006471        611.29153275814394        69.352009153662721        623.91555652519207        54.972836754422815        624.05886442746157        43.522611271351344        624.02466205323492        43.168583184989799        623.41133912338137        36.820072516986272        621.10217503311958        12.917823502373041        621.10218143122563        12.917823037467148        626.38031820121307        12.534299143139034        634.88426985547426        11.916378691708962        641.53439062308348        19.919168128545056        663.00156092397845        61.024509792482995        664.92145025036518        64.700714229859756        647.48864567028556        82.128255023263833        642.64679014462604        86.968648564164553        639.39230591722924        90.222150109134603        631.30859702636042        109.19165135763957        629.42476419394245        113.61231639505455        625.58053266580521        122.63331848171528        618.48058877207325        139.29428393390907        543.89214824847647        128.70147740436190     

 RouteID =          26
 Route number of clients =           18
 Route length =    529.03431995112567     
 Route demand =          997
 Sequence =          452         277         596         191         652         389         285          10         686           5         273         367         274         677           8         307         465         681
 Visit points =    487.74947736591059        123.12199405742481        543.52144262806598        132.25139921033127        549.42534435705318        133.21988869271871        555.32919630690435        134.18904772950310        558.20256946520101        134.66073224769079        577.10626296779697        138.22459953400403        581.70443412931013        144.31283047547410        588.14898897047533        152.84577472870009        580.52240919026099        174.95651677277951        578.17913376687113        181.75006773768482        575.25592945873427        190.22493042345056        573.71322658447104        201.74033525098065        571.76043865768349        216.31679316418035        570.12682074370184        228.51082736664409        569.37942619026603        228.58900602679759        553.26014878417448        215.56638505491452        534.95431602897759        205.56390820948081        501.19585799962431        187.11797355620536     

 RouteID =          27
 Route number of clients =           19
 Route length =    1684.6258709917952     
 Route demand =         1001
 Sequence =          632         563         534         328         127         377         530         508         517         378          53          85         623          60         441         548         659         383         140
 Visit points =    718.05256563079797        753.73923944785008        721.62808147123144        760.54047087288518        721.62808147123155        760.54047087288609        722.28051206337557        767.50739338738242        747.22606245423060        774.49626920941159        747.22858977997055        774.49680558796797        755.34861851133132        776.22013282652983        755.34861851133144        776.22013282652983        774.73544566319276        772.75770603704393        775.40281852743476        772.42163353274009        791.66876186218212        764.23050589739330        803.12833190180049        758.45974923674578        825.13586681253639        747.37729778075777        825.13586681253685        747.37729778075754        852.85776222828110        731.01731890379335        852.86253520261118        730.88477790414265        853.63979688359666        709.30095342405264        854.10438202976286        696.39986168594749        823.38030274912319        658.31549918293263     

 RouteID =          28
 Route number of clients =           18
 Route length =    381.80461741885762     
 Route demand =         1002
 Sequence =          263         690         315          59         610         505         290         580         501         193          41          83         276         487         689         168         656         207
 Visit points =    472.06638650117281        163.53035924061740        479.19620833163634        167.92003942535314        487.78197266641291        166.83942923202238        487.78197266641291        166.83942923202238        491.50653554783344        168.04796064184009        500.88106405174182        171.08977051588462        530.74241346000827        174.27201301967312        537.60886866890019        166.44505486794509        540.44145856572959        163.21623404425432        543.26047011941989        160.00289186444587        543.38778612641988        149.92036562239389        545.69949291356079        145.82184401678876        539.68591677489599        143.58031573978016        526.06521483584345        136.39895073513625        524.55911629464379        133.48515877570682        516.11607330393088        130.78008509021686        503.17698492311655        126.63901450914420        475.33034495276809        121.86339043858608     

 RouteID =          29
 Route number of clients =           23
 Route length =    1426.7154682957989     
 Route demand =         1005
 Sequence =          182         196         520         297          17         573         125         308         219         572         310         672          95         488         593         316          51         415         427         493         374         138         607
 Visit points =    779.44583519132141        624.42639542064489        789.74570770820537        637.72017337954378        790.34726083949818        638.49658220261074        792.60987979771767        641.41688496012273        794.87249875593704        644.33718771763472        794.87249875593807        644.33718771763597        792.72654222278675        646.98696834501106        790.40824023987830        649.84955739507461        784.70590868921659        656.89067281445386        783.65070185656384        658.19361933578762        776.14986735965431        667.45548715901634        765.35550084618831        680.78413669332213        764.65271177413763        677.86312434920558        763.94992270208706        674.94211200508903        755.99838272859085        662.24892950064714        753.72981158563175        658.63894946413598        747.09093933003294        648.08089379344165        732.64174165046165        641.19825480171346        731.63961059607163        640.58548444215364        730.63747954168173        639.97271408259382        729.63534848729159        639.35994372303412        717.00000000000000        623.00000000000000        714.48450514730098        619.16756960677026     

 RouteID =          30
 Route number of clients =           21
 Route length =    2372.1789052621070     
 Route demand =         1003
 Sequence =          322         711         684         397         549         117         660         608         560         252          44         673         173         636         407         104         600         206         712         476         129
 Visit points =    902.03541739334833        760.48293664518440        904.42055726444289        759.84733594460499        948.00916670984645        748.23168562718047        954.48368084710830        766.33167459781646        956.59164497954851        770.12537344890302        961.59751443754021        779.13442674313092        989.11791268972979        814.52229042310364        933.62401668779387        828.77118779386421        941.30935824561902        865.75890906823179        881.94985620554053        909.55935708896425        887.57297778433451        938.01041504266186        801.72516984310698        971.15365897347954        787.18910005487953        924.65731790432915        773.18886569007987        898.34910877444565        757.81142178480729        906.25725451041399        733.19694806845450        918.91572015413101        689.76121479237941        934.87558988878732        684.64727818276072        963.08350149672162        655.18838565761985        940.66494403870092        648.37950893990455        920.25981780334791        645.57551142251873        911.83623964125741     

 RouteID =          31
 Route number of clients =           24
 Route length =    1467.2578496180952     
 Route demand =         1005
 Sequence =          616         529         242         565         622         337           6         387         561         553          97           3         340         198         647         475          47          30          28         428         186         569         434         619
 Visit points =    626.76410273847478        738.15449315389128        629.72468259757761        745.65307838651040        630.43999726249660        747.45856723766690        630.64476306720883        747.96940749775695        631.97876668827291        751.29293703429062        632.76319970922555        751.19186065882809        637.07039765490231        750.63782356952481        648.85100577101002        749.12196214694040        656.37562909844257        748.15249798101547        664.83516216733528        747.06077884892397        669.33296521773627        746.47846799557544        679.25263659531049        745.19241776293677        683.20735030427068        744.67811808005422        687.16470249326483        744.16223543222202        688.48517187879497        742.31286183383588        689.80664586109083        740.46307215221873        691.12824021001643        738.61345438843671        691.82116351442130        737.64368385801049        693.43617043872518        732.80708154769434        693.64337731177761        732.18654102502694        693.85058418483004        731.56600050235966        693.88239961502609        730.27506251665773        693.62626769713881        728.01302558723057        691.54135520026557        723.91062545407397     

 RouteID =          32
 Route number of clients =           20
 Route length =    1365.7182932545111     
 Route demand =         1003
 Sequence =          630         120          90          12         371         194          69         258         669         335         512         116         421         576         707         396         317          61         419          58
 Visit points =    669.79326998769420        634.86350366589818        699.12000997592338        659.15874764395880        701.40808493512952        672.44625191428634        702.83222066410963        680.71671857371280        703.21856068547072        682.96033356127998        703.21856068547072        682.96033356127998        696.33792439566582        684.27036564857008        684.54884495127533        686.51493594085059        677.57370809735551        687.84296024472485        675.76608879255298        688.18712007774002        673.95846948289318        688.53127987736275        671.73571114311574        688.95447964112930        668.24894227115635        687.78897650659167        655.20559352715463        683.42904775758427        655.20559352715452        683.42904775758416        640.26994396562498        668.20335341331020        629.61867153370804        661.97851474018057        620.85324771758201        656.85580761708673        614.25384615139706        652.99897169900396        605.23095643284523        633.93873155154017     

 RouteID =          33
 Route number of clients =           18
 Route length =    1487.5169580817612     
 Route demand =         1007
 Sequence =          418          84          73         667         499         537          78         352         642         159         688         311         134          32         368         413         562         355
 Visit points =    674.74627629556073        754.40036101544308        674.74647544934123        754.40080972663020        678.12031109190400        762.00236183467450        678.14358541838885        762.05480107308574        678.16685974487359        762.10724031149709        686.31954874520693        762.86080615613332        686.34134226957553        762.85390881403032        689.95842222904287        761.70508562042096        690.82328308058868        761.42665993277262        698.36075031362168        759.00011409741239        701.21021149396154        758.86803142459996        704.05947818018171        758.73681116277760        706.90864036164362        758.60612772401657        707.42923771676840        758.58251533243219        707.94983507189329        758.55890294084759        706.34138715774816        737.30508134336685        706.16222761092752        736.96111154107905        703.59371063923129        732.02979590311361     

 RouteID =          34
 Route number of clients =           25
 Route length =    1457.7737826314067     
 Route demand =         1006
 Sequence =          649         174         126         394         229         524         584          98         321         283         358          19         275         410         498          66         107         680         390         678         246         433         586         373         110
 Visit points =    772.46277763748003        582.41892537615524        802.16576511055359        626.79860522056060        803.65899732280070        629.03521863990295        805.14864559260707        631.27190270468191        811.22145504656362        640.39489301401920        812.77401816810470        642.73168149430001        814.43194494867635        645.23098677128735        822.12641096413154        656.83187455857330        827.22450666077339        664.51823459795651        827.81106059645390        662.19813817937336        830.53223053275951        651.43463249041395        830.88977744440638        650.02036645497299        831.91296291116362        645.97318717176495        833.72556965988508        642.25582144384521        839.37375100848010        630.67230737762418        838.48526825581416        626.87751727642046        835.04462123412020        612.18220302244958        833.94069333059338        607.46722721883850        833.93770807820874        607.46415450453435        833.93481872625739        607.46099161599170        833.32761435686280        606.79602070994201        824.02921972487866        596.61147170569905        823.59746835011197        596.13702022357973        820.81600073157881        593.07890313426572        815.11302461701507        586.80715465739945     

 RouteID =          35
 Route number of clients =           19
 Route length =    1090.7641064412428     
 Route demand =          999
 Sequence =          668         332         490          77         699         650         293         288         361          42         169         131         665          71         190         248         547         515          37
 Visit points =    651.35190331743593        112.12602346279056        685.00000000000000        113.00000000000000        692.42993810525684        106.07310532094630        705.09471096612447        92.707544744538296        708.66084339543977        88.944085302262792        716.27366906172881        71.912685180470433        735.33941819619145        29.258824923475999        778.90638952904487        20.912252140371468        822.54632334768996        37.973284957523873        781.59268117880890        135.07635358991143        761.18131184239166        158.36878559651203        725.43236314764897        197.01786238857787        697.89276982366653        226.78945695974457        689.96963360695042        235.35266944985193        687.88457812607373        237.60437157082481        684.44776223567987        241.31469441693889        677.89153670608914        248.39267419313464        628.42227901333627        224.81829326343828        458.39937802460150        143.79184687167614     

