 nroutes = 48
 
 RouteID =           1
 Route number of clients =           15
 Route length =    1885.7613250489717     
 Route demand =          830
 Sequence =          672         339         294         538         515         325         659         431         747         773           9         229         494          52         560
 Visit points =    558.07547659821239        190.08579837151186        553.38864205090249        180.35109826578346        553.38801839677296        180.35016015289307        534.04488156294133        151.25406133844672        495.17168030399569        92.780685754095444        475.72677109781444        125.89951810359770        473.22663991993937        130.15777533966059        470.88431097805920        134.14726167312480        467.85739943873057        139.30273834544207        458.61306187530482        158.13086284054535        473.22532665009788        177.59972506516721        490.39008341332811        200.46943689238191        504.43054516153154        219.17644908787634        514.67957658038040        232.00549939748487        563.97062046827864        293.70472306148889     

 RouteID =           2
 Route number of clients =           11
 Route length =    785.96088929173243     
 Route demand =          830
 Sequence =           47         144         771         743         624         698         420         520         383         766         670
 Visit points =    910.83081849342852        638.65709950335543        905.70165142674762        629.94184520869987        899.33033236536903        619.10542768152277        886.02555934800318        596.46992316541196        893.35042140602104        569.96824830413084        895.00000000000000        564.00000000000000        908.10058605977440        562.40086233590603        948.55789328791900        557.46239595881786        952.62614453107471        570.86972713126215        962.73789423574408        604.19401536220414        964.98074354669461        611.58555086096862     

 RouteID =           3
 Route number of clients =           32
 Route length =    2135.9226298532317     
 Route demand =          830
 Sequence =           51         600         392         648         195         333          91           3         516         225         410         404           7         148         499         464          89         469         763         471         740         470          11         732         604         760         582          83         251         772         244         631
 Visit points =    586.05824366700733        270.51878313147637        575.55335616952084        258.87555076012018        553.59898429539498        234.54212944944209        549.62418135597920        230.13660352019818        543.62844153456842        226.47003080472547        545.53896097395750        220.98805435025668        599.01351620608557        208.83292334894614        599.47722045668752        208.72713487791896        609.01405339142718        206.55142272238507        619.94837480930642        175.08074641556792        628.62717781337915        150.12614537036592        632.98006648226306        137.63271946694584        630.62625544285311        135.04113354733622        621.81498257767180        125.33977251668738        552.73829933667957        62.067827076525482        542.31227240012481        41.386556122698970        558.78268585499416        24.819017458510171        558.78268585499416        24.819017458510132        563.30424431710662        26.623474329118999        588.84105990950457        36.813959713539390        588.90669168267038        36.812367119817672        605.47361613028454        36.410774163415162        608.47265190747612        27.902439140851193        609.61915257406997        24.649126310779035        613.74083846759015        12.953421293219664        619.18713841826298        12.725535400176092        640.66661078238587        11.826784177119027        656.00000000000000        56.000000000000000        679.37467456477282        105.04628430217191        679.37468445315153        105.04630180244374        707.62511482515686        155.04339715636564        784.51345712503985        446.73496897624204     

 RouteID =           4
 Route number of clients =           12
 Route length =    2380.9616680121685     
 Route demand =          821
 Sequence =           53         775          18         193          30         640         651         577         710         373         157         143
 Visit points =    85.953766827272474        176.58079323413799        63.597608245078163        161.80969052055491        46.735513236352205        147.19885692533074        44.879804472828212        145.54726086752217        29.784341391382217        160.97071962779310        31.043017028288226        168.48455726438868        32.928024117641613        174.29641121946938        21.608878738293619        204.30460194891160        16.013839910121682        214.59713308396917        30.794751060733649        218.63120147079135        34.587137910545017        219.16078663559446        59.295102929977574        224.48258573622203     

 RouteID =           5
 Route number of clients =           12
 Route length =    841.37968064126210     
 Route demand =          823
 Sequence =           54         485         380         133         626         436         269         668         581          70         314         224
 Visit points =    776.29278953914479        644.58987529418266        770.18992734918686        636.51723052162492        741.46692669288723        598.52348694966997        729.62141940601884        582.85467951125577        727.83462250474588        580.69471743965789        740.85898575726856        561.85360863230665        749.92015330193180        548.74567852053417        754.12747936255062        542.65933968084335        759.05906088159043        549.22843310295650        770.98495906910250        561.53207046498574        779.57534554203789        570.40458732000525        803.12439752412809        613.55302517055691     

 RouteID =           6
 Route number of clients =           14
 Route length =    966.00132301909980     
 Route demand =          810
 Sequence =          590          48         117         576         233          78         559         611         498         234         480         118          71         223
 Visit points =    826.76243616810416        630.82795855917357        808.70432503039228        596.23265529012417        810.73487899100485        575.63215241284468        811.92926343637305        563.54551803613504        815.89581338405139        523.40581332006866        838.10491504763104        509.50748286752867        835.16957601379340        498.00428102323554        833.44038037745440        491.22600203586074        838.20472050867636        482.14645978917559        865.26566496859925        482.87013588378983        873.76962923826204        487.88740722542559        877.92655117073878        488.38245703332149        908.09102351607214        491.97475837609471        905.04177007712963        510.75709709234286     

 RouteID =          7
 Route number of clients =           10
 Route length =    571.73675634345216     
 Route demand =          805
 Sequence =          584         736         270         606         149          17         553         268         128         391
 Visit points =    739.53736293847510        949.27125108200505        729.80391849563682        951.01596193829016        685.59890642093967        939.65930989194624        668.88956025819300        948.01929782712045        635.18181178855332        956.80279557652955        681.38815873587566        974.69383341084381        689.06818255932399        982.73881553598267        712.10334070655040        981.03598160793126        722.49827484439538        978.80067810784669        755.33790670868973        963.94847656557977     

 RouteID =          8
 Route number of clients =           13
 Route length =    1763.9833289245648     
 Route demand =          828
 Sequence =          134         479         730         527         334         570         776         777         264         426         213         192         174
 Visit points =    542.82177084854993        388.62103521525461        539.03397439801370        385.74702933830662        527.44329847486927        376.95306052172157        446.71834092672231        315.70827059010611        434.54631042956430        306.47513802155976        394.91189084483852        276.41032259174239        363.34438844705295        304.24528633832762        358.27588519371483        308.34584763192879        331.48097583093653        330.02368085146895        316.61937920546706        338.75825054685851        331.46225867708995        368.61787306140525        348.26339292014592        402.41694333432611        362.56810662584837        415.59527454637549     

 RouteID =          9
 Route number of clients =           11
 Route length =    233.85033891683560     
 Route demand =          706
 Sequence =          141         753         284         307         518         637         190         705         636         308         139
 Visit points =    915.45634173707265        934.98343585951272        925.76683957194678        960.50828995406607        938.25011561927727        991.41211291520403        939.98203156734360        993.20213624045653        947.75872533093991        972.58277430716942        950.76225430879799        964.61912639047046        969.22063902077161        915.67800478292804        971.90821653508533        913.34634242514630        968.53884053931972        908.01522283025088        966.40166231173396        908.40959418659543        934.15821710680746        914.35839698760151     

 RouteID =          10
 Route number of clients =           11
 Route length =    1996.9948845104022     
 Route demand =          832
 Sequence =          147         585         295          59         412          50         749         275         703         701         633
 Visit points =    227.73020751892179        290.22298588377635        225.67623338639461        288.32166770663525        185.17445248239090        294.68819276050982        180.00829574098131        294.57629418518951        179.91877417216566        294.59340659665526        165.78964290092739        303.49403255541432        167.35637458682896        324.01864914201303        169.17722000617115        347.87222562337882        173.10977506144232        399.38977993173904        173.41875678243582        403.43752557492746        368.45155155994269        596.74666257531601     

 RouteID =          11
 Route number of clients =           11
 Route length =    785.84405739191880     
 Route demand =          807
 Sequence =          617         271          26         719         406         713         390         688         529         451         748
 Visit points =    631.32485423997196        978.32465953484780        621.02542464053340        980.67738307358889        590.58582136760594        989.46256769748163        569.30001423556735        985.71486854589079        565.89421219101860        985.09091930959642        541.20285371903060        986.06963164046135        540.37489069315870        966.31060279063490        541.59328826416606        953.98179961322126        551.54744805460348        941.76937019394336        559.48754234986006        935.17456930381309        578.23310628889942        942.26786910850103     

 RouteID =          12
 Route number of clients =           34
 Route length =    2087.9670949864862     
 Route demand =          829
 Sequence =          151         580         206         106         191         203         123         282         598         546          80         506         355         482         358         463         210         394          45         592         389          90         109         289         427         385         778         171         425         393         456         522         716         398
 Visit points =    339.42968243327579        790.70185082078433        227.39998462539083        849.89550192525132        175.77977343580096        852.09753918037018        169.59320739752661        852.36144838538087        159.15448409362386        851.03249104469512        152.34886544667864        787.02278393626057        152.35477237623090        787.02217321585579        143.71380654155735        787.82758445086392        117.16625964794447        781.98774973886975        84.465187444476726        795.33773970574384        88.222306866859739        830.44939733164881        89.983463529084574        846.90805163505627        90.550767472387761        852.20971484768143        76.733501988245578        857.85877239375691        61.038997373024927        864.27532129992665        28.167360675788814        887.39919171699432        24.933603149936026        921.81943422923382        36.906271432925791        924.35105642799999        42.780163147405254        925.51909092981464        67.398112218986284        930.41441676781767        50.096938138805903        956.41082623488307        57.944564091898599        963.05316362062149        58.892994883611756        963.85594393201939        85.201504736773032        986.12425693584169        103.32552397560856        979.28340594608494        108.87551205836093        977.18858133964886        131.06365672782604        986.99109792925833        154.04552492184879        980.21145467502731        167.05717191572279        928.36959790685296        188.75531431703817        923.73569478193338        225.91632583955845        960.50663580179537        268.12415588280180        974.26171144556929        405.34277868537959        963.68719760564932        435.21114931955299        961.03711392928665     

 RouteID =          13
 Route number of clients =           12
 Route length =    1594.9550593358090     
 Route demand =          825
 Sequence =          131         181         159         737         196         641          13         744         337         557         240         712
 Visit points =    443.22393490442857        526.31619660705258        378.16222357831123        471.46434360755933        359.81881469004065        455.99948805210590        364.06825885731320        446.81719546642950        393.40215363642284        383.43756043073313        396.83526925498040        376.02227142982974        399.33231390571331        370.62883008073698        413.71874476421908        356.23948615314788        421.54451482291995        355.91648566433344        434.88248041752553        355.36597505968592        441.11334836752309        355.87840957748659        449.84500432727941        356.59651208699989     

 RouteID =          14
 Route number of clients =           32
 Route length =    2080.0137667453891     
 Route demand =          829
 Sequence =          218         551         706         168         573         311         768         316         679           4         194         445         568         312         285         350         474         448         537         349         200         720         353         167         226         607         354         173         599         169         588         756
 Visit points =    826.54782353287419        360.75055039492440        804.61904764485371        297.28514646009967        820.75862441135018        272.97600590044584        822.83004855922627        269.85288432384834        840.73787084205992        242.85217481268592        846.54451289735437        234.09714849546594        855.76161467899442        199.81667223209490        864.32047935504943        198.24899435377466        946.85682418006570        183.13128811154564        942.40290553619116        161.52715384095976        847.27611513539523        113.49777689010405        842.69017805839565        111.18234398612293        827.69626546964810        102.17393725215770        818.07092662190860        96.390991747818873        796.53660757660521        83.453078779077785        784.44247867023444        76.186873291261975        785.88487888988686        81.750992891538289        791.71119087671957        104.22623678124756        794.63292633456933        115.49695437151546        797.87308671326673        121.82414755998734        820.27004999848623        165.55961030818128        820.27269368468944        165.56477274194461        803.62076768570034        202.13716620933795        771.51067447176138        221.10449722953280        765.28229361018441        224.78358220553321        721.46143150711737        234.16306998410803        718.26690645095141        235.34958482618316        662.84986637481109        255.93265723855802        637.37527520139133        280.61483820859729        610.62482837209961        306.53318819016278        619.14487647882231        324.02209193619319        648.42297597750610        384.12046860172802     

 RouteID =          15
 Route number of clients =           33
 Route length =    2085.3256263463436     
 Route demand =          832
 Sequence =          751         254          15         419         345         725         669         211         362         122         228         323          10         160         319         681         230         562         177         363         235         219         616         104         129         388         414         630         489         306          97         341          43
 Visit points =    416.47890079446597        783.65373794710615        244.94011076744476        736.51436855829377        119.22978100891926        733.64607999435896        115.13392778407950        733.54807718521397        96.002796246800344        733.08849736588763        83.211927869732435        732.78122725139883        58.099383162175172        720.07541576500125        52.351031664959812        723.02528258102848        38.046055928436353        730.36613034402421        27.790671834051103        736.66594921538399        27.270169540162598        736.43413252992343        2.0000000000000000        686.00000000000000        31.167649872916201        631.23595425838175        41.084690402711303        612.61610440549805        40.244647272043977        606.67319465556932        38.431846458810327        593.84848216838236        77.430978125023088        537.38500901578789        87.198672858141151        554.04065730176194        90.711835325966916        560.03122109652543        97.228336166823325        571.14300837129326        103.51747510711526        581.86710336531746        108.11803583319050        593.95080621668092        130.72432842564777        601.55323770848815        130.72432842565038        601.55323770848986        134.98893032688258        604.47678562661702        142.02314500361888        609.29900923628009        146.22805318739830        612.18163493122302        188.91559046955336        641.44557755381186        200.38465790339862        641.20744039019758        208.59631519963682        641.03693822963589        229.22584759728088        640.60859840512967        281.84323210708845        669.64311472009501        318.50271007449282        656.52283368966971     

 RouteID =          16
 Route number of clients =           12
 Route length =    2141.4173394779546     
 Route demand =          826
 Sequence =          272         261         179         248         556         152         403         371         700         304         379         201
 Visit points =    470.44793712178432        493.21729768414110        235.13749416975057        264.65048840593988        225.49919449404911        255.28840750504557        177.13208017410074        217.07800405626296        164.47350272685964        207.08473030921081        165.63813857169441        197.35217311872790        179.67065413079351        188.35111249502901        215.85533760045823        165.14069607410340        219.17078870410407        163.84775403434568        266.16627441186301        168.96875915679146        273.28894492568821        187.89364873817485        275.51688826675792        199.30828504738528     

 RouteID =          17
 Route number of clients =           11
 Route length =    677.16632328095261     
 Route demand =          821
 Sequence =          280         644         255         276         115         635          66         511         587         347          94
 Visit points =    813.68407622763152        748.60355821695305        790.07970038775863        706.41050945198970        788.79841716209023        704.12420947092619        779.12162576642527        686.85710759879873        765.82487238864394        669.76017029199272        740.98915382021494        671.53145467578338        725.24835084109941        694.28554546567034        718.93113268483398        703.41738935304386        705.94005577736550        729.99851999819168        700.93405066239859        740.24134104520715        699.00000000000000        764.00000000000000     

 RouteID =          18
 Route number of clients =           11
 Route length =    322.61676433781855     
 Route demand =          823
 Sequence =          443          81          46         548         189         503          23         429         449          87         413
 Visit points =    873.30696612215593        905.29095003892110        829.19998337758545        888.35025421162970        811.45362894090385        879.43115643807471        813.74441827971236        900.63361985371739        816.02462928347290        921.75584744364164        817.58890878287400        936.25876097886146        821.41933768510683        971.77183852871963        830.39206058459990        973.58206106241164        857.79840650971835        986.52035222654797        870.98250119120121        966.71454671439801        883.65948512504235        947.67054829507947     

 RouteID =          19
 Route number of clients =           11
 Route length =    797.08593809979880     
 Route demand =          821
 Sequence =          369         252         563         567         361         473         166         629         313           5         561
 Visit points =    685.95437163109671        793.08111634284739        651.95826506818594        793.03248850635180        620.58003719954343        796.48515394975777        597.68282937150389        799.00462058596531        588.59787096635910        829.60957117377041        580.57771993894812        856.62747890170829        566.51182413384515        904.01203247986211        566.51182906604356        904.01203099643328        566.51183565959104        904.01203128497878        596.54864306754882        905.32649906142331        620.91663020640158        906.39289127775271     

 RouteID =          20
 Route number of clients =           33
 Route length =    2112.3048371768764     
 Route demand =          832
 Sequence =          397          64         437         416         180         675         610         302         615           2         320         327         243         507         142         114          77         101         395         432         326          75         399          24         303         536          85         457         594         112         292         687         618
 Visit points =    915.18507032717139        159.17696213266041        911.31459202274436        143.83381084080781        907.63434894835802        129.24478027667408        903.97565288969872        122.60289173976329        900.25842872131705        115.86643459687673        912.29394175668631        111.29622932332779        913.55031883117852        106.04359991672234        919.47258220683943        81.283951406554479        937.28293839260493        78.034193439272016        960.28652423300605        73.836855352307950        962.38611560936931        68.187757932349911        972.22913097461196        41.704436782157941        953.91813642843715        29.589235960477641        953.91813642843715        29.589235960477637        897.16130099119414        25.834925305120997        890.36516238260765        24.850394739963207        838.11277536531634        17.280791604443841        832.62542279793365        16.485859859296415        825.60859531603876        15.469358942490635        825.60859531603876        15.469358942490633        818.36753370251620        11.868607582813381        781.16107805397667        16.651716693298422        729.82384785531394        23.251420136964935        724.89719108598342        31.330801740761029        725.59391600092692        41.850777011445963        727.04532361571933        63.765841544134993        727.09049458126401        64.447885282815761        727.22077564018616        66.415020132271280        723.41120259335139        84.150136176511566        722.80033239158684        86.993986073356169        725.23046124330222        114.53981142163191        755.28643521280458        119.03673882212374        759.25524943621872        139.69142582757399     

 RouteID =          21
 Route number of clients =           25
 Route length =    1674.1512201482055     
 Route demand =          831
 Sequence =          673         695         454         444         478         468         258         697         579          84         686         315         402         684         619         708         678         543         531         108         364         161         475         583         375
 Visit points =    418.47423815820383        959.05881922903677        326.83565105369001        952.71576339213664        263.17881567797741        948.30315247798103        260.66544411942903        948.12283622056736        249.97360156859020        947.35126631707328        219.56204490464560        945.15663599692687        193.00563924889508        949.06909937001342        196.40988787074323        940.64836546354445        197.96458056659426        936.80268468274858        204.99002556957663        930.37853352471609        210.40987495375771        925.42255825439975        218.09238232559130        918.39758138696925        239.59851977964425        898.73211140298883        251.23931546209477        876.31906133890186        257.36748358611237        856.15691399317780        281.30262721269776        797.87323830103014        281.30832869200719        797.85865184265106        293.13432471630887        767.60299816760835        295.70723371744373        761.02008147454990        309.21086274410203        726.47036949591143        310.92218497070189        724.54122410747198        324.80794909753763        708.88803067968297        355.78470416640971        673.96844437321499        384.27261394916468        649.95778358107782        446.53917885349699        661.42477195280981     

 RouteID =          22
 Route number of clients =           11
 Route length =    2338.9947840134782     
 Route demand =          826
 Sequence =          407         158         155         305         135         458         299         154         526         199         545
 Visit points =    130.68195160894643        173.21498547448576        118.81290012229745        175.22588118615550        105.57420815672722        177.46882612001374        103.70402139001220        152.39624561740183        98.863119329224844        137.71920604127914        98.863142847254309        137.71911215664406        105.43151627663845        111.49798069072720        136.30715516473501        93.053871925998763        140.16614312557553        103.83639014006495        141.45462985378367        105.20252089434632        155.80283945820551        120.41535033729330     

 RouteID =          23
 Route number of clients =           22
 Route length =    1607.3930328272761     
 Route demand =          828
 Sequence =          422         547         344          42         110         714          37          95         265         387          65         492         259         442         100         274         130         409         685         356         535         622
 Visit points =    514.17078373906406        579.16482522482295        482.22950704087873        551.67250980787981        470.47511031284427        541.55533179284555        466.01681832107965        536.39970900977994        475.20669879411133        502.42663743676354        475.22226296961583        502.36533519363877        486.09707473335538        459.53297606985615        453.36895148843564        470.70566642741608        446.29652673318367        473.12004293401390        398.04165103636285        470.91816940322684        394.41077735279907        487.67217047268684        373.50649772891938        584.13113701844907        374.71116869282969        598.25007204229269        376.10931602034054        614.63658077560740        379.12430360582107        649.97271412020086        380.77326659115448        669.29882219794092        356.89482303248025        713.39406736439912        353.39694669437387        719.85343789714580        352.09838400688091        722.25143506678194        369.87677760575923        728.96736289111948        399.64589502004083        739.46091051334827        412.56277608815384        744.01390231866151     

 RouteID =          24
 Route number of clients =           15
 Route length =    2247.8409361975150     
 Route demand =          830
 Sequence =          324         663         566         770         704         239         102         591         754          14         310          96         488         374         620
 Visit points =    311.22371806253750        637.38294116133704        261.30857207561309        593.04713638814383        172.89588198283582        500.69501447673503        65.000000000000000        388.00000000000000        40.380694143367819        365.80993655301347        39.802127003428666        337.06224073121086        34.235020987553902        328.55919525249493        19.313887951801917        316.53913316012330        46.298625191511299        298.56217323977324        63.901801152263197        286.03415742274166        67.352517327148689        282.29976682478764        84.278725070663029        258.45455394278747        90.895974244167959        264.68047106392311        122.00000000000000        294.00000000000000        137.75901435348317        307.84022502748184     

 RouteID =          25
 Route number of clients =           30
 Route length =    1727.4861898130355     
 Route demand =          832
 Sequence =          601         652         328         461          72         711         418         376         486         384         539         433         434         483         578         277         709         757         220         509         216          99         661         694         774         372          29         163         645         690
 Visit points =    918.85972831725348        501.63037390940968        920.61138382466754        427.48149468627474        910.05888182238868        368.88359986311201        898.66932620796740        345.93510288626510        917.00000000000000        341.00000000000000        922.83887248531209        340.98197012860703        952.16865506900012        340.89140260734371        978.90187717852859        340.80885301274873        983.70113650809697        325.11267873738666        971.84067301127823        308.99685041954120        957.00876895857391        288.84347113514394        950.47759510150593        288.34774825983078        941.00647313690047        287.63051936440542        930.93737031998660        286.86937858042143        897.53130966033700        284.34445442604539        888.28178840536532        283.64534955788912        888.28178840536509        283.64534955788912        828.02798568477658        286.99272364843108        810.08226742628676        294.75097611350321        789.84062947453776        300.69024843838980        722.96090401121205        311.12988046766083        705.19340438409949        317.41297544954398        700.21330212169778        320.69500755509739        656.25328974950730        349.66593312329496        648.53373715843338        376.01700763884776        641.27519021893181        380.61931473284881        601.02366387692723        406.14093590196109        626.34031068372099        419.09060573049447        635.05609886940192        425.93126568123637        700.04966144597086        482.71438864308914     

 RouteID =          26
 Route number of clients =           14
 Route length =    2084.3056967396142     
 Route demand =          828
 Sequence =          477         172         300         208         153         342         762         721         346         621         329         467         330         263
 Visit points =    62.217649560071052        515.72717953665961        41.992732330903173        510.17391056845253        41.991718838651778        510.17242775964411        34.703022273451630        499.50878485999988        22.362069760256485        481.45349754422637        28.160359741361354        473.87024864593781        53.310396199753313        440.97796714802672        66.783009395533014        422.51685335373782        73.441053703590185        413.39353690200807        79.356450637252948        405.28784765357699        79.810539389871266        392.46445288225914        92.265943740994302        396.45602838584165        99.279321170031494        400.91587736371019        123.00000000000000        416.00000000000000     

 RouteID =          27
 Route number of clients =           13
 Route length =    2015.3894885914729     
 Route demand =          825
 Sequence =          227         288          82         150         646         296         699         676         217         550         755         175         441
 Visit points =    359.00000000000000        199.00000000000000        359.38116646425374        181.89344469617586        356.37618908487076        170.78102299225438        347.07982550936077        136.38531580547564        341.70507262751249        116.49921466240512        360.29709102068796        121.11515341127615        384.00000000000000        127.00000000000000        407.16706237055837        115.43167852687601        413.88875907999733        116.27513533103092        415.70432337930225        116.50295728251515        443.77929493295687        144.72810407196414        515.55987795770454        216.89264709327307        612.41655763440451        389.73670434433319     

 RouteID =          28
 Route number of clients =           16
 Route length =    1075.0774884194175     
 Route demand =          827
 Sequence =          487         691         246          38         116          40         525          55         660         204         524          69           8         530          41         232
 Visit points =    558.03183059338119        823.12030483831768        558.03074509774024        823.11989412390858        529.28387002853970        812.24292253022247        520.59612718297171        808.95562887605433        489.76476159762973        797.28956621286909        472.29214429918329        784.21797109478166        444.89403939137208        763.72093116993653        439.12418688623239        743.90901264543118        476.35064267176676        710.21570348247883        478.02567415713509        711.20343553922066        488.63045942493329        717.45686208992481        495.96087690918654        721.77946044210159        528.68699649902135        705.32585982329522        550.61699398630753        761.89992008475190        562.59789387476133        767.15184413904353        578.64760199216505        774.18736308260691     

 RouteID =          29
 Route number of clients =           11
 Route length =    1004.3849451966391     
 Route demand =          816
 Sequence =          490          62         113         758         501         377         301         717         571         726         574
 Visit points =    674.59068183143302        615.79737104884020        652.12720115123182        595.88990904306058        650.18481908920262        579.25271102137049        628.87385147535474        560.47213089694117        624.81628658910870        561.06361872010859        602.43659374313779        587.92611190354069        582.06917635354660        612.37325756177540        568.18454099533187        630.01360771262262        574.19292096557308        632.04415935606676        585.11748830450244        635.73615258449922        640.57346607708268        656.22083934410227     

 RouteID =          30
 Route number of clients =           10
 Route length =    403.40479201549937     
 Route demand =          831
 Sequence =          504         309           6         664         382         236         767         519         138         170
 Visit points =    990.02717796507056        822.21941461827282        986.98541722927860        802.86857430853752        986.79449228308681        801.63784197674931        983.05902487448918        777.55147405508410        980.28994060948617        759.69636380584348        957.48604801121860        768.05921975822150        952.36644939188523        768.14721692800993        947.93317925689576        768.22341728155186        925.98262688283012        776.03210175991182        949.40948159022594        837.91220496087726     

 RouteID =          31
 Route number of clients =           11
 Route length =    593.29764483271356     
 Route demand =          815
 Sequence =          510          22         502         462         605         674          92         609         438         647         417
 Visit points =    684.39684450526011        891.08846798851221        677.23259801700056        890.19529311349675        673.29868505701120        889.70484764625633        654.69971929276517        885.93892602960238        645.85892288152934        884.14884013259439        642.97019024362567        879.30649826567208        637.13655493182068        867.84689262701363        665.12811428422663        847.05503077764570        664.59512332778252        845.36361790998535        696.14684481569009        824.86257873729062        699.86099468145960        822.20527808847237     

 RouteID =          32
 Route number of clients =           19
 Route length =    2211.9479380211487     
 Route demand =          832
 Sequence =           79         723         253         781         415         683          19         370         368         214         421         212         340         205         231          28         496          16         186
 Visit points =    513.24401509318909        203.73815309871796        456.10433393025340        100.46786676413382        443.94111188339235        92.217992789146223        414.75246238293272        72.420387778537631        393.86163346966856        58.250895223799802        342.98574390812757        23.743622135166763        361.94606518159367        19.942791685743440        391.79969428705243        25.685189374626376        415.30045180429607        30.205601120123085        418.19108834182578        30.303774538618875        442.47841061740081        31.128634192520508        492.50823582846704        45.448459834064650        502.92478340282878        53.445955165275237        540.84335009387996        106.55181006181070        540.84335600243537        106.55181511208438        540.91117530894621        106.60980208809245        560.19191947229092        123.09866882869510        572.80030518397473        133.88429437412066        653.23864592156031        202.69388209850257     

 RouteID =          33
 Route number of clients =           11
 Route length =    2369.7642483979689     
 Route demand =          828
 Sequence =          564         127         608         317          68         738         257         623         680         132         741
 Visit points =    228.40657591063578        116.56508025242783        193.72165121135768        75.670775690558699        177.63804794616766        41.421927047873893        164.90744325762665        14.313041935583460        166.90210387071912        14.915680866656219        190.47142824296969        22.040067928975283        199.80384300649678        24.862272285909118        205.10784950520383        26.466250530463594        253.05012391299593        53.393746872409970        323.34112786754417        92.873760910814269        373.86927988608522        121.25366785191507     

 RouteID =          34
 Route number of clients =           32
 Route length =    1325.9461495893358     
 Route demand =          831
 Sequence =          575         366         465         386         279         439         126          74         613         430         782          34         136         634         541         124         476          98         593         185          33         260         140         533         450         119         182         446          36         273          35         779
 Visit points =    561.27055583255242        853.91980001265620        534.18805291395279        848.85110440558663        485.77460307290818        847.80760224647486        479.06925051310247        847.66115054295597        467.52734813459443        847.40906368397202        439.14338166663771        868.35172603361218        439.14338166663663        868.35172603361229        410.09808729381359        869.99400396137946        395.70170055710844        870.80800391172636        385.10707058494273        877.34376003503371        374.81371035990941        868.57393916121646        352.51290904965646        849.57392084281821        333.44404466702213        840.77851590636556        329.01017415705974        838.73341842240472        313.30402473781658        832.69636375291361        304.38508223813528        869.88534796439433        301.00000000000000        884.00000000000000        321.83599513886088        889.71551195062955        346.81385916427161        892.08635202292180        354.17285059756057        904.75966584177274        360.35792492438452        912.67435304472383        372.80124644527291        913.79105318687346        397.02689857564474        924.27897745426776        421.50810838143832        934.87753938505091        429.41575957339552        927.27464033327408        452.11379432891982        905.45136275422703        452.11379433299953        905.45136274742026        461.45432672786450        918.96571492613100        461.45432705169139        918.96571836023963        476.70712177718286        913.23404898351873        524.48579762275403        895.27985907059337        751.07132418706760        909.25760186771458     

 RouteID =          35
 Route number of clients =           16
 Route length =    1540.9934640201811     
 Route demand =          827
 Sequence =          586         569         752         357         682         297         249         735         508         202         367         733         321         505         331         662
 Visit points =    555.11336114487324        506.32235017085361        479.33239889047530        420.72178374023298        472.76334631435708        416.28602874512916        472.76334678172992        416.28594848709508        472.91716869624611        389.87139843642166        477.28136527456229        338.11304149403657        479.98549502398907        329.54961597901519        482.16070103949113        322.64483076895692        509.61183270575793        310.91233168499673        515.23320235356607        308.51580675290734        530.52521002075184        301.99727640705311        532.93361655919159        300.97064396953078        554.56251662955219        322.39521209498980        558.05390219688036        325.85366449086303        573.20892129624769        340.86573093353400        622.16997988847345        431.53128516590749     

 RouteID =          36
 Route number of clients =           11
 Route length =    813.92292827177869     
 Route demand =          817
 Sequence =          742         348          21         247          56          27         335         596         187         408         145
 Visit points =    716.48289004363198        687.64968073296973        699.26826999361901        666.96264753610876        686.24386564147949        663.67200784005433        649.52361170499103        654.39456819785232        625.61829680600101        686.79641067380055        623.78832063944901        698.36781113854261        621.49491995870221        712.86956159195665        630.14266697016171        711.48047319916941        656.91327600440695        707.18044658992653        661.00257580469759        706.52367256967818        665.09187560498822        705.86689854942995     

 RouteID =          37
 Route number of clients =           11
 Route length =    628.16000616521842     
 Route demand =          828
 Sequence =          627         728         176         381         650         178         497         365         103         291         657
 Visit points =    941.13329877474996        717.16422742570023        945.65608760048917        688.75567269770556        948.20088044490080        679.69439233956882        951.90779084436110        675.33698685664388        956.98288916607146        669.37931156365903        960.63387685925977        665.10115748313012        925.39222894375496        661.13364579421534        902.44811698322292        658.55174412607448        887.68408759441411        656.89034741684407        846.00000000000000        684.00000000000000        854.39703457057999        715.32227181089365     

 RouteID =          38
 Route number of clients =           13
 Route length =    2009.1631178051523     
 Route demand =          832
 Sequence =           73         597         612         764         424          60         162         603         491         649         286         188         338
 Visit points =    280.71261898550455        549.76324615259102        148.12763420149116        387.07519103817015        142.81463438100727        380.55588865241452        135.19824235661829        373.57359857982510        131.20840178275128        369.92050899023320        127.21588189344585        366.26883452146870        107.88747210377340        348.59085122498556        106.01898085359157        346.88190788873720        135.93507769598290        327.50269449655752        145.30041299418019        327.11652236847812        145.30041299431434        327.11652236871959        151.37318285020240        338.04846157724592        151.37318336620586        338.04846197291965     

 RouteID =          39
 Route number of clients =           10
 Route length =    351.71661658821665     
 Route demand =          759
 Sequence =          453         351         452         250         666         745         221         481         237         183
 Visit points =    933.90173134363135        829.55667617834649        920.13895130472599        820.16733721596881        915.87902901953476        817.26110467999445        915.87902845751637        817.26110448789734        912.45496325438671        816.09076460257575        897.26548192293751        810.89902473053883        859.24377922399037        787.72397604461969        835.03101653223428        793.51006712941273        834.39887887428188        796.82624450121557        853.21779995385214        846.42818900889733     

 RouteID =          40
 Route number of clients =           14
 Route length =    1292.6979589180378     
 Route demand =          815
 Sequence =          544         643         283         628         589         120         495         460         137         447         238         405         165          76
 Visit points =    637.76020119778980        472.55746933609453        638.05914969043363        471.31740061992150        634.01956054581342        469.99110439778627        606.30404027202485        480.96309576641272        569.53476582865244        461.51064043470632        574.30565692901359        501.50646125392052        569.22921659094311        517.71447222264374        548.63937838630591        555.69846372230836        539.12677134189812        580.05794200054891        524.00142163171813        590.70041014077663        522.00000000000000        595.00000000000000        504.54311850620059        616.68714546632248        498.42292052663322        626.29851220778312        512.59007830532266        638.21934090215461     

 RouteID =          41
 Route number of clients =           14
 Route length =    2580.1417270491424     
 Route demand =          823
 Sequence =          343         689         542         552         780         665         625         146         639         734         262         715         156         692
 Visit points =    119.58132939294464        84.414494751404604        118.37722849694859        82.894581019208417        88.460907026514931        45.131765094970127        74.566520446615129        27.593139454932249        59.651500231128779        21.737738144521881        40.188197087835135        21.541362606987427        15.779860841527816        64.915793128108518        11.419210161490067        87.827419387676343        28.461402571462585        92.672381298055640        41.555460127010228        96.394919371960924        59.987519552223851        106.99015293428801        381.49385685502097        569.22767999104281        392.93928781793267        585.68305610828713        409.71143552762561        592.99758025139295     

 RouteID =          42
 Route number of clients =           23
 Route length =    1447.0006950618915     
 Route demand =          825
 Sequence =          702         435         677         256         428         724         466          44         352         595         654         739         513          63          39         602         761          57          49          32          58         278         718
 Visit points =    788.00000000000000        509.00000000000000        742.53500708800175        493.26718089287374        739.61891688225126        475.95680659077811        735.19328696013929        431.54451466685521        733.79778307978108        424.40302603162621        719.62242256736067        406.38532908707606        712.47626217780066        396.84646864188687        725.17231860407230        384.31537343231321        731.73732437455544        373.67573651562782        759.03483904868335        361.60486132567189        786.76114908752118        412.66199324477765        794.92460374072778        429.99745599675595        825.42808909330768        419.28324673958906        861.90184520828006        400.93639737479452        917.40870655222852        395.74987995207653        931.17068488759367        393.85185200008067        958.62370759013527        394.42317581497821        944.45493887982229        429.22290046299008        935.41472032062325        443.68459631629372        943.97979369043890        447.28618510117946        972.16585845779844        461.87838405197931        979.22716524541113        504.22595715001171        978.91379686337882        516.28888786330435     

 RouteID =          43
 Route number of clients =           12
 Route length =    1788.8582393819634     
 Route demand =          827
 Sequence =          500         125         411         532         565          20         722         653         750         241          93         197
 Visit points =    267.48902870305204        499.36022626110628        261.71153227708908        496.39737021301170        256.47269297146380        493.71075206956897        206.28229483570530        477.96711061651729        192.35219799030202        473.59754077275738        196.23253072937592        457.15987338433695        224.69928994270424        401.75817627922783        255.63909101739785        414.76567331021948        259.92427805742193        416.57537449864674        267.83085753593804        419.91934337192475        279.46457650606311        424.83964983596138        311.25130403367586        430.85153819181642     

 RouteID =          44
 Route number of clients =           11
 Route length =    544.02161686936927     
 Route demand =          807
 Sequence =          731         298         707           1         105         671          86          12          61         293         558
 Visit points =    899.47771897125767        793.73418541795240        895.29632754271279        773.97308134569619        880.73233761931510        705.14419376085107        870.72492787868816        710.48614646927285        839.34507502604549        723.45513637134195        786.31588810513097        744.39730882943775        786.30986797945582        745.33384731728734        786.01681399721235        790.92364862651357        806.24387806227196        825.58556856050825        807.04694692020473        826.31562677187219        829.98963009012596        847.17256185660563     

 RouteID =          45
 Route number of clients =           11
 Route length =    1901.8962568930006     
 Route demand =          828
 Sequence =          746         658         759         198         638         455         322         242         472         523         549
 Visit points =    299.77907512272867        292.97734503153123        303.53851587282378        283.20620302330667        304.04681019068124        281.89338959967137        327.34783467957465        221.71192256613193        366.47733278195074        199.87719239883563        377.07450063989489        202.90183026612789        392.62620266840577        207.34172876931842        395.73361765726116        208.22887328459512        403.90172456012556        219.54006454290891        412.64347226626785        231.64563380634340        427.23980759868925        251.85863446329992     

 RouteID =          46
 Route number of clients =           13
 Route length =    1973.0539326253913     
 Route demand =          830
 Sequence =          222         107         360         318         514         209         215         528          88         540          67         554         267
 Visit points =    254.21220683293822        353.66567355156764        241.89659885124891        343.03255536831188        238.49891344328447        340.09904282503152        228.50885118692835        358.40064433096620        216.22322191534610        380.90768036420883        215.17798031890186        381.92053655473751        190.49629935512928        405.82891554015214        164.73849508966973        430.76727987894259        150.85190280736950        444.20151603552858        122.46050160878040        471.66309949458878        142.15643332367560        500.57201765177427        174.72781010015674        529.67231921377800        344.61568515927723        606.45609309255804     

 RouteID =          47
 Route number of clients =           30
 Route length =    1952.9981362724884     
 Route demand =          831
 Sequence =          727         400         632         423         517         332         696         184         401          25         287         729         459         534         111         555         121         336          31         164         266         378         656         290         493         512         642         572         484         765
 Visit points =    263.53969511707749        774.90274366586584        215.79737746516054        767.08893895770370        207.66075358205572        731.87858989995459        193.07516570331856        668.76105518273721        167.34108627268031        675.61962424965600        153.81776136655938        679.22381992850319        153.49840412806947        679.30893405442748        106.78862248274618        687.37452659779228        93.658666993847291        676.59809382845560        83.825072504180312        668.52715482272833        87.438147373603030        647.67162337877869        91.504363573329201        645.97159606195089        98.821468455850706        642.91249335261136        104.80452999057171        640.41118591008603        140.77108994122989        625.37483310566722        166.55405912820430        602.00890690978053        170.35598694202614        598.55193330661041        176.45591440161346        592.99650714234872        197.66316003709301        573.68229593970682        229.58361958607796        571.16443530929519        259.14372904341297        547.02184351964331        287.31046428906751        524.01726053376069        308.04768250477866        508.51103078477968        317.39016841756637        513.59448732081717        329.41737717005628        520.13876188617314        386.83307259130555        551.37993204709881        403.97180049062979        582.40674590786159        411.44391537084005        599.74279165580640        415.03887169191489        601.26811901276903        458.89948206545739        619.87802214389842     

 RouteID =          48
 Route number of clients =           12
 Route length =    436.39709926986643     
 Route demand =          824
 Sequence =          614         245         396         440         521         655         667         359         207         281         693         769
 Visit points =    873.27097888423839        914.40898988984316        776.79590679899172        891.06159651484074        743.57578374173556        900.41152777901107        730.67072402162592        904.04370641769549        738.25748393819015        872.74029479599335        730.68248249425608        857.27999196436406        740.77453803441620        852.13396714277485        760.61850515200899        842.75801110146517        766.85787790155985        839.81000759599328        774.85712541638827        841.20006912642191        777.00000000000000        841.00000000000000        794.29787188462785        851.22146975000737     

