 nroutes = 40
 
 RouteID =            1
 Route number of clients =           20
 Route length =    999.02720648323282     
 Route demand =           20
 Sequence =          270         339         745         327         708         362         774          96         152         641         631         262         377         239         487         148         273          79         240         245
 Visit points =    326.05781672044225        123.20006293321181        355.07330407511790        134.16348624288440        374.40947938780590        146.87626316861463        400.11929645879610        163.77945958359348        396.65808420181179        164.86176900506783        386.72952452452864        177.60454328905587        387.71043722775647        185.85302847714740        387.86410421028882        187.14521260846277        388.01777119282116        188.43739673977811        386.12958198729478        189.48829627800495        376.20783643376575        195.01431764345637        341.20041857342522        214.52339338407677        333.29587055090559        218.93838537712358        293.90305989753153        240.94314602577219        281.55700699356714        247.83963131334895        266.92876337839965        268.33478478874713        269.90185039025056        253.75852417922871        270.01611673389920        253.19830646703929        271.24391802143754        251.55867192679182        249.28938048087136        225.06229793763694     

 RouteID =            2
 Route number of clients =           20
 Route length =    1284.1732200742003     
 Route demand =           20
 Sequence =          782         795         344           6         379         431         407         248         696         162         309         787          43         320         674         397         682         669         206         453
 Visit points =    188.29409304603629        399.84285523216022        193.90842550088891        411.76490059564384        190.83296014188983        438.98775391793072        190.21249518317137        444.47987448868832        216.03066751844088        473.36490725901774        219.43213848630421        477.17042838956803        224.47652310283081        490.56193949376529        233.10034181002297        513.45590431944254        252.76488650859864        512.78161026521877        312.00303153837973        510.75034386220250        327.56276167000192        502.94439550630130        327.56269702420605        502.94427323265745        303.91133785898370        458.20914657719817        287.90748088125775        463.60920380104272        270.50154682237411        446.31581711702466        265.78200364730162        430.66429016855949        265.78169238235631        430.66287214004871        256.45788371694863        388.18643296846778        238.65698079576765        362.38752928212887        217.00000000000000        331.00000000000000     

 RouteID =           3
 Route number of clients =           20
 Route length =    2513.8022952935621     
 Route demand =           20
 Sequence =           45         110          90         579          56         698         602         126         695         356         389         125         221         253         229          30         651         545         771         114
 Visit points =    887.32353761924469        682.47288693358712        933.13475396631600        678.80569458060825        933.71008356148707        679.00581415345948        958.52119760707387        687.63597951682755        966.99902906291629        690.58486312004879        994.83523680778183        691.54065382777412        985.78393317808809        679.51090955507482        983.63384725684148        676.65326746234120        969.38136922018259        657.71356406732605        950.39014645258146        632.48301823667884        943.03034680235294        622.71195821107949        953.26976584579666        587.86639633855350        960.08538679112496        577.57824734444807        963.91583368782278        571.79147638383029        971.64742642675026        560.10960784649171        975.30434334586425        554.58427507954798        960.19782704389229        548.66702451025219        946.54030412124166        543.31123135232531        943.75078179066531        542.21506164875052        942.11573812892152        541.57255547255693     

 RouteID =           4
 Route number of clients =           20
 Route length =    1627.0949250295992     
 Route demand =           20
 Sequence =           48         357         486         580         219         592         565         278         485         109          47         452         105         345         150         576         442         223         402         477
 Visit points =    620.26633306229758        118.98238386807498        674.68977807338126        129.42214317882488        685.24388568126028        128.93177382109047        714.82541539615556        127.55734442676960        714.82541539615556        127.55734442676957        733.13046276909211        117.19126436237735        743.82171469859975        111.13684826434984        742.97522085882986        73.477617983533690        742.66693869361927        59.357540915767849        742.47951459576177        50.457570910516296        741.99861431545514        27.577663362086135        741.92402135533848        24.028736274453649        732.67738201029351        24.137016993086991        709.79068519770578        51.615784897278154        709.42690505713301        52.054702972948483        705.57824419270332        56.700044534479467        682.28596229727850        68.129829622489041        677.32942623284373        67.959644532966692        663.15588494835583        90.677168048460786        639.07578512517193        93.712216298743101     

 RouteID =           5
 Route number of clients =           20
 Route length =    1949.5236555871040     
 Route demand =           20
 Sequence =           82         539         337         147         172          62         633         181          53         410         722         335         294         686         159         554         737         736         551         195
 Visit points =    545.42778631103488        599.02127584911739        552.79572069625442        607.11318016088239        571.12883277921378        621.39902073064400        628.48092430833390        632.43595130359927        625.39505620292550        648.84516531971769        618.71788902013145        653.82566313260691        612.04072183733740        658.80616094549600        612.04072183733581        658.80616094549725        609.85738512651403        672.37433331928889        610.66594325784411        674.40119702380002        612.36463122219743        678.65940536631410        614.71840505940395        684.55975881574761        608.00152001326489        700.76647325067631        594.61903139263882        713.18339823049598        579.76633207351813        726.96446238936778        579.76632164636396        726.96447712336305        560.35518267461975        702.32440772165819        550.70246074346574        690.05297629141739        534.03971217240598        668.86975170590858        483.19886751721918        588.05485631096178     

 RouteID =          6
 Route number of clients =           20
 Route length =    2659.5340856840685     
 Route demand =           20
 Sequence =          164         753         656          16          40          54         720         773         743         383         179         573         648         630         543         584         522         701         131         581
 Visit points =    498.88611676395715        937.26574971234879        528.50782097414719        965.52676750841692        538.47836642088703        975.03931142916417        553.43922362493322        974.41729277691741        564.87313717226539        973.93349586424029        596.58394955048800        972.59173365276661        626.88972188859054        945.58610600421423        635.31170877946636        935.32501712090902        642.03715574229307        927.13094012225179        686.70665010116272        904.56722322077883        696.82212839300382        896.92963341272196        718.25396712462236        880.75023482635913        756.95785306522441        851.53610875009929        770.47385124935749        841.33821282781355        802.74249088731597        816.99433327735187        847.43899884548728        783.27587540840227        831.17627575172128        751.34216126240824        813.67184508934122        752.92945038858886        809.27716150214269        753.32800699964935        776.94885207621155        747.86120439182503     

 RouteID =          7
 Route number of clients =           20
 Route length =    2301.1842001526384     
 Route demand =           20
 Sequence =          165         587         625         496         490         799         155         457         727         642          80         207          73          15         444         735         498         525         166         623
 Visit points =    365.39820452613264        857.86929895111143        369.66616800480318        867.89049496936173        369.66844760032302        867.89662747298587        376.64534342571426        886.66603592586239        381.47089100685588        899.64783697692747        366.07588563836026        922.63218780342072        348.53548679036049        948.81955644078789        377.95379165024320        948.92512585887710        410.23659435044533        949.04097470576289        429.36894448129135        935.87033266941830        463.13461122082066        912.62616733147286        467.00387170981111        906.68929344074218        494.41342202558855        864.63292528216778        508.76537859686675        866.74626074102912        522.93298421035911        868.83245039478504        521.73254959038718        808.93647525124254        535.56319220959017        798.10325159968340        536.49665446205620        783.95036145223969        526.09596590917704        782.16362174403173        498.37175023140588        775.80804417994557     

 RouteID =          8
 Route number of clients =           20
 Route length =    2092.1989231997645     
 Route demand =           20
 Sequence =          632         731         216         747          44          19         243         363          77         143         382         655         284         297         289          66         394         175         157         353
 Visit points =    251.59289573260264        759.81879883484328        254.58592092852282        787.28037649356475        255.38403067102661        794.60318577155681        254.33880953120996        822.29881468427016        284.40957130160916        841.42415728245692        305.05208192484747        849.16403437069823        339.58029102045327        862.11033239397432        319.65096839903640        895.03030462303809        287.91118075833174        928.84540311357478        257.33277436684511        921.58348623546863        247.59749893711384        885.97752794539599        238.78807839206405        888.27992298508457        203.03254137451250        897.62484761998269        192.61591263029169        900.34729618834501        192.62480866387060        900.32125852022295        194.32295288094744        895.35098551535839        200.98859838566710        875.84140701257718        200.33527812936697        872.57520833024262        195.77848156539801        849.79858409795941        195.77214482734425        849.77107877161905     

 RouteID =          9
 Route number of clients =           20
 Route length =    2868.7933814847011     
 Route demand =           20
 Sequence =          182         666         767         637         306         428         341          38         264         173         791         718         211         556         681         296         374         120         250         766
 Visit points =    663.11258473362670        973.87078778925229        690.47077848072240        972.90367908714188        724.51899198368858        971.29336852233610        730.94872312215693        947.92171713317919        779.07437736142015        946.70504601168761        788.45871723730011        943.68505959314871        788.79399379314395        935.49626476692595        798.09354207069282        928.07922391646707        817.00000000000000        913.00000000000000        821.85430629384393        905.35399917695520        824.90720607544858        900.52957659943149        828.60053207026817        894.68124493536948        839.54491283016455        877.35096631078329        855.04927534086585        835.28647053257350        880.05957167996019        820.48086305237609        904.91754519565313        805.76542771180391        923.49686991207147        810.11672472619921        979.36813488761049        823.20183261839918        940.17599723549233        774.97373989694188        920.09487895772008        750.26281336245586     

 RouteID =          10
 Route number of clients =           20
 Route length =    967.74740956767255     
 Route demand =           20
 Sequence =          186         210         381         388         789         153         785         705         352         406         569         585         593         488         595         167         443          64         800           3
 Visit points =    176.07087921452145        248.90858766399165        182.67848770617468        258.24965817395457        186.76181352525197        265.10360884231318        171.80533538444362        290.47262219994593        179.56464706812218        297.94809769131200        184.38692720413951        306.05151507280164        147.04841982513187        318.70800151839182        131.04533004717007        345.58560227077663        127.18735316890753        352.06517363384364        124.00865451631019        351.20206707185798        123.31074831530631        352.20509503163339        123.10456010060938        353.28545919904224        120.88579620688320        364.91111399335580        100.82448028846983        412.39558789268472        78.302975570817225        411.58948645897311        62.047380355621904        391.32765539409689        62.261492485503034        379.66986395744226        62.588287377748870        361.87682366425156        63.180975506225202        329.60666277280762        51.288754991937274        300.61994313855740     

 RouteID =          11
 Route number of clients =           20
 Route length =    1706.7872602069244     
 Route demand =           20
 Sequence =          429         685         163          85         393         777         292          81         779          99         596         529         366         194          89         500          17         676         783         455
 Visit points =    122.94503500027668        441.63862888319647        166.44323174221560        597.89125967135794        177.42705696002162        637.34696183051994        185.69996660371444        667.06461426348710        191.51996131956503        687.97099377860275        192.52215846498837        691.57105139295538        193.19364988381813        693.98315943613841        188.71647705927086        726.99391720197741        186.84199611246044        740.81470073924913        185.09042599652335        753.72924727696079        183.05370150164765        768.74627287830072        191.52825707018923        819.98346445706318        187.02024729435544        815.18641653549048        135.43193477315504        760.29043811860856        126.18907465999970        750.45495747415987        113.89213985845427        735.47519908003676        113.47661881275252        732.82577927980310        108.68015087701369        702.20878164165197        100.61106091920519        650.62209284852747        99.533743207338389        643.65539656331066     

 RouteID =          12
 Route number of clients =           20
 Route length =    1370.9030644877896     
 Route demand =           20
 Sequence =           86         478         401         102         629         687         493         469         752         342         534         299         524         754          23         141         373         359         246         258
 Visit points =    414.38448389314232        298.32369461038570        443.43680625695367        323.77403878515798        481.00496848205262        356.68440810673150        486.35484640839917        359.27764760714433        511.70424618938893        371.56522981534425        513.81016374121918        368.70904335018832        522.00686238889477        357.59213152422092        532.33221144718254        358.06544456083793        539.71999871872345        352.21686048633063        520.03825247260079        329.85352040757391        529.67738722201273        312.59002391878965        530.99047819567022        310.22640549458447        536.50590950730782        300.28934611397636        543.73332645684297        287.26333705942358        529.35387427364412        284.37279033554620        510.60549061924007        282.06779986006120        463.35941436962702        276.25920548911046        448.02774849078867        274.37427799480145        404.84253173665559        247.92719082360964        394.45985290014357        241.56879664472280     

 RouteID =          13
 Route number of clients =           20
 Route length =    1898.0606465269586     
 Route demand =           20
 Sequence =            8         354         260         502         780         308         192         117         115         220          55         414         663         122         111         530         365         233         671         555
 Visit points =    296.33079120447883        709.86603100745208        346.58437293245350        732.70751434825343        354.77125673533851        746.55442069947117        363.69150390555410        761.65733210203769        370.27880214104232        772.82885691439299        373.71863002641328        778.68032529049742        383.37937559347665        795.12796360908885        390.95448005713968        808.03416365690384        407.13701377852584        835.60540290391054        389.57185850060836        822.63278052927785        386.45317883306865        822.57666405791770        374.86898423787915        822.36822196269441        374.86898423787778        822.36822196269441        371.66669039692113        821.58767547213313        359.56441663697177        809.04227432262360        355.98635242792727        804.76605967729574        326.12518279030394        769.07818625603761        309.82992647337579        749.60301427609772        306.90630469428606        746.10859459640915        214.27988090101425        635.39810513523105     

 RouteID =          14
 Route number of clients =           20
 Route length =    1873.0845544221661     
 Route demand =           20
 Sequence =          293          58         440         550         684          25         255         699         279         604         203         129         380         338         615         314         101          10         471         733
 Visit points =    497.74100343355218        489.81856199032370        528.25029962236317        553.23995576940024        566.75087854249114        574.12797017430921        586.23923215662717        568.89720030611613        591.17228473404055        563.26062693965184        591.55653640188211        562.82695079482335        605.05095714255367        547.60097793390037        616.69941083544552        534.46076716730067        629.36384034608909        527.59349605899502        648.64792141238047        517.13672715002281        629.93334662207917        494.88394374607992        644.05701382991163        473.86961850846302        657.41178608005521        466.08053779635492        667.86305205901033        444.83714444139599        669.04331058708703        434.44542346994984        670.08429283099508        425.27997644492245        688.79250247352661        384.17478898028787        670.36470758601195        351.70989242571710        664.83991148541338        343.38378596373315        647.61868908957047        317.43065964695290     

 RouteID =          15
 Route number of clients =           20
 Route length =    1262.6920660393314     
 Route demand =           20
 Sequence =          311         703          70         658         178         715         505         104         413         664         201         318         313         280         287         369         647         238         793         434
 Visit points =    441.58879887995687        132.82011837518033        441.58884129035346        132.82012981131430        461.78777549709474        138.26685292708243        486.06082118973256        144.81217644321438        504.80970250202120        151.79301657411898        550.45146973992189        173.57461114673214        551.40656023118231        174.02623731801538        555.21731206985930        193.40260242273771        557.80101293738198        206.55813773303672        558.09904917000495        223.32371284437377        527.48089006026032        237.32720194846013        522.53344561270831        234.04450477690543        518.43438686881927        222.29952924837050        512.70744555596207        205.88594340003957        488.59579562181972        196.25517817461073        475.25664589447814        190.92720519550070        451.21685057612848        203.80050906317922        450.60002619988734        204.36745483291438        448.82430178084854        202.31640179125125        441.57269868728213        193.94042721855035     

 RouteID =          16
 Route number of clients =           20
 Route length =    1800.1245978913710     
 Route demand =           20
 Sequence =          319          49         750          31         321         331         274         215         544         476         713          29         315         578         446         118         709         185         694         519
 Visit points =    556.67744515192521        321.40573092382942        597.40215278539438        344.91872671266037        595.48611622391832        370.55399758412398        594.15323967199402        388.38699479915971        580.05238635965736        411.54607011463224        580.64619634596261        411.54912097722985        588.59605561087983        411.58996557204443        622.17537774164293        388.92157082399984        726.04005724961928        318.80563619323613        724.45981823423790        312.77426223440955        718.66389161496022        290.65267142534890        716.04237414849854        269.27234576649380        712.03218093271482        236.56638900469724        710.29722980682743        234.05758753917297        705.34564077417201        226.88979339481881        699.87343674829185        218.95944410570698        697.62984394862144        215.70147092804163        691.52537092561624        206.83702396794473        698.42383625118089        184.85619822091786        644.01258923597504        170.45483368891917     

 RouteID =          17
 Route number of clients =           20
 Route length =    592.87002742765139     
 Route demand =           20
 Sequence =          350         124         786         721         113         653         189         796         272         103         693         343         156         740         482         265         300         237         334         734
 Visit points =    73.000000000000000        124.00000000000000        79.918947440342748        135.17353574822604        89.784662693286919        126.62644463468314        92.078913098798679        125.74737754544174        98.506801491172112        123.28567698561028        128.63723744420051        111.74659873703781        127.81850446909459        111.46668120123535        127.15997367998902        112.47875472066788        101.64505152701415        151.69176873400036        102.50682115553325        153.14065075273348        115.38596089343729        158.97314677555232        120.81412421041755        161.43158589914475        123.91572700425918        173.71147180864801        119.38687825532655        180.53782266635548        112.25437295416373        191.28847547050486        101.52293564173233        207.46371148703261        69.594054405515621        201.37501686497038        54.323488635530104        198.46298837917129        26.570164649464509        149.02145918657988        15.666777471177513        127.84472302034771     

 RouteID =          18
 Route number of clients =           20
 Route length =    1968.5810891920369     
 Route demand =           20
 Sequence =          395         328         649         679         776         370         751         261         283         208         594         599         798         324         404         386         226         268         484         427
 Visit points =    702.09947002923434        492.44381288565842        698.45184451132161        510.74466504839745        698.20282968444576        511.99402124204983        697.95381485757014        513.24337743570220        698.25970182231947        513.06841777878969        710.76029103663689        505.91839488737691        722.19854886866062        502.05798477945950        752.00000000000000        492.00000000000000        747.71913713751030        505.58606644510718        747.71901434825429        505.58655339637568        744.33159655746908        519.02038961049402        740.92573042024344        532.52759167358511        738.67160284335205        541.46732269569191        736.41749576150096        550.40707651894456        732.71853951582500        565.07707977902317        732.71853951582455        565.07707977902362        730.83275352033229        567.32098499038898        703.28135930431085        582.77483984845685        658.27968517097725        578.21167514261299        603.67789143060486        530.25121800620286     

 RouteID =          19
 Route number of clients =           20
 Route length =    2250.1986412794017     
 Route demand =           20
 Sequence =          416         547         577         597         351          88         662         183         197         281         730         228         538         724         128          20         749         762         683         775
 Visit points =    858.85468089513040        414.85468891937012        884.84733480637306        427.40998446866928        890.05660424759037        426.74912287162755        891.89545653819209        426.51584260979416        904.65563607036370        424.89706341687059        932.60572467047086        421.35126570172406        932.60572554430576        421.35126645220492        935.74159905740908        424.04446717288050        946.01156038982435        432.86467835859230        960.31717147111840        445.15085031129593        965.19508746600059        459.63425325487384        949.22305726839124        475.68860105299143        920.82110944796420        504.23692852368305        928.46024350525579        512.60709891539909        891.43533457319040        533.76315610085760        876.89595755345044        534.60423417197444        874.84950903225820        528.66282930527962        865.01125287633784        500.09965637458652        864.40235011421896        498.33184360200374        821.48157691821098        473.58782476313331     

 RouteID =          20
 Route number of clients =           20
 Route length =    494.64129820619075     
 Route demand =           20
 Sequence =          310         738         784         225         583          42         755         187          97         266         158         668         758          93         697          11         706         106         199         690
 Visit points =    8.2384772118886627        2.6160542184090834        19.562824440985178        6.2119986602600825        28.265626228055734        7.3465658814443406        79.881814152717510        14.075667190957256        97.130628196136215        15.695624687451621        106.71314037482736        16.595585832608855        158.34262525289768        27.672171433235906        210.78033066398950        38.922152603068028        208.05577353062091        74.190092267823303        193.11597839144949        72.439214743443870        177.40255357495215        70.600381447803031        152.63538695778007        67.703227083861989        133.67270145647620        65.485055425338345        111.71866163000789        65.997163991907740        71.684555735067377        66.931015352779710        53.376716467031862        67.358071240076072        30.159190873778702        46.721651895033105        26.339039800532749        43.327462057196726        17.431136356780577        35.413536078460339        6.0834617678167815        25.332077821205147     

 RouteID =          21
 Route number of clients =           20
 Route length =    1880.3137971263184     
 Route demand =           20
 Sequence =          424          87         628         134          98          74         213         151         468         252         600         360         769          50         282         259         521         591         582         346
 Visit points =    78.147705291889508        741.47468895307259        83.369722228499157        791.02180961198292        85.125921605053975        807.68483914014018        98.043309174258127        828.12397807212142        101.07227215975202        832.91669602291927        118.67100359348544        834.68561175484672        118.60000474286224        835.51651735110750        118.38871834466086        837.98921936764339        113.00721014587565        900.96945035259091        112.51161279736316        906.76946669222775        106.01165968355946        901.76788252616927        102.28553589568730        898.90558139676511        55.359290839908383        862.85818955781724        51.043839088216458        849.96644571812328        42.927460704560104        842.97927544167544        37.007802554471901        837.87944256173284        34.237379026106467        835.49002114125597        27.396303430802849        829.58976350946875        23.380928100743077        815.17274970991923        15.322642765666236        786.23986017234745     

 RouteID =          22
 Route number of clients =           20
 Route length =    970.21162115276604     
 Route demand =           20
 Sequence =          399         460         403          13          18         305         480         312         275         247         290         347          27         566         139         553         277         234         417         499
 Visit points =    218.74461522701398        117.41125692881441        249.85859009424908        103.94243366449385        250.37421325965698        86.091180392430715        250.45554015578702        83.275583425410417        264.04238750215666        82.160155751272299        386.35374173657050        72.118866120471424        388.13167408381378        72.497178575679996        424.99876313384158        80.341838121276965        426.63016730548065        52.000017902352091        428.38208789523173        21.564507649443762        380.83225771402198        23.822082479352442        374.64447074263495        24.115866748743173        369.84235547184244        29.666177737711994        323.28062957359742        29.180464525095427        301.54048892038838        28.948996194160767        266.24814654431560        28.571066626400700        249.82925139103733        28.394645655915756        243.57652631277458        28.327460147013696        231.05929280323568        26.873796588403387        223.35125205352875        25.977298046017790     

 RouteID =          23
 Route number of clients =           20
 Route length =    2217.6441172047444     
 Route demand =           20
 Sequence =          501         495         340         358         504         433         230         650         116          84         765          67         560         527         127         119         548         510         622         639
 Visit points =    823.00000000000000        319.00000000000000        847.43446355078413        326.00089756573448        853.82867083825522        326.79428488148130        862.98239137810845        319.71836494893188        903.32564917718605        288.53261257787159        903.32564917786647        288.53261257660881        920.71269407167063        256.25727680264384        924.35698600149465        263.52599999341368        936.63388195805067        288.01539551288863        944.04911135212524        302.80695896196676        989.56946533955931        309.91467929548105        986.02600597921185        333.50821791532815        951.94347185041465        348.45662761502024        938.04629318532193        354.55220595738035        938.04401138332457        354.55343710658008        912.30709710754650        368.43982227500339        892.42189333246131        387.07198494276196        858.44115233120124        367.51492174018881        838.50651734172288        358.98056649128182        821.51412153825163        351.70579909780633     

 RouteID =          24
 Route number of clients =           20
 Route length =    2462.3767790314400     
 Route demand =           20
 Sequence =          516         209         466         420         601          92         638         301         640         146         691         298         479          94         659          91         728         303         609         589
 Visit points =    278.57843136972019        952.73879097456495        292.57412608328002        966.48396614463581        325.48257823593161        982.70338230102311        339.71724291990722        984.74595743291570        360.27525681278649        984.12008545485025        374.30594422341835        983.69296751126433        396.11420835903942        983.02911669812488        468.59716390744831        980.82272027246188        499.24724349474894        979.88972539751444        513.18035215406519        981.82883811281351        522.07486376820418        983.06671409505680        522.75002770195067        981.79641089654206        528.96371371528846        970.10552577826127        541.90612352228766        945.75472681763279        552.16131575101429        926.45985626040340        554.02868194531015        922.94645658945831        585.64027011644328        901.71150345182514        614.70499680346188        882.18739394439592        610.82743174418079        876.62538822189288        562.04675103472096        806.65404767553730     

 RouteID =          25
 Route number of clients =           20
 Route length =    2103.1743541273095     
 Route demand =           20
 Sequence =          536         707         636         792          63         384         643         552         526         714         613         620          39         461         797          69         218         621         138         227
 Visit points =    171.33033114590708        901.04380866208555        177.48539643286719        921.36524560632370        179.09841512513086        926.72063302328093        179.30482362242449        932.82972568173579        178.92686621879591        934.43521122023515        160.85976549201143        942.68415704723520        170.49806605574554        949.17126007313539        164.27353048283868        959.33384838905420        152.10944543130677        987.44544116650195        149.18912265958775        985.26827995539304        140.79233448968662        983.52492703527707        136.15875950478207        977.29285871697448        116.34926079388362        972.82836222634307        106.24210386970796        973.76153027643124        105.42709135704555        973.55724945317570        93.074211565849140        973.78234808668094        66.343724963561726        970.00158452012022        37.534953735312392        951.57066624361698        39.564338869073879        935.83184059737516        37.993581970994882        905.95308430081900     

 RouteID =          26
 Route number of clients =           20
 Route length =    1584.9493128915913     
 Route demand =           20
 Sequence =          546         361         571         572         732         723         678         112           7          21         717         412         790         748         176         232         542         263         355         204
 Visit points =    291.90714512039654        528.05232299182683        294.23809608172184        537.68467297569930        302.69218361392535        572.60458667479088        308.17575737952149        595.25086294531980        309.97293917114416        602.67293422606031        324.71719666429931        603.94875921673236        349.41646161749361        599.32538805717900        352.19433262351077        614.65451303864620        354.84552193584977        629.28457045684274        344.73207422063427        636.13579075703558        303.92669667133248        663.77884967177181        279.78915716256330        676.80161032108231        276.62267154888309        678.51000252201322        257.03955558338811        659.14134874846775        254.20184033440779        655.02903698498778        225.35174245684846        613.22054442321121        225.67860405634809        607.39669449536621        226.61483311132505        590.67262271687900        226.94598899176447        584.72127970981796        228.61298957982711        554.76290397640400     

 RouteID =          27
 Route number of clients =           20
 Route length =    1362.2029249813277     
 Route demand =           20
 Sequence =          610         558         726          76         174         285         149         778         391         269         348         169         304         190         411         616         710         528          65         459
 Visit points =    338.47830928606851        278.98902860683341        335.68662000619099        294.56502383125991        338.55868678514980        297.60109894934266        353.93881805704541        317.04124766736095        390.26173848158209        324.59422814048088        390.52027376800999        324.84888173444011        449.52491979488798        382.96762203738444        457.86292275563596        391.18043681303641        460.50644256460163        393.78426636898740        471.30140283618385        399.21029269790790        485.17748674816505        406.18502857043603        480.09732306222332        443.26312699723070        442.87835889077991        427.83088759883572        420.46875681570640        418.53910982521768        324.45090956116576        365.09490738837218        296.22088354482952        349.38187831769449        270.07742168035395        347.54719367336128        253.78792667768963        345.45693724212566        247.67367459262070        337.12382488874869        240.67281595031582        327.59452692488020     

 RouteID =          28
 Route number of clients =           20
 Route length =    1275.2233405929885     
 Route demand =           20
 Sequence =            9         781         704         645         563         432         644          34         570         665         180         489         646         251         171         332         567          59         396         302
 Visit points =    44.016354647114852        416.39672995719894        68.338923118210474        477.25210794553516        68.344945139142382        477.26580806043319        75.058617497131806        492.53877175493648        77.728173723291548        498.61137018628705        81.514116168587563        507.22347879415133        92.495846165025171        527.76740340220977        105.07898011199562        551.30713304622032        115.82533944714530        571.41074113565958        121.74543775068888        582.48568590845480        129.09988612615976        578.23129125118180        141.22826206079361        571.21527928897910        152.98465846124233        564.41444971192050        160.20894337134132        560.23535189859535        190.89013806240777        561.58457774016244        190.89013806240814        561.58457774016097        196.35195599432086        541.93904708050570        153.56324661208583        449.27446132500990        141.72256004617262        421.91016287185789        112.15611988277965        355.60593069535463     

 RouteID =          29
 Route number of clients =           20
 Route length =    2171.2038731531334     
 Route demand =           20
 Sequence =          586         608         224         415         132         605         465          52         137         611         441         598         445          22         430         438         387         177         450         517
 Visit points =    831.83176293150984        172.16272836003992        864.87838355998394        174.74800918005596        875.55999564675153        176.95261420523281        907.75777409779460        180.09088624137689        915.43396249121838        179.49616491756390        969.05877296297206        181.28442454070233        977.19193298629705        168.83083538970232        977.54923510957053        153.78818717775812        980.08017738757508        140.13901213426746        978.39416930723701        120.03867599251907        979.43137467630663        113.40331147631943        978.04114385209755        107.17136878404941        978.26912373754908        68.244226317812505        989.00000000000000        42.000000000000000        998.00000000000000        17.000000000000000        920.27906753078844        19.541162486394445        907.42947728003287        31.107546749303861        880.77840278318911        15.160188270561248        865.84768255457084        29.351199762652634        849.54632299671209        28.405113789680879     

 RouteID =          30
 Route number of clients =           20
 Route length =    1371.5286765154656     
 Route demand =           20
 Sequence =           41         463         670         764         520         421         231         763         439         464         267         130          57         688         133           5         198         494         375         612
 Visit points =    11.312004268351908        412.86765887775192        12.899523565365962        470.80873773273146        13.400478096218370        489.09202671588838        13.599815409942162        496.36676372218869        16.147129522752333        589.32990453747300        16.750908294571047        611.36455299468332        16.474994659814264        662.65428331018643        30.107895930249580        668.01432729406474        35.906506982097852        670.29416558136404        51.470727276557767        670.06946431165647        50.021312434509689        628.39947738400542        49.834698348126992        623.10541713724331        49.380957843390476        610.31820588905600        48.709252802794140        591.49250342318726        48.397974243749701        582.87862274135921        48.360294063901328        581.94326641360453        45.670442403098860        515.17156357731380        45.670442403098846        515.17156357731369        43.785753171205180        493.91189874021313        39.480826418852914        445.35147914715395     

 RouteID =          31
 Route number of clients =           20
 Route length =    1359.7013626081043     
 Route demand =           20
 Sequence =           61         317         330         614         515         256         619         448         513          72         470         652         244          71         349         772         535          33         511         449
 Visit points =    459.75652854065578        47.989958360618367        470.86301080307430        55.840735112102152        479.67265953163104        69.583518786427518        481.74831316056253        72.821105713805721        502.55607449198538        105.27687537384193        502.98742059452019        104.66548442523666        514.11750675545670        88.889674939525392        542.67551418881749        48.411490130728687        560.79682423405859        47.596695727416069        575.18631711322257        55.859332839027360        580.13212633450337        58.699229735844668        605.27003882232214        73.133486390842279        620.74627083621863        81.713544098332207        613.09889112758560        59.898898937018835        601.10578484487007        25.687787692730485        597.33880438284473        14.942232320879768        511.54112272778474        16.124288798894096        480.33989235919478        16.553568113342710        463.20451023979689        16.788888622952882        463.19809032182917        16.788655932455821     

 RouteID =          32
 Route number of clients =           20
 Route length =    2858.7664539664697     
 Route demand =           20
 Sequence =          624         540         741         514          36         316         222         254         467         532         295         759         458         588         408         241         326         603         409         564
 Visit points =    844.74791111584534        916.49472667008206        851.01937459801604        924.77898158235791        856.87680643561987        932.51632368916671        858.00000000000000        934.00000000000000        843.77320117067245        970.12696453344347        892.99314290825646        966.63001628616951        899.80628437675125        966.14601232331063        909.41411129668847        965.46347456518322        923.68062362710373        988.62454449582299        929.92459435570140        984.60150173206762        936.88298265377875        980.11815373093646        947.19603262394844        973.47336904967619        961.58912662491900        967.34570085750443        963.89565404245593        966.36372751043530        974.04989998139888        974.27445404975458        980.24644174441778        973.34119378064736        972.25101498848369        933.08967170335131        930.08532122238944        912.41336639293081        902.44466188553884        898.85541844165755        889.20799400253475        892.36273489098687     

 RouteID =          33
 Route number of clients =           20
 Route length =    1902.5507571278126     
 Route demand =           20
 Sequence =          437         634         329         617         205         794         378         518          12          37         423         271         491         322         531         561         235         100         473         523
 Visit points =    738.88212063352421        51.441694873899294        746.32228073938472        51.956312019329950        753.45543034025673        52.449694020967137        866.94996400363380        92.709624222055282        895.23182046565103        95.866553240173488        903.21707702641618        92.816949090672239        905.22744637915423        92.049180306602935        909.54909192006551        97.335447333664916        928.44326524545170        109.65009903193514        933.77112350568905        113.12263376383409        921.40195401021458        119.44833390858062        914.49425818549537        131.48951203019092        892.91945303550949        128.44664383591984        878.71966898610458        126.44292178799697        866.70733069305709        124.74702580797350        839.70564086057493        120.93460425040827        821.77647911853899        118.40315073181459        791.28006135086810        117.58443178004883        782.84564423961058        117.35799806613886        782.76740543068638        117.35589763597956     

 RouteID =          34
 Route number of clients =           20
 Route length =    800.01760078010227     
 Route demand =           20
 Sequence =          405         400         627         742          95         333         456          28          75         506         508         121         368         154          46          35         562         497         364         419
 Visit points =    105.59700907810651        83.833861795770289        149.86882113577698        118.98141953337451        169.34651290823930        134.44483212818980        199.61324876799247        151.91266999270684        206.04134167859399        158.49623871132601        214.95731256250795        170.62875254751935        192.05601272530905        203.32003553526241        145.99888888978393        223.22521469677110        117.21152585069183        235.66425244003801        100.45480290242890        242.90391079879453        89.924351295165422        247.45353975877416        89.924351295116978        247.45353975878760        75.258034058403354        251.52153667123349        39.629802592742870        267.44128810696213        33.985399340620475        269.96300294983700        28.340927117938808        272.48446033338826        8.9265426420378500        281.15711229315048        13.466345667467413        266.44424872816222        26.504178799417254        224.19046393200134        16.746380733573833        173.43760399511177     

 RouteID =          35
 Route number of clients =           20
 Route length =    1984.9707898486693     
 Route demand =           20
 Sequence =          680         770         481         673         761          51         425         325         108         507         184         168         392         503         170         716         371         202         426         307
 Visit points =    471.32765380354351        580.17621354690255        476.13826453178115        588.63195347770784        482.34637551249193        599.54411916776985        482.34637566750820        599.54412014842808        489.51910025954248        644.91993812769590        496.02690554259448        712.82040235655654        488.92968814498943        755.69806137980515        486.76725725670440        768.76233278292057        442.73234033345676        782.89813191517987        424.64930700757793        752.23621804734478        422.22672639527730        748.12844714776111        436.61550132018266        733.55739214003665        443.80009407552450        719.24898079984393        431.61171571511778        720.75601419526186        410.25136845905411        723.39711670297368        401.07317603829398        701.00497793734269        381.44718744417185        691.24257321518655        375.59976809597777        692.14166901136650        340.47240495374115        697.54283192639230        351.38646324052752        704.24708524206392     

 RouteID =          36
 Route number of clients =           20
 Route length =    1926.7062411211555     
 Route demand =           20
 Sequence =          436         574         376         700         746         451         418          83         472         188         214         660         618          26         661         217         193         533         367         492
 Visit points =    737.30837893164926        254.50605707110151        752.94191100494641        260.72707600156014        766.32273029367855        236.43429628188736        766.80827558476096        236.49461055944511        790.00000000000000        245.00000000000000        810.55562335535024        247.30817660740937        806.34911880076390        267.45507067187884        807.86104087657111        277.60260201276077        807.91905763154227        282.57797644129477        819.55566196576035        303.26671599030755        821.46724072597999        292.65855764513765        823.27918622557218        288.57562614594821        854.26876455558522        246.35022021792341        841.16852802671406        231.60444959513799        830.77739304332397        221.97648747505255        809.54083374205800        197.98128139843234        813.96186982498728        182.27879431273666        805.76428334735544        157.89055612790347        777.71500807439327        152.67547858829414        751.48637807731825        146.23700242304076     

 RouteID =          37
 Route number of clients =           20
 Route length =    2292.3834006142133     
 Route demand =           20
 Sequence =          711         107         712         512         161         607         756         541         657         276         142         635           1         475         435          32         559         145         390         288
 Visit points =    688.45876138773735        672.39412896780323        697.05382717732402        685.78826625632632        723.65904982942766        738.48411108786718        726.70114286146122        750.69835096882196        729.40221411038704        753.14923193874267        737.30569688548837        756.60986273680953        743.78631353230287        775.08134234043132        742.31256384018673        782.53128101349171        746.44149919380436        793.76405387336092        713.02427296334042        808.87198987350575        705.15314336231313        822.03285023082412        704.93937324892943        822.54580011686949        687.84430783988591        815.83310575756218        679.50480512306922        788.58750719094712        674.85360532399193        774.79765445905900        621.37183524735019        790.26987417898204        596.35920772932627        789.16492259622157        583.59093727077300        790.49670531322386        572.27123614036429        783.18657301155349        560.67133949907134        770.62101094123943     

 RouteID =          38
 Route number of clients =           20
 Route length =    2082.4917284367884     
 Route demand =           20
 Sequence =          729         568          60         212          24         236          68         675         677         135         372         249          78         549         257         140         702         447         454         692
 Visit points =    788.06368133061756        350.47541911345922        800.38090838263622        368.43741864112377        825.96870234981805        410.25371731801681        837.74345293937142        429.49634871211822        842.11809747616167        436.64551689716291        834.88464280899836        458.13951040510381        832.83276854177677        464.15518568522299        828.13357683043716        477.96896825103926        826.22076511114051        483.62466016839636        815.86303843566111        514.25795289381267        812.46252163780878        524.31508509569960        808.30964433204917        529.46110793018363        791.03054444921190        550.87244181021242        786.35372807065994        538.87599635130823        779.84154492011862        507.74709256900195        775.43285719620894        486.67311280041827        773.01059119652791        475.09443273320397        743.23897456175996        432.38776751229744        732.31812561387528        425.08112003284089        714.62594711570466        423.25851364917742     

 RouteID =          39
 Route number of clients =           20
 Route length =    2229.6201742814601     
 Route demand =           20
 Sequence =          654         744         286         606         136         422         626         590         160         123         575         200         667         672         760         242         509         291         196         462
 Visit points =    692.59262925696999        622.33354947313296        709.02298096824825        634.14424154890150        716.16177478482894        637.64694980796764        728.04589755506197        649.05274806912303        765.09824449751545        675.82652107129729        801.32064663662015        696.30447395661213        811.77583214808396        694.75570798523381        815.25051551724403        679.67527836250258        817.98912246416273        670.70664519505078        851.35498384564664        669.32438779603353        829.72958617781546        641.73076801062587        829.33579430752923        641.87543322535328        825.42815458063626        637.42684834288127        819.09048842481752        628.87827205087331        804.87620342202842        612.62337388869537        800.00000000000000        608.00000000000000        791.89598117428113        603.96503683531603        765.41826276537734        610.29334009612160        744.75231180326909        605.53299168921797        728.52156023445536        593.05081397527931     

 RouteID =          40
 Route number of clients =           20
 Route length =    1745.1731084983930     
 Route demand =           20
 Sequence =          788         323         474          14         191         768         739         557           2         398         725         537         719         689         483         757           4         144         385         336
 Visit points =    427.53800396318036        484.66807734047370        441.17766698000247        507.11098032234128        438.68729148656240        511.07678412652405        418.93324067391848        541.14283343792135        418.86514086419550        542.29717150341969        452.48888077373550        554.91904954428287        476.30639108294861        527.46386871418144        480.92577381438798        522.84898064372817        539.22974704143780        523.52226900661162        578.86723469598246        497.88124109201925        582.22505752526865        495.62965926216685        581.71252535570011        494.29851978866844        587.08574333793013        483.99463434083378        576.10171757825185        472.91442878103265        553.66086446210943        452.40864833487478        543.28797352689617        445.29263752304638        542.00000000000000        420.00000000000000        546.13094412184626        413.27080169310358        564.24595108154176        386.10449231503151        573.35057569887169        359.25736479323098     

