 nroutes = 59
 
 RouteID =            1
 Route number of clients =           15
 Route length =    2131.6214549898796     
 Route demand =          759
 Sequence =          598         802         736         805         387         864          18         648         374         459         406         850          95         585         667
 Visit points =    144.13981163808614        573.61947552584741        224.32354718759785        892.71904842594734        235.86597353216411        938.65334285037795        249.09495677790017        964.56050910149020        255.86643929799732        964.89584390103050        256.45306130659725        964.92484140883005        333.75264052971198        968.74586264321988        348.38393464888162        966.00867599872186        350.79467489073556        960.04193628646556        357.59817833500597        943.20436894463819        359.85329339263234        937.62452357031316        357.57606711401257        928.10323850069676        356.40633832625201        923.21249867963888        352.42923675599206        912.91046553964668        345.36709149037387        894.61712988597662     

 RouteID =           2
 Route number of clients =           14
 Route length =    1316.1080185767000     
 Route demand =          753
 Sequence =          833          76         692         429         172         791         323         659          12          90         424         245         497         645
 Visit points =    113.63942665176548        454.72033791913105        87.046126392127121        541.69982034868383        85.132827707803045        547.95770213360208        75.400760033608748        579.78865959304744        75.204550323940055        580.43040841053210        65.282490372487430        614.88238685767271        58.787184011275947        637.43583108315522        56.557726718133551        645.17715120245293        56.557711278221873        645.17710405981552        56.557711746836013        645.17706545998089        57.010886172616274        607.62793832422483        57.473694083365544        569.14051157193819        58.023164763913954        523.32809201012765        58.295191907034457        500.64767965327752     

 RouteID =           3
 Route number of clients =           15
 Route length =    1899.1617227540844     
 Route demand =          762
 Sequence =          214         517         718         673          15          36         526         758         336         696         211         379         399         763         773
 Visit points =    405.30431799658555        791.05455253672039        405.92765247515854        792.26840726008879        411.13354914258701        802.40408296920020        420.45612125361816        820.55428659745689        423.25990536951969        826.01300035447548        423.25990536952077        826.01300035447741        424.13267433196501        827.59103884327612        424.24451777896275        827.79326104832353        417.13279043598413        830.89318330232402        412.59842027336339        832.86961408884008        395.16238670936440        840.46950207903251        391.39471110305510        842.11164420581576        387.27787959832227        843.90589962785384        382.00000000000000        828.00000000000000        370.80625340872422        806.62107610889120     

 RouteID =           4
 Route number of clients =           14
 Route length =    1140.9888029910551     
 Route demand =          763
 Sequence =          637          49         321         307         581         582         244         171         120         626         713          40         632         386
 Visit points =    147.50960847827926        470.76153082251687        152.95049295728879        488.12554617575512        155.99465474657194        497.84067103289527        157.15148298745211        501.53256771131169        158.66419361978313        502.78732199705053        186.54161405363126        525.91092013743855        194.22511483388095        532.28418500875102        194.14246875511625        529.27842792080332        193.98304165050070        523.48196886322978        193.93904307200873        521.88411223342518        193.89499534848829        520.28622095788694        193.89494843593801        520.28609507434760        181.66691293150970        487.47391438051608        175.47625712635573        470.86228615816276     

 RouteID =           5
 Route number of clients =           15
 Route length =    1758.4074825123118     
 Route demand =          758
 Sequence =           67           9         596         203          19         535         742         635         477         603         481          82         414         694         453
 Visit points =    154.24097000949141        624.38735062193371        193.31106184802260        782.62540496361873        196.23028856371641        794.48855601855223        199.36756756916853        807.23782778393638        196.48298988176131        828.20470266702296        195.20599637991143        837.48667246686136        194.40240415030951        838.26243305892569        178.03473434214342        854.06322449687343        178.03473434214342        854.06322449687343        172.25094305216780        833.42826956119404        170.02932828661667        825.50216741241115        169.13873083753526        822.32476399201505        169.13292972259634        822.30406723112924        168.89920213121533        819.93321289392975        162.13463218778602        787.09412604464615     

 RouteID =           6
 Route number of clients =           24
 Route length =    2178.8260554842823     
 Route demand =          756
 Sequence =          110         547         579         255         554         851         854         276         461         470         691         677         115         631         395         305         410         349          45         212         150         704         590         326
 Visit points =    386.71367750250261        828.36802581246911        404.50644684587309        866.48147325055368        415.13696777106702        889.25286765726310        418.96246205769745        897.44737099482040        423.28283546561158        903.95013093679529        430.32395006908405        914.54798294339344        436.89084025846114        924.43206157155225        458.66316264137913        957.20242016510701        456.00000000000000        964.00000000000000        455.40751687469185        969.69940662582678        455.40751687469179        969.69940662582678        437.95056278944656        978.42240692047119        425.75827387720369        980.30742513855239        422.65542424283967        980.78714868602094        419.17059881426138        967.56350309706374        415.26035952780848        952.72556657719451        414.00244936109380        947.95225480927422        405.88842882559948        936.14122519549642        405.02288107082660        934.24681501231305        401.41843722147996        926.35782784174796        397.97718233721088        918.82600968412441        394.65246773207974        910.66009153552864        394.65245073744916        910.66005232035582        387.89301494974330        895.06266242302718     

 RouteID =           7
 Route number of clients =           17
 Route length =    2023.3858843874045     
 Route demand =          762
 Sequence =           80         236         703         233         627         594         726         747         768         130         830          50         838         548         200         234         475
 Visit points =    71.751602763467005        734.29028495201203        101.48091510323911        850.04036997855621        108.63142928692062        877.88065821951159        108.63142928692069        877.88065821951193        105.39354570253660        929.92498377649349        105.17503198520077        933.43727776338687        134.25519375690473        945.88093082419209        140.82415816667086        948.69184771013738        174.84649460166409        963.25030076588166        182.26746903981510        946.93768239588701        199.69314935607355        908.63294557112624        178.48034701586397        898.95860332705240        167.62870991539734        894.01572927249492        166.71411815810751        893.59913665833301        161.05280763491857        872.34040135971452        134.48693076917692        772.57223570973258        120.85706738639125        721.38527603839702     

 RouteID =           8
 Route number of clients =           12
 Route length =    1066.9851193587360     
 Route demand =          752
 Sequence =          789         751         375         583         801          66          69         784         624         518         144         530
 Visit points =    255.04624373186695        396.76164394731450        260.58282693060227        405.37460691292756        261.08480109579796        406.15550096605278        261.08480109579801        406.15550096605284        284.96273780462445        393.27023465993409        284.97306187316929        393.26466347620141        304.01389250163834        386.20323912280617        307.18232509367550        383.87832482563545        332.71259008797284        365.14487338817327        337.94686804354575        359.74862251385832        297.23269139823100        316.41631349714390        241.90178355459156        257.51430712639115     

 RouteID =          9
 Route number of clients =           13
 Route length =    1640.6250000039922     
 Route demand =          756
 Sequence =          109         389         724         227         674         421         402         732         490         318         290         382         772
 Visit points =    277.33046510157709        724.60716590499862        278.30219712596437        727.14610077446036        274.97624678918686        741.32803923329595        272.33853141815263        752.57532595621660        265.50396747314727        753.32066052168068        248.03388125213286        755.22583809761852        248.03387922810936        755.22583815678377        248.03387737637897        755.22583804922590        222.50199174145436        753.74281600717393        218.72851335765031        741.03651498052500        216.39682793389971        733.14849234761982        205.44470410057087        696.05697200589691        179.12798037673093        606.89459077768743     

 RouteID =          10
 Route number of clients =           15
 Route length =    1442.0196040090616     
 Route demand =          753
 Sequence =          543         325         658         485          24         181         601         656         432         362         287         140         101           7         259
 Visit points =    228.46775910145132        570.31555836095708        237.32177856300711        601.21995563637756        239.29898690663993        608.12127682877167        239.64513672068207        609.32949095303695        252.18645312206800        605.73393192882929        273.32749386653222        599.67333677044792        276.13775681104892        598.86816374901105        285.75623813289570        596.11269362259134        290.52748786659924        594.74608707801940        303.28033875177124        591.09334818269065        309.72516276206949        594.62943974322366        339.61780549754781        589.66815406834303        339.87520476175041        589.62543348008614        309.79707175180346        563.79388379048305        301.71072533442720        549.07769352261516     

 RouteID =          11
 Route number of clients =           14
 Route length =    1685.8043272097523     
 Route demand =          750
 Sequence =          166         142         163          55         686          57         197         344         622         617         333         313         332         503
 Visit points =    697.01229854639450        145.52298647094864        739.26879912040636        157.04141089416203        754.33682574077409        157.75845804982200        767.04139872257929        157.34527835223562        773.89786411250873        154.46476862306156        788.19193332872408        148.45960370131164        812.40146251117062        138.28879696885338        811.71298644431965        128.56804613809376        810.62215802033666        113.16639048265779        806.35584162866678        100.26876390110807        794.94444819926980        93.192185092296171        772.66884147360201        86.414330808404586        722.66337432235014        80.821700917970617        434.49373943634004        48.593196095462439     

 RouteID =          12
 Route number of clients =           17
 Route length =    1343.1046284703973     
 Route demand =          763
 Sequence =          268         368         191         488         480         610         437         272          75          61         754          52         492         182         152         710          16
 Visit points =    174.76838482647332        454.85954908004220        195.00116376459073        593.56286217054890        195.04613751700603        593.88177655979632        195.08989270358907        594.20271941575345        184.14890559670837        598.23848384374867        168.72557892666146        605.48585853417080        148.89852361930633        614.80253205995280        128.20133443587054        624.52807887132860        128.20133443587028        624.52807887132872        126.57289270249878        625.21316177997710        125.85500391916852        625.51517647641435        125.13711513583831        625.81719117285161        121.37598966854159        607.00760799653176        120.30325415119948        601.64280213852840        116.89068186259496        584.57635145352981        111.31969225844546        556.71554403170751        83.339170415268256        416.78350573563785     

 RouteID =          13
 Route number of clients =           15
 Route length =    1244.6249585530136     
 Route demand =          729
 Sequence =          295         606         670         690         661         425         519         505         725         762         808         721         215         216         372
 Visit points =    165.44860383560388        440.72011682859744        157.20982344216910        464.55275206753947        153.57998641243833        475.05338312913415        144.81403821640333        500.41209404581764        145.90237134834854        509.10762703514979        148.53174237291665        530.11570058746497        153.91402153592088        537.36356486171098        167.26526130747541        555.34256052999365        172.18267221771893        560.35610586937139        155.77926572710729        573.77315272158262        154.47960565765510        574.83620020832075        140.41322821803340        580.16082056845039        131.44500602918831        574.45211506165970        134.84324529468162        554.37414286411979        129.19676394614868        552.61300159572409     

 RouteID =          14
 Route number of clients =           17
 Route length =    1785.8927222884870     
 Route demand =          761
 Sequence =          792         308         445         360         599         698         502         523         405         507         597         141         494         294         605          71         177
 Visit points =    763.40225350206777        63.283579137066788        776.09643313207698        63.206018250293610        814.39986197195810        62.971985961964293        847.42482141479206        82.277895609841934        858.26221822154412        88.610203383582700        860.44624420847174        89.883565776039262        871.99589739709063        96.616426994372020        871.97312238718030        101.82586798219833        871.97166940402712        101.82842010677228        869.70904220408079        105.80266197347031        866.48084886880338        108.88208871542308        863.01848777577084        112.18489200175394        850.61984697844821        124.01215974587470        840.78782521121548        133.39108730801487        840.78782521121548        133.39108730801487        823.02500809026867        136.80930116132444        723.73706387135053        121.55600446298492     

 RouteID =          15
 Route number of clients =           13
 Route length =    1395.8265422268692     
 Route demand =          763
 Sequence =          316         180         859         846         633         300         752         746         616         327         165         614          91
 Visit points =    152.42766529743861        606.15467498661815        156.76146354624086        623.38876476837925        157.08324630933686        623.94702197063884        168.29737678121049        643.40228751304744        178.02578394263796        654.74272226129438        172.53709182694294        656.98684033739505        166.48498042587119        659.46440823511546        163.95654070425169        660.50209028409301        156.64841943560555        663.50224065514169        153.00000000000000        665.00000000000000        143.08020655847980        662.34584097383015        140.95119123522551        654.87649192424158        136.87548891866109        640.57746697495043     

 RouteID =          16
 Route number of clients =           17
 Route length =    1327.1629174060258     
 Route demand =          764
 Sequence =          370         740         322         352         139         771         856         757          33         556          89         118          59         250         668         340         436
 Visit points =    168.76102578526113        607.10270633918014        170.21342537190279        610.80582728583045        171.92321655315524        615.16501666121303        172.89640593040951        617.64610451025635        174.00456504367045        620.47128959214808        174.00456504368825        620.47128959214672        179.98975437057621        620.01450599110285        188.68223448622660        619.35096467990604        191.43534150219097        619.14072823676429        194.18844683198594        618.93048386673672        194.50667419744519        618.90618203154997        196.07010550879070        615.95016829906263        197.63353346470166        612.99415451305299        201.27757521663352        606.10426408924206        206.44722605431861        596.32985867646130        214.39623508402667        581.30044192749290        198.63633184862604        538.57003338332049     

 RouteID =          17
 Route number of clients =           14
 Route length =    1540.1763860223384     
 Route demand =          763
 Sequence =          328         137         315         685         720         538         302         580         734         114          84         462         575         106
 Visit points =    58.043261019496356        526.93717532587868        69.265272762221912        628.81455205010184        76.978198564144691        698.83521016230077        79.352884148362804        720.39344262643942        82.597378274835606        727.34801647008783        86.271497854479733        735.21931115459529        93.939069129576865        732.30954006195145        94.266273123705361        732.18806070660969        119.36834738259074        722.86854183327557        127.46711830486058        717.54569005992414        142.39473042425379        701.64047638736292        133.24807943880174        698.08352230429887        112.58472994334066        690.04794890431197        110.54951983448004        689.25649540749453     

 RouteID =          18
 Route number of clients =            9
 Route length =    967.45028290753760     
 Route demand =          654
 Sequence =          743         766         253         188         329         611         186         586         815
 Visit points =    247.88012563888969        323.97420853698247        267.50067523846178        349.61786194081429        257.91345556383743        353.80242426201823        248.84776514030847        357.75935315793242        236.75297080360852        356.87871583011355        228.89567147290722        370.11971821047490        214.06430192052292        395.11331859168996        214.06430192052281        395.11331859169002        204.34881771196845        387.00157815187077     

 RouteID =          19
 Route number of clients =           15
 Route length =    1897.5119661033339     
 Route demand =          763
 Sequence =           78          65          28         116         285         501         266         811          14         650         170         359         664         337          86
 Visit points =    149.50558833920667        771.70817693756044        149.70868469160362        772.74538502279506        149.76380321629730        773.01611937841415        152.00000000000000        784.00000000000000        156.19680933939742        790.62882188325761        157.14249108067406        792.12251752540260        143.01368608475559        803.89644407893070        138.05524633916292        808.02844996347426        138.05524633916289        808.02844996347426        121.00000000000000        840.00000000000000        48.716938289545098        888.26023115331213        34.645696315211218        897.65498248545327        25.488313911779464        903.76896522347226        20.932393991620671        906.81075320616139        29.078437811321805        850.69140957669094     

 RouteID =          20
 Route number of clients =           21
 Route length =    1982.7187343011815     
 Route demand =          762
 Sequence =          367         688         178         775         498          68         354         678         735         339         147         159         232         482          17         280         254         284          11          13         572
 Visit points =    873.14582650230318        188.34867464336384        884.46882141389369        190.78067585041038        908.35120437602723        195.90946734133098        910.23379999415442        196.31375867199105        910.94951084336844        196.49660498170229        917.77442737581021        198.24020130054348        927.27809842292402        200.66815273034601        929.92889917384139        191.21542856654912        934.04616373047929        176.53331179492656        940.32559703914990        154.14092679530788        936.45572249557313        137.58274834967844        936.45572249557256        137.58274834967793        931.01059019860622        132.25145601778377        919.68980366902588        151.99540242724592        919.68980366902588        151.99540242724595        905.43932467718605        163.32560720545698        903.04110816669106        162.89339641300768        894.08343881056010        161.27880839129281        874.27497622205988        157.70788251708285        835.08909115141330        150.64275605892789        824.74195441973461        148.77622324093898     

 RouteID =          21
 Route number of clients =           12
 Route length =    2006.1012555779455     
 Route demand =          764
 Sequence =          369         433         271         153         629         174           4         464         160         324          10         528
 Visit points =    427.47500836651420        846.50841959786237        430.63554760694734        848.83032636118151        432.62884119842158        850.29378430091231        433.81077812225783        851.16070463748815        441.85286692287991        857.05911706253937        440.42392815296813        861.05693390689009        428.99300897082304        871.03948187499532        421.47210367358724        874.92954097655866        413.81936896049120        878.88778657944772        397.68907123043073        880.04514448941256        365.58960797450180        882.34829898330906        364.77074124236003        880.37196909745069     

 RouteID =          22
 Route number of clients =           14
 Route length =    2058.1544876608609     
 Route demand =          760
 Sequence =          639         400         760          32         417         218          63         380         839         587         817         474         304         679
 Visit points =    511.13372740084935        685.94803592844301        556.35128952591072        746.63058584914813        580.34054836805706        790.18681845142794        580.33774127527022        790.18893315164632        524.43420088796597        802.43621762240411        518.77069668028037        821.45041348916220        518.65584597079942        828.02099083497671        502.15094903815623        818.78455371148630        495.63163857237072        815.13623030532960        479.08159717354118        805.87452943602807        469.01584822738869        810.45473095684042        459.84067201713395        803.36546520617492        446.42807063466068        779.93350510745802        363.48549899006389        635.02843555519792     

 RouteID =          23
 Route number of clients =           13
 Route length =    1993.9016997719732     
 Route demand =          761
 Sequence =          377         560         202         578         293         555         700         565         662         145         852         108         824
 Visit points =    749.78906615409596        189.04718066229913        875.59557874032555        220.76824099474160        875.73969973149610        220.80554266857766        892.51717255572498        225.14826822607796        901.90955302466239        227.57941689402972        914.00884829599863        269.23865181742190        914.43273272411159        270.68175629727790        917.71903313658004        281.85483890225964        900.33133031986870        296.42250905078146        892.00573771401719        303.39387846184422        879.08370630072034        314.21117180242896        844.30500358804341        343.32512588714758        842.29438042789252        342.50753337420866     

 RouteID =          24
 Route number of clients =           15
 Route length =    2207.8971782147223     
 Route demand =          762
 Sequence =          384         345         407         741         198          93         366         205         546         636         693         237         187          88         458
 Visit points =    666.53875142108564        263.32977588649237        734.35487250209064        290.12192252114539        760.00626193620099        299.40488687316343        765.66825308546947        301.45390110434607        763.63025128521906        334.10183257052086        759.39576023882307        401.93659771149521        776.29958080523932        496.68565952913178        708.09373580855856        555.04402275090786        600.22454539160378        647.33898119216349        587.70430072673685        658.05154384839182        475.91897848486764        629.99970490609974        450.13846879502631        623.53024459444202        370.72338117377973        612.84250523740297        357.37005493690498        603.09650979440835        353.83088539648816        600.51342827591475     

 RouteID =          25
 Route number of clients =           15
 Route length =    1460.4030405398400     
 Route demand =          761
 Sequence =          121         385         275         443         219         222         831         861         550         134         162          79         230          27          51
 Visit points =    301.06721256976226        618.94603237801380        302.21818346778889        621.65737683381508        311.06719253659509        642.50300526732133        297.73670473966951        645.72028115136288        277.56797686062197        650.58794712169743        276.08562323182241        650.94570901715178        274.60326960302297        651.30347091260614        262.61964145677837        642.37622709773484        262.13491071323227        642.01512531124831        259.40989262026039        635.33861386485648        258.64192773114468        633.44883909656858        257.28682747192806        630.11485335406087        255.93283940628277        626.78958514709859        255.04222987319679        624.60836897699505        201.28713971432191        492.96005644051991     

 RouteID =          26
 Route number of clients =           14
 Route length =    2049.8732237953227     
 Route demand =          761
 Sequence =          357          56         167         834         381         739         431         628         391         584         127         281         289          60
 Visit points =    471.35365408918847        851.11000146396714        476.30584506597677        860.04836397815973        482.66041363018621        871.51792113264457        475.41665705896543        878.72583544593817        461.46620707851338        892.60706795361898        459.12478071044779        894.93666673541452        451.56503954090005        902.45794763142260        451.47037280932443        902.55186081210854        450.03086154433657        897.87734434778997        447.22381279546420        888.76235499115501        443.68353302281719        877.26647677445919        443.68348722251460        877.26636879485011        428.84074996738747        842.27286706639177        349.53988536335521        686.52048906602340     

 RouteID =          27
 Route number of clients =           12
 Route length =    1543.9784390315717     
 Route demand =          761
 Sequence =           83         449         365         794          96         297         358         836         819         164         568         228
 Visit points =    190.32528703736676        739.35002593252102        190.32523834455154        739.35007000128724        190.32519901607910        739.35007780603360        182.24102196831714        740.95480386656595        176.52462346213372        742.08955215205344        176.06418360206132        742.18095294246757        173.47287416290962        740.92266058575433        170.87950960145741        739.66377531988894        168.28614504000521        738.40489005402355        165.00162670082190        723.99310111828765        164.27731642892769        720.81497705729680        160.99015681518134        706.39159875362611     

 RouteID =          28
 Route number of clients =           11
 Route length =    1128.8366703198799     
 Route demand =          681
 Sequence =          451         814          41         409         247         446         707         469         408         415         853
 Visit points =    22.144225882388010        365.91760291338068        24.155506253978803        399.00588131257462        27.389187106040332        452.10891963583816        33.479455926460119        552.12243158976639        33.479455926524729        552.12243158958108        35.123427599729432        547.40478135280887        47.409386377130495        512.14817853004706        74.100735492383834        435.55291139541089        90.011010849151333        402.00923675080196        84.385659306305513        378.62571285602843        68.289987488217804        360.18729455278691     

 RouteID =          29
 Route number of clients =           19
 Route length =    1715.4089482478025     
 Route demand =          763
 Sequence =          376          47         430         264         873         539         173         759         251         122         709         593         848         320         484         875          92         767         435
 Visit points =    200.58998479295090        650.45624398161976        227.31975371390368        737.15650422871818        232.28669568760435        753.27492657155528        234.76491165965066        761.31708448395091        240.42894805142771        774.04509475972418        240.42894805142780        774.04509475972429        241.74211167545025        781.61861357868122        244.88460727074113        799.74259226194852        245.08472830252558        800.89676709025071        246.01633934143564        806.26972565083111        231.90234198624333        812.14250058505502        231.90234198624327        812.14250058505502        222.04166640900627        804.47404530641495        210.74053967636576        795.68378286229461        208.43350398758434        793.88759422772409        208.32863774849298        793.80425571695207        194.88781535736584        783.12191649023089        184.64627113849551        774.98226205780122        184.64627113849551        774.98226205780122     

 RouteID =          30
 Route number of clients =           14
 Route length =    1107.0751345215822     
 Route demand =          758
 Sequence =            6         465         653         155         621         426         660         131          94         206         842         533         483          31
 Visit points =    214.01833403323238        445.51258925426379        216.53264677060361        450.74652392103536        219.53912918734667        457.00498664611490        222.75562438683315        483.49517088928934        224.07492180338485        494.36054747731538        223.37317104846719        499.14577062996926        222.95064251077235        502.02698354932215        222.52811397307750        504.90819646867504        222.20598761743540        504.21795385742610        219.31188593872790        498.01655990283371        214.46393755084210        487.62852166165442        206.43778230979339        470.43031708209799        202.57038389886583        462.14337183070097        197.01186711438891        449.46219090131990     

 RouteID =          31
 Route number of clients =           14
 Route length =    1469.2545186108091     
 Route demand =          760
 Sequence =          136         765         654         468         239         780         355         697          81         753         522          20         798         286
 Visit points =    184.48115194082203        656.58693923689668        185.44169866116371        659.98242139952163        187.51539629221767        667.30348183883223        189.59428778674922        674.62538745319034        190.63149334879802        678.27845027440310        191.40922024754275        683.63419185404837        193.01843704682040        694.71590876067080        186.73223187933172        702.04318223618816        184.24770139050452        704.93917972033807        181.76317090167734        707.83517720448799        179.54484805281635        698.96296548698763        178.00724154587496        692.81328812592733        171.13129031111581        665.31283111481162        170.10738381636054        661.33215564871762     

 RouteID =          32
 Route number of clients =           13
 Route length =    1556.4337513556052     
 Route demand =          764
 Sequence =          471         663         612         175         299         317         277         717         727         199         755         719         702
 Visit points =    82.844052197557161        664.41296043217176        84.246615349338754        675.66777688793877        84.525701322594230        677.90729202162777        73.286066971081070        686.30490312902350        51.596172438966775        702.51035016979881        44.216785200401823        721.71996763583377        36.079088369822095        742.90357691915369        39.712201546149593        749.28182154168690        33.514531495404775        760.42458183328438        18.312408355660779        750.23935995814270        18.057790821372020        699.04868341925635        17.000000000000000        690.00000000000000        16.660714936208432        676.22901799904810     

 RouteID =          33
 Route number of clients =           15
 Route length =    1822.0032747460546     
 Route demand =          741
 Sequence =          401         716         803         210         220         419         644         540         731         826         871         609         695         258         472
 Visit points =    814.19961079570282        190.28889169871235        821.19970138001543        191.92490264912004        825.69253511799252        206.08143465957835        829.06095327805292        209.97180657423962        838.30561567825157        220.64897705998854        845.60767728544465        235.75932337662672        854.67789777314192        254.52856696336949        856.72687083734843        258.76856031269648        855.40938520042084        259.60172278788895        854.09253301524075        260.43834271779946        850.06619937192261        262.99965741410148        820.64812725773743        264.79533636309071        808.32173990899003        254.86655346581426        794.00959310896383        243.33826100258503        753.91620569190593        226.97478179505063     

 RouteID =          34
 Route number of clients =           17
 Route length =    1098.2384922065123     
 Route demand =          761
 Sequence =          514         278         489         504         810         397         589         473         821         534         298         224         756         640         499         128         146
 Visit points =    206.09267943688207        376.31204731365148        220.74468096864297        403.06566526227442        227.91347605610844        416.15542693090720        232.34720194576281        424.25112704390074        249.58476882870107        432.18367858823990        259.55174904025739        432.54582271715276        267.50988764343339        432.83497681712333        271.62589282552915        432.98452934859449        272.91174079873360        437.02732323785085        279.04810688599486        445.43303016110286        284.80760427711988        443.00972743191653        290.46448600424492        440.63418310331792        293.98610902281456        439.15819891894216        299.95516590066774        436.65644518184598        302.01141161863598        411.28356220979100        291.45742313572919        392.50799761463708        274.73689962902176        362.76215606161418     

 RouteID =          35
 Route number of clients =           12
 Route length =    1598.2767484939211     
 Route demand =          762
 Sequence =          761         450         708         874           3         291         226         105          73         689         643         184
 Visit points =    160.90316032380179        721.63702603118043        168.18633861652529        745.63280541336201        169.27291410235964        749.21272953333266        174.54246465634856        760.75400223085444        178.24648588388737        763.54144781129355        179.58684601198189        764.55380101194226        182.98212452019487        767.11842687807678        183.20421087791388        767.28617995522325        200.95821066695129        761.75346475603669        199.40976437799011        759.45021101867599        199.40973680171822        759.45017539259311        199.40972268232670        759.45016225878021     

 RouteID =          36
 Route number of clients =           16
 Route length =    2272.1135187499563     
 Route demand =          761
 Sequence =          542         201         331         672          39         283         262         529         828         126         510         592         364         512         100         567
 Visit points =    590.12822433944132        809.54270501682322        598.20546419941684        817.84141379690880        605.83716118081566        825.68236340895601        608.76217465118248        829.72579526751019        626.24734036728796        853.89665014556886        656.24374014872910        872.60497136038350        671.27764115297339        884.66770059704925        642.81040726835238        875.00665273707807        637.80568533624762        874.95701585385189        618.54064253506760        874.76594479927314        589.62001312528400        874.47910940201166        589.62001308798472        874.47910938773452        542.55127493004443        856.46255007146112        494.55960039131958        838.09271725076667        493.86457567224556        837.82668177652340        453.40185275608451        768.54975312636577     

 RouteID =          37
 Route number of clients =           14
 Route length =    1295.4752977260912     
 Route demand =          763
 Sequence =          553         390         516         260         225         832         737         113         665         845         787         827         680         715
 Visit points =    298.62619568982706        519.37265971312252        290.86916834052846        528.96045517514142        273.30608187963952        550.66791241417513        266.00344923672554        559.69283044302711        264.84502695913631        561.12357256645612        262.44272705950755        564.08983168530222        255.44399842074637        572.73117038560713        251.08956519525685        561.64843239074742        251.08956492776619        561.64843185668121        251.08956471142653        561.64843155880135        245.94189175539674        554.56055836550888        235.35256205522654        539.98002328531254        217.11887496240885        498.17645356206418        190.05275292838613        436.07358623225684     

 RouteID =          38
 Route number of clients =           21
 Route length =    1974.3999501128271     
 Route demand =          763
 Sequence =          825          44         806         392          26         536         252         615         361         157         240         231         176         607         604         301         107         500         618         681         161
 Visit points =    198.72724766173479        757.20830780526728        219.34113452994904        835.75318061845292        224.56126348503193        855.64338218338139        243.55882903438794        867.91888031692577        243.55883954741103        867.91889169421438        249.37939450078329        874.21779519509744        258.38250901360590        883.96063246093775        262.78940400390621        888.72941756126181        262.81990787831739        888.76222735910028        286.02062734530176        913.71679231566861        302.75598417932190        920.51830558992140        308.00000000000000        909.00000000000000        309.26326670602259        905.46766090528274        317.51723723916280        882.38795599272805        323.04321029198286        867.40125017670186        323.18204250142554        867.02473051929155        326.38006527505860        864.29690321046030        321.27246772868574        834.15119802122729        319.15580276308208        815.96964537797294        303.61074673695634        771.04433892573195        282.71001079417982        710.64108494398226     

 RouteID =          39
 Route number of clients =           13
 Route length =    2039.6691246067260     
 Route demand =          762
 Sequence =          263         869         269         588         411         169         265         330         619         541         738         793         764
 Visit points =    222.87761916671795        104.60704581900666        398.00000000000000        221.00000000000000        469.45917655798422        219.40104473203402        574.82169478937237        233.90509049898088        784.81433112621892        210.78954055212452        783.64241056913022        212.34906688040743        752.51719740529484        253.76875963074389        570.56856766781664        468.31225255724280        568.39406229072097        470.87630582690849        523.74514617175021        525.27559219668080        473.18066842930943        317.82588252335086        360.58444330782902        264.41475918213087        296.57074252814033        217.47383427492795     

 RouteID =          40
 Route number of clients =           14
 Route length =    1569.2352339273623     
 Route demand =          753
 Sequence =          777         156         246         855         562          70          43         872         440         282         649         310         623         179
 Visit points =    223.03001077549536        678.92953567360667        223.03001112263769        678.92953978202547        224.33855947565203        694.41616881560992        217.77047287367918        718.18218925510428        215.40272556376550        726.74966626523735        219.00127094043350        727.14653877155763        233.49490741996561        726.40678053236240        233.49490741996561        726.40678053236240        258.21810904814367        705.47985917761150        258.43947835740056        704.63763498342200        258.57123968216388        704.13633434718361        261.64465175860028        692.44319577175099        261.82031896074034        687.11561054596791        262.18856785245009        675.94746230324483     

 RouteID =          41
 Route number of clients =           15
 Route length =    2085.8978514912774     
 Route demand =          762
 Sequence =          456          42         194         158         457          48         434         569         844         843         532         841         428         525         865
 Visit points =    838.60565213537438        217.30378751890134        914.86957369013180        237.06568509578281        920.12541549569357        236.83239861258230        931.20676451413169        236.34054040275311        952.75351366304767        235.38416357116060        959.18879939847056        213.30621047019579        960.20355960897950        209.82561653534330        963.22197589749817        199.47321645697437        963.22256595710212        199.47176279201960        974.58376237799325        171.48243261376143        976.28888425485104        167.65658710555849        983.48800423046976        151.50365329153004        984.00789581248318        133.47896962918435        968.51787848816446        124.80892059434633        955.48422458282721        117.51374357185374     

 RouteID =          42
 Route number of clients =           17
 Route length =    1792.2695178836393     
 Route demand =          762
 Sequence =          647         858         634         511         207         393         341         496         509         608         537         363         273         813         816         651         394
 Visit points =    282.16838475166429        430.51796815293562        449.31999746423111        685.54927770887343        456.72404852375553        696.84599693931602        444.86449861365026        704.53076081782751        432.19117544144677        712.74283321807684        401.83733205984117        732.41154647414646        381.46945213999481        736.27612916998908        367.94415131317891        731.08119007256414        364.93802560252414        729.92656584749022        351.73103194268623        732.82229288715530        335.61630068654080        736.35556201366398        316.14943706137120        740.62380993809256        311.57131956492861        729.09428744786328        310.81252293575272        727.19873259052167        291.83817036179039        679.79877744634564        260.96669600061836        607.88772310254581        190.96369669942823        444.82490892855350     

 RouteID =          43
 Route number of clients =           11
 Route length =    1180.4762728600099     
 Route demand =          755
 Sequence =          655          30         652         849         241         818         706         112         595         657         447
 Visit points =    233.80446835303482        445.87707475663666        252.24462813237665        481.03521862060722        253.22957102734588        482.90596014822012        257.24776774897475        490.53494571447396        260.06047711344411        495.87518180299122        268.16425755158537        525.42373907733577        264.54093414889303        518.89879280181697        254.77856065135626        499.75169615550857        249.65193354923119        489.69646686666937        245.25054474868324        481.06337534205608        240.74855844103271        472.23264784613394     

 RouteID =          44
 Route number of clients =           14
 Route length =    1905.3105790787433     
 Route demand =          762
 Sequence =          675         774         823         314         669         125         729         486         705         454         549         213         373         495
 Visit points =    420.16085291019994        768.15466331733774        430.65180311591109        774.14215036878227        439.92671049870864        779.43560984549583        454.63566174056183        787.83044030698102        466.49480801822261        794.59880746017393        467.98655566161409        788.13644949870400        467.98655470183547        788.13644281722679        467.11865489791819        782.13711497588929        469.06899499205684        780.61416003344095        508.86907664359842        749.53561571020919        469.73781624498309        717.23608741850853        461.11749779947905        699.93281029382968        367.17122844346358        511.35760349915682        351.94729142829209        480.79910351247042     

 RouteID =          45
 Route number of clients =           16
 Route length =    1627.8341600921838     
 Route demand =          756
 Sequence =          684           8         683         641         463         835         600         571         292         796         356         809         476          37         388         334
 Visit points =    148.82933713891353        714.78754486677099        133.09920279051966        739.58911402677279        130.21527515498119        744.13617822349738        122.86653121685347        752.74229972681655        116.30990050669291        759.51403340830620        115.06666194780522        760.79805881640175        110.64675014867510        765.70781429830743        107.93571361515090        769.16706551999073        105.23946728811860        772.60745735804574        102.54323283898141        776.04784352221486        89.855727067582677        775.86004955332896        89.576657117546858        775.79201497544523        72.191064861095498        770.51305325958901        71.699511926335518        770.36379811281927        71.500732486140194        770.05207812562514        7.8668491380249499        670.26332088342235     

 RouteID =          46
 Route number of clients =           15
 Route length =    2200.6672737344211     
 Route demand =          759
 Sequence =          185         687         646         438         383         270         749         479         515          87         769         829          25          99         133
 Visit points =    930.19538368024814        395.20200387900093        930.41350378243601        395.29467419642373        966.34074788758357        366.94618603481086        967.92836440441329        357.33527215764082        978.20201088002875        295.11413803212287        980.02386938802681        284.05376391669864        982.33554081091506        269.99919407672309        983.24380060578233        264.46197212760819        985.78380354184128        248.97679917616236        982.84281276303773        240.11948257518378        976.53614745458265        240.69278132382735        965.26787759708577        241.71701609189245        959.45572011307536        242.24523618399601        924.49073448548484        245.42292157524986        882.73998713841161        234.33942445662115     

 RouteID =          47
 Route number of clients =           16
 Route length =    2121.7772100006587     
 Route demand =          760
 Sequence =          217         699         799         256         613          54         238         412         189         545          98         311         404         862         460         559
 Visit points =    252.68857945143608        464.76068704107570        424.65236993258867        781.01427891095273        481.49037652474152        885.54210357018235        483.81375135173198        889.81490149346553        483.81375135180042        889.81490149356182        492.73107631524596        902.36148579497149        492.73107631524601        902.36148579497160        503.87754590094914        915.09584342411711        509.08840282104376        921.04902125002764        509.08840282104387        921.04902125002752        509.20529907522877        920.85164642499433        513.18383916029143        914.13403465332067        519.14646825404373        904.06636497199759        520.64417356220940        901.53754721635755        525.56381430259205        893.23092321775107        512.27348288067947        870.64311431081967     

 RouteID =          48
 Route number of clients =           13
 Route length =    1673.9297600288996     
 Route demand =          763
 Sequence =          527         104         521         625         338         223         427         261         711         524         168         346         444
 Visit points =    191.29797434036038        410.16036124432492        307.05216197136207        658.34793152501356        309.64778453360788        663.91318392800531        313.83920360122727        672.89997013386687        318.72023217856980        676.98264765526801        312.69357374501499        686.87046844914471        322.70149207550145        704.72788418298569        352.78383135220042        695.03847636980936        363.08571591757112        667.95245617205535        406.00000000000000        657.00000000000000        420.21544208935308        624.90466133526490        418.61600834302311        622.52637412045522        339.40205947199382        504.72683614856516     

 RouteID =          49
 Route number of clients =           14
 Route length =    1782.5598990720030     
 Route demand =          761
 Sequence =          714         148         478         452          34         248         342         132          74         770         508         257         837         778
 Visit points =    840.60356570692943        172.01313202576333        845.80503949220770        173.07751223238688        863.41766558624283        168.98646327039083        865.01021231308391        168.61663413478971        866.60270177751352        168.24689092043243        871.58504105450459        167.09012000323202        874.28426209878774        166.46343036418202        866.25465478860349        164.99321422023806        865.65527711683751        164.88116238325625        847.79552883489521        161.53793187561786        841.79415649952205        160.40958611169987        831.94776689558296        158.55273769749917        825.89278409599660        157.40510528928621        820.44487203784570        156.36679960647456     

 RouteID =          50
 Route number of clients =           17
 Route length =    1349.4384527527284     
 Route demand =          757
 Sequence =          867         149         638         235         776         671         576          77         558         151         513         551         781         296         398          62         866
 Visit points =    204.11255347347029        289.35991205995242        318.12733865342199        450.99283297431094        320.36609963019993        454.85022723693800        398.65829582149422        524.73386173590995        408.73958592797447        499.66016044457069        398.07582170780603        465.73517499143679        397.55972329695538        464.09329406468305        384.97226276750570        450.15179733333810        373.27928420410967        437.20686759027132        373.24608218991744        431.44223619370001        373.23095222366845        428.18862747127486        373.08989978078745        397.85614351693636        368.59693274540382        386.71130871234226        358.58066068663265        361.86587882742305        354.02317086229698        357.27152067388215        320.57466380665267        323.54578604843329        313.93743923306619        316.84704692681578     

 RouteID =          51
 Route number of clients =           14
 Route length =    1796.9753128519835     
 Route demand =          763
 Sequence =          196         154         847         117         820         312         441          22         520         570         728          58         800         343
 Visit points =    227.28863209375652        780.26142695832038        239.26815456272135        821.38604990936199        241.06496876214555        822.16917466693826        247.17406564737345        824.83176772501270        253.28035375588050        827.49313660234873        271.53300288544295        835.44838395666477        278.06422298324304        838.29495548908562        278.06422298324304        838.29495548908562        290.49449878067730        837.75053928193825        286.46983417126410        826.26266436766571        284.69566566837238        821.18455881468037        282.20284079537026        814.03222973005074        281.02974663232789        810.64915007801881        257.38411854708539        742.44175018507894     

 RouteID =          52
 Route number of clients =           15
 Route length =    1850.0703440984719     
 Route demand =          763
 Sequence =          745         561         192         183         396         788          29         288          23           2         413         552         804         602         574
 Visit points =    810.02548956521503        132.73237686474744        856.61180377402502        140.36610233986241        874.57199939826046        143.30909547475869        888.15692400491935        145.53514805747852        888.15692400491935        145.53514805747852        897.00417826567787        149.68945341072214        894.14942986645826        157.21173973432843        890.77717478594354        166.09729896148616        888.58519099875934        171.87270754213830        888.58508538630394        171.87283400163662        887.68394819579316        172.95090295607517        887.32314687395285        173.38163754529927        877.97985445235497        184.53591825217146        868.71795147007708        190.05978265282195        868.71795147007708        190.05978265282195     

 RouteID =          53
 Route number of clients =           16
 Route length =    1220.5000785570724     
 Route demand =          735
 Sequence =           85         418         416         712         347         448         744         335         129         531         723         566         544         193         274         783
 Visit points =    207.37592946592937        349.31129395550118        257.04470518322756        432.94561991502036        278.59843595978151        469.22894524348209        289.21387191112808        487.09885927920595        290.77700970407369        486.49322225669641        305.86392392657353        480.64780424568875        322.25414801532543        485.13627978498977        331.08297289279045        487.55406030395585        348.76665418207898        467.65395039306657        337.38654969874062        452.40680979846746        331.61257415471488        444.66906307315065        314.20715999648934        421.34251392247347        269.88758217725911        361.94540434726838        253.95654716359451        340.59447413667118        253.79398552886664        340.37645445151952        185.85168041328700        249.25545773320297     

 RouteID =          54
 Route number of clients =           11
 Route length =    887.20621635673069     
 Route demand =          701
 Sequence =          423         630         491         591         863         642         782         221         493         319         403
 Visit points =    162.98361496913688        303.70982891434346        182.82263016865403        340.67775246303557        185.85828679454534        346.33438012007582        186.84940588712107        351.76926105214693        187.44143264654022        355.01568720834291        183.41982975124063        359.44832882021029        172.27447847615781        374.54245027056254        169.41080256519868        374.07964339881778        166.89023607032422        373.67434429819554        158.47000350551357        397.82157463263559        147.58867356002523        387.08426570051859     

 RouteID =          55
 Route number of clients =           16
 Route length =    2411.5624587424695     
 Route demand =          764
 Sequence =          785         422         195         868         563         267         797         208         442         229         722         378         348         111         750         577
 Visit points =    453.79555826550080        863.20366576958088        467.33823850622639        888.95660808816183        488.08095096723537        928.39758960658673        493.36177827123282        938.43675373071437        499.80512253853271        950.68593115765168        507.69155024800455        953.38819458162061        528.35800723030911        960.46950095551108        560.27810403547403        971.40683700470220        560.27810403547414        971.40683700470220        582.26478771833047        972.87764720517339        654.27459020867843        977.69477895475620        621.86888722302331        947.80423430676160        614.21185468401916        940.74079733892449        599.87370476455544        927.51369760573789        582.41920792054486        911.41156535276673        582.41900752989625        911.41125176703292     

 RouteID =          56
 Route number of clients =           14
 Route length =    1799.1245137785679     
 Route demand =          764
 Sequence =          786         860         666         812          53         103         279          35         733         102          21          38          97         371
 Visit points =    272.91071360320706        773.94096805080812        310.91924131609323        800.98889922670264        310.91924131609329        800.98889922670264        319.49268633055397        802.19448725448910        324.06556862876249        802.83148199049208        329.86545511198284        803.63337741969872        337.70241581659445        804.71209824095422        351.08187403077665        806.55148335438150        357.72475060380395        796.97868573622873        357.90271971980866        796.39750948398296        364.70648490702547        774.17912215119293        355.38099640711442        754.38364148977678        313.25365572470469        664.95842725466207        289.22626725919622        613.95434748391403     

 RouteID =          57
 Route number of clients =           14
 Route length =    1908.7094325430912     
 Route demand =          760
 Sequence =          243         204         135         620         487         790         506         822         138         124         242         557         190         303
 Visit points =    868.18516052348525        58.035924446157011        878.37309948759298        56.415158133328809        890.35323815361301        61.726329745663492        896.80610675315575        64.680625832912497        941.10083814900008        69.029150761468699        936.00000000000000        66.000000000000000        935.62746493814666        64.369063334574108        915.04555772911181        38.364359495904218        900.66686762601842        28.856753591337178        892.28662882669767        19.763904476158260        833.73132440089921        24.297590439846385        816.98848209946266        21.384697062232160        787.22516039416962        17.312867576340384        651.65608385240103        15.616358863710438     

 RouteID =          58
 Route number of clients =           18
 Route length =    1011.4217214619955     
 Route demand =          755
 Sequence =          807         306         730         467         119         564         779         249         857         209         143         350         351          72           5         439          46         701
 Visit points =    129.99847205474464        398.56894845482680        160.22549618933408        415.27234677866420        177.54032536436819        424.84049401326826        179.98799630353673        426.19307690919902        191.32463801814967        432.45770627516913        198.35373652243166        436.34198682444850        198.35373652243172        436.34198682444855        202.32009136541552        438.94528571578530        206.28644620839930        441.54858460712200        209.83409839712064        443.87706992307500        211.04754570373788        444.67351052233209        211.04754570373788        444.67351052233209        212.82482177620940        441.39820650761754        213.27156598245372        440.58041710798494        215.94770995697604        435.68432241943680        218.62385393149839        430.78822773088865        209.26162738731583        412.29229359146120        208.68948944625529        411.16505365303732     

 RouteID =          59
 Route number of clients =           15
 Route length =    1389.2560963978124     
 Route demand =          764
 Sequence =          840         870         573         455           1         748         123         466         676         795         682         353         309          64         420
 Visit points =    204.35411599826830        637.99408642517699        205.14007690893865        640.43921740258440        205.31983713704020        640.99236968139860        205.87121936685381        642.69023649221174        205.95518553340222        642.95042139985082        206.83074447682827        645.66863101094532        207.70356656196876        648.38530119172367        208.57355799696012        651.10030199845721        209.44117336284654        653.81384088412938        213.83644275445911        653.11166862902633        218.23190618443945        652.40930265021484        219.06479058664874        652.27621323252004        224.05604863319297        634.15116610640916        226.39726693381635        625.64936322713447        226.39726693381635        625.64936322713447     

