 nroutes = 38
 
 RouteID =           1
 Route number of clients =           24
 Route length =    1406.5121414527582     
 Route demand =         1776
 Sequence =          442         405         775         447         692         162         161         343         332         578          34         254         839         554         722         528         678         411         203         549         418         553         576         845
 Visit points =    830.64684259184696        536.33393704045977        819.44666785764457        591.37394296494460        810.44075998228368        607.80629720518357        768.72733548862982        614.16918605629951        786.21010154370981        634.31642418231888        791.23379086763384        643.93252628490734        820.31090093353271        642.51697962161575        839.99300238772014        627.69249832402159        869.77596976985967        637.55578540510930        869.61125354804301        648.85578616839564        873.40741202572997        655.97212117808158        876.11371893859530        660.54513860396025        877.22113442736554        663.18968503112796        895.64247772462215        661.88408232350298        904.49192322540671        680.09505202458377        940.32433470775845        674.55989089809145        937.84486645605261        669.37500544076954        942.65787130895637        641.16148523526385        949.73787910959572        627.55488616860487        962.07978937125279        608.75137675026042        983.54784497351648        587.05397441186403        988.02943777033556        577.13287881018380        994.79344429331593        565.68116967517642        959.36401892734671        536.63491481582344     

 RouteID =           2
 Route number of clients =           24
 Route length =    1773.1170626475209     
 Route demand =         1801
 Sequence =          347         400          81         428         324         289         462         478         746         431         675         690         261          32         761         748         470         322         479         287         882         469         654         840
 Visit points =    614.19437950399833        247.54743818150652        571.67356074555119        298.74874326207282        465.44191974826481        457.48527327054126        401.31234503176267        526.00039394699672        387.76280592656775        540.47652779018426        391.43424365029574        548.01232091201996        391.09538293414255        548.18039251701168        310.81008844153621        588.00111430436084        279.66862566442046        628.45790666115238        218.06540543334836        643.36767161249270        139.30738252592809        662.42939606743653        108.60827743144677        641.65530285514126        92.851258054953348        630.99252332890478        82.286172660420931        624.96363209986896        48.997588044926665        614.51351359794990        48.997588044926651        614.51351359794990        46.187873588309316        610.20541054807131        43.492359305464923        606.07240931886679        41.177602879348669        602.52321975777409        28.676442423781012        579.59253207414974        24.140998742483468        571.27323700293243        28.762443424298247        567.59297960966603        38.013037721544286        560.22632904939599        73.986064050489219        553.62142660926952     

 RouteID =           3
 Route number of clients =           23
 Route length =    1145.1557659422003     
 Route demand =         1803
 Sequence =          421         263          16         163         344         406         209         648         886         794          84         155         375         736         494         233         206         857          45         626          10         148         688
 Visit points =    698.74434735463501        274.30272329580782        690.98519595725668        421.13343162706519        685.54024510349245        428.69959220780100        669.06095558821005        517.02112483037342        665.14379837964123        536.28738193294203        664.76055702986582        538.17232705614413        659.24375515077134        553.20759888822693        661.97452461283308        561.25156291357837        669.99991586372676        584.88527537875336        676.89337653720349        605.17543462955291        677.20657406679970        606.08738567386763        688.89707381971164        640.12669997594105        689.43122289410542        641.68198577310466        687.43035263083141        646.46337716488824        645.23121091487769        608.39355575107754        614.12350978027575        580.32984216278044        551.86318035224235        521.92175538888125        524.33807835755795        496.09971813762843        526.54387465304478        491.36630127814766        531.69885720190302        483.96809924888612        543.96225598857518        466.36821390896472        570.00000000000000        429.00000000000000        598.88592748748329        366.98021451216812     

 RouteID =           4
 Route number of clients =           26
 Route length =    2001.2966367712650     
 Route demand =         1814
 Sequence =          221         225         498         496         334         548         628         551         862         527          91         682         182         313         490         377         782         777         810         296         502         582         298         273         474         650
 Visit points =    502.26297920390630        883.73732846563814        501.79655725057091        907.48105870160180        484.26111526552933        918.08983853604286        491.68267394874857        936.14204091375063        492.89914299894002        940.73159263261118        493.30493760900930        945.40828495868425        491.30617703059556        945.47945177973531        485.77511931869049        951.10444971085508        456.25928214579977        978.56709651885171        446.27189062757230        980.58396874266816        419.03197409636675        977.29474585830155        395.28023724238659        974.95972703317022        392.58256079575108        972.21767103215211        365.24407197327986        966.69257360204665        337.90958735657807        973.23541617884450        316.59238060489264        967.56696419506079        317.57389804082692        965.84403351982962        307.30646865634657        955.30307228995514        306.03021031763768        955.33063912897546        291.26062206695002        945.82975452481276        290.31141796519472        943.88878905459183        297.89364654755121        930.20744795480744        308.00000000000000        916.00000000000000        304.00000000000000        912.00000000000000        302.38805476168017        907.17441124298250        335.49299233217653        894.93483112241279     

 RouteID =          5
 Route number of clients =           24
 Route length =    743.19319194474281     
 Route demand =         1807
 Sequence =          186         105         534         491          96         867         861         745         641         632         403         776          37         813         100         437         451         134         552         724         295         283         317         555
 Visit points =    802.22171011267881        168.04968139358743        865.76086454308188        184.39166657691189        891.50777946992048        188.90817634875793        910.11169124058324        212.71618260638215        946.30895624027028        259.03895183067050        913.03842233481839        279.83510016530158        890.55874869950708        344.96525017499579        887.48235130888440        341.20963049736719        884.67475964886285        348.82576775469784        878.86537418115563        359.69088447949019        875.01187666640988        366.89796352927038        873.07448849573188        370.52140162485898        867.46307082354258        370.49195274411971        844.15620782435758        370.36963765924008        842.47611065636454        369.74906363143236        840.79601348837150        369.12848960362464        831.91932064939522        352.23501337337126        839.76260629111255        324.05464326269498        843.03738757754672        312.28858591137487        811.35104169755505        274.61522961844804        791.90186929825836        251.49091133553532        791.90011162562655        251.48856870505111        761.55084915279053        211.03880084290594        728.57061439642075        167.08237047110333     

 RouteID =          6
 Route number of clients =           24
 Route length =    1455.0280913562710     
 Route demand =         1812
 Sequence =          863         806         333         606          39         320         784         382         509         818         112         581           1         668         228         303          71         880         144         214         362          47         353         216
 Visit points =    453.04961924729974        481.58284521961031        445.13033830982704        492.37092290270203        436.00000000000000        544.00000000000000        416.18380323758942        565.19107858281563        402.73428503463401        614.00665834530128        317.13117901348886        634.76515205565215        304.85437434785104        643.16396210817891        320.46252286046189        654.93166309897720        325.35801485169895        658.62259964910209        353.82402386939197        680.08443296588723        378.72787760415054        680.71262151856229        380.15640214503765        679.52437400922270        390.27589374903181        671.10697525262765        401.80883513837114        683.12470668704077        401.75725019913540        684.85417766553132        414.17075200868345        685.84212920732477        419.87854419442863        681.51538777278051        427.37811750534530        675.83507488011753        428.26886591900069        675.16500914121320        509.25883350115430        614.24028377564150        524.82719938736932        599.35810565757117        519.83477531077449        576.92681637691135        517.69102700358542        567.29481443041800        513.42286376002983        548.11767664236208     

 RouteID =          7
 Route number of clients =           25
 Route length =    1456.8763223953883     
 Route demand =         1798
 Sequence =          131         612         223         604         111         659          82         175         634         533         589         114         638         183         262         408         314         817         441         294         622         624         258          52         363
 Visit points =    333.04966881337913        38.917465312675546        315.59396365759960        34.331603800825974        307.81402420810542        32.287703278471952        280.14204092792852        43.569230519153670        258.15715605351591        31.071106922684386        252.01786547901685        30.271526856478559        183.53055708085600        24.145682606464689        157.43929811017256        21.811951109645108        87.561895761167307        17.253472510569551        60.436217424021372        27.187871838265167        42.141264456616831        23.414216417514915        9.2102716250093302        16.621620676433142        25.583424587807681        44.080016243762380        41.701014182335108        58.001868643357511        51.455374642797707        46.312442375675907        73.635793690360259        46.109233025241963        97.347243460059744        45.891996899305141        163.29116098510880        78.344884322579318        202.57105115878807        97.675641451480118        212.07954339352966        102.35504236729514        224.64854122681740        103.37492212918727        242.36269263614835        104.81229245585108        247.29015024496499        105.21211862810996        257.00000000000000        106.00000000000000        309.33298123703906        105.10746411025173     

 RouteID =          8
 Route number of clients =           24
 Route length =    896.90698170477458     
 Route demand =         1785
 Sequence =          445         643         440         601         836          94         286         825         181         386         227         365         661         160         514         519         369         464          93         837         448         591         713         687
 Visit points =    741.52339449254316        416.66942027143961        745.55023297445314        425.84706230343886        747.36524396605034        429.98368741017089        754.31564652148472        445.82447837276692        754.31564652148450        445.82447837276743        745.72554215429375        454.64615039355635        708.86092565380079        492.51553113689454        705.50949464425605        495.96289196097206        703.12485472093852        498.41581496943911        703.12474947556427        498.41594298799117        659.05220631625366        506.68623604039675        631.41311365331819        511.87276215482581        631.41311365331740        511.87276215482592        629.06252534213581        512.13808381083913        625.51162857228587        505.82977656124672        616.56254957542319        489.93138706357968        608.23804173879216        475.14257270519244        588.79529169583395        440.60176541126850        580.68568563004726        429.66535105237131        560.24327103684277        402.09721584653818        559.66799149900953        401.32140807648108        558.54967128601788        399.29972114077788        571.65241014690787        368.51928569476883        580.01843526069649        354.10223392207359     

 RouteID =          9
 Route number of clients =           25
 Route length =    1437.5380523417471     
 Route demand =         1796
 Sequence =          220         508         537         393         868         323         318         888         831         750          61          38         147         744         558         235         507         575         864         512         705         569         407         716         567
 Visit points =    731.42290011408454        649.20675976071755        729.35847543773571        680.34930324789480        728.39905077465710        741.40367210458203        735.07071673188398        739.67326467936959        735.05369928304799        739.91678186588922        735.07174123194795        746.62985046458664        737.91105246055270        748.49284799540339        750.69324704313317        761.57646067904295        758.48080206505381        766.92257802934500        773.42158250637908        776.66138001979391        798.83635315698837        782.82642425141137        800.88957574743233        772.83580341253196        803.85071345669144        749.73507644567871        806.00000000000000        739.00000000000000        814.16100014430651        732.81690108562714        820.37136939835045        730.26614816156848        831.10854078639181        728.18853095304132        831.99593942008494        729.43123382652050        842.58268684177301        710.67838272025165        864.57579579619789        704.95316585374133        875.36562554822081        703.40430956815533        875.65758138676927        701.68198412920970        895.12816163852244        631.41636576060455        903.76893295406205        599.59171211885621        906.56512802250188        571.27206301527565     

 RouteID =          10
 Route number of clients =           22
 Route length =    707.42293282949822     
 Route demand =         1709
 Sequence =          392         846          95         141         172         340         671         336         280         655         637         300         865         596          48         190         873         665         401         136         729         199
 Visit points =    790.29697282942902        133.97306346741840        809.00758701287214        133.30119850906726        809.00759319220811        133.30119633720219        843.04330552041438        121.33858794440090        851.23182042725182        149.12615055357671        834.12499460297056        218.38964109010689        836.26977339898406        236.65511574236945        833.52430596564386        245.58009992677734        798.10241604379746        360.72982033329600        791.29398037655346        382.86272925539714        785.83695966383630        400.60244926210424        778.60147989529344        378.19430683296957        776.77534504375797        372.53880213155060        773.45101761823150        362.24342368876353        762.41140449758768        328.05395304088125        765.72620231075007        319.04858604555676        764.90224264531400        315.48127024942124        755.19656149639786        273.46073074101793        744.49750769890943        253.62050384989783        737.23878641055114        233.66476564013291        729.14171919679029        211.40423969269983        721.65441476868762        190.82007877393502     

 RouteID =          11
 Route number of clients =           25
 Route length =    2393.2047249604216     
 Route demand =         1814
 Sequence =          234         164         381         560         571         719         326         660         189         524         516         122         402         455         432         662         330         472         823         545         830         892          31         358         689
 Visit points =    203.93151424034463        878.98518831118804        172.79118831206983        920.86215082401429        189.70817030854803        936.84249369511610        208.63535334510934        956.68619797912572        195.35324296104736        975.37329119668846        148.87966588796110        963.70851164913074        112.75975387035245        956.64218468646095        93.950399561736560        961.37287747262110        98.985160253333774        976.87794791036265        92.362081839785390        976.36478545143564        76.819793637575259        967.42410505298631        49.379875959508986        976.22819487039806        10.553203113055510        988.08858299577366        29.660572586506792        968.33111066368042        37.261973339990355        963.96526203661313        46.072204356594966        948.54707481249807        44.224159444658191        944.37574278548107        57.981580148177173        915.64423968242704        56.505115381631931        902.05043915759677        50.598378238252671        896.41009036884373        42.955493626271682        872.60506088284137        37.000000000000000        837.00000000000000        36.838753323054398        788.90382853345511        38.843671232336867        789.83311441492447        53.431395110554156        775.70746192897138     

 RouteID =          12
 Route number of clients =           24
 Route length =    1151.2441143012093     
 Route demand =         1815
 Sequence =          858         255         647         282         123         174         483         167         717          85         774         562         232         192          65         275         739         257         176         191         710         398         741         726
 Visit points =    599.58422943714152        241.76257881796684        443.90349709778638        395.02477769953833        420.13144088848850        397.64456569745573        401.37285681002669        383.59964958012773        379.67462672020008        367.35376341774918        346.90599493747391        336.45494534104870        315.76597655212566        312.51313982265970        314.99093040123881        311.91725050805866        317.53545212191722        289.53016420844347        317.70673812576683        272.21276123962519        317.82163051322914        260.59688062464812        317.84240188441362        258.49684794870495        286.33525821165773        240.84294391604072        276.76509702192772        235.48064548063186        295.26352745612695        218.14104686330504        307.61061280961843        183.99331562548505        307.82644117437962        183.38820046499717        309.00534299830588        180.07534815922239        314.54998431242660        164.49011793876929        321.17691861855513        145.86270978636097        333.14936072980424        126.46513818117947        347.61700946823078        103.02487012604630        361.18846669627027        118.14029463097039        372.00405024463640        130.18632136598183     

 RouteID =          13
 Route number of clients =           23
 Route length =    1020.7930141329841     
 Route demand =         1802
 Sequence =          217         274         772         788          83         143         799         211           3         824         785         609         434         827         714         869         355         331          14         125         532          69         795
 Visit points =    873.17147428251940        229.90988734550447        973.94577891856829        285.91782369494121        969.25757969085055        313.06321428019504        968.88245599046684        315.24681526908034        967.07961171539671        325.74120028880304        958.27771119406839        333.45895321295006        945.69200685820249        344.49445130852718        943.48535198510081        353.79576721486961        946.68744843696004        360.19929278300685        956.12978086337557        379.08198979867461        979.86863303774885        425.91588229379954        974.25305978636072        456.55901092758717        972.00358765826832        468.83395788197248        965.93503507166884        477.74361134899374        961.98428922398932        483.54395810830630        955.84658257397689        492.55511696403289        945.66409325728750        510.16789422052244        935.90935052998168        513.41254285265950        928.43738771691585        499.29677594694192        927.32737003129853        497.20561817359680        914.63750824988279        473.29923951790511        915.60503338286173        434.95941598736522        911.19003736900811        402.35128382585214     

 RouteID =          14
 Route number of clients =           24
 Route length =    877.34932819722735     
 Route demand =         1796
 Sequence =          463         756         680         251         278         645          19         256         249          76         194         646         238          56         653         550          36         585         325         574         894         196         592         852
 Visit points =    513.81703231128722        106.66990201290608        461.47804377459283        78.241376703944979        434.37408673147968        71.642444350015353        431.50516893203030        70.943956138222603        428.28374052306680        70.159643053606814        406.91286640502727        95.722416012150958        391.38591688731196        110.96208118637357        382.25009155335476        119.92887270075560        373.39293881635058        103.11706448120569        368.06659622846661        92.990217605491424        332.24588544925007        24.885162954005857        334.69736558119661        16.670367447405308        349.00166885932776        13.850256707035165        362.42429182180410        11.203970310249264        408.69874243852422        17.256587582299730        412.95442945921491        17.815356302423989        440.27400531736436        21.404813485084315        450.07126301754494        22.694436589009012        485.64280289545457        27.378901303654487        489.74603201955750        27.921268583645158        541.20033787667978        34.722794455643708        549.02521349599419        35.757131486984122        563.65253031704515        43.856926900381197        568.07968234192981        53.979185326373994     

 RouteID =          15
 Route number of clients =           23
 Route length =    1346.0617659101952     
 Route demand =         1773
 Sequence =          153           8         763         656         599         877         397         544         833         118          26         737         734         243         219         522         807          42         667         240         248         758         379
 Visit points =    571.11969110379459        332.23640115602291        531.89090979296498        389.01923437711810        510.57079027209761        458.24819391836007        509.84210806093000        460.61431157853406        480.55591605300532        504.63867167415344        479.18669262095540        515.74990595889540        478.22685121005748        523.53900986664598        473.91089490045050        558.56295421323512        473.91089490045050        558.56295421323512        468.00000000000000        585.00000000000000        474.68307043752890        612.36397777423213        468.07974088837500        652.97865504826336        460.97717419298715        696.66395834914442        464.31241721864365        735.73899668977504        471.43037169780439        734.57033767525286        493.69926747722036        730.91412709374492        495.65088624852183        730.59370192999768        510.00503008583786        728.23697685788943        531.05376870379826        706.85125956472189        531.08349907862532        706.82105322302084        572.10993934360283        651.14784803239831        586.09459149919610        566.15006416654126        597.70100311355259        495.60706782460619     

 RouteID =          16
 Route number of clients =           24
 Route length =    922.10687651845979     
 Route demand =         1794
 Sequence =          367         751         684         193         749          22         236         556          70         315         124         828         881         709         475         376         422         770         259         495         423         284         860         540
 Visit points =    756.30464933994017        395.61431160879624        769.01521128353204        459.39560471417900        769.36089666623445        462.51212501164258        771.43850491005605        481.24276444866717        761.73015299204258        503.65872551540014        761.35913232898008        504.50876514426301        749.70924997955922        531.19962809205470        750.02855756827500        532.70977121395492        753.61010550165565        549.64845406550933        755.38296581740826        558.03307412008269        777.23629376644487        540.73655981244167        793.60745590084127        543.60577386894886        794.44863260173690        540.89533783383035        807.99677239696371        520.21686320194453        813.37817817384826        512.00188356514673        816.39866397260300        507.38996508481438        824.75235907374554        494.63487753171131        825.55290018532526        492.61312772355376        827.36058979886434        488.04784547069227        829.98882091127064        480.98742619453776        826.43790030083085        467.31896950365723        819.66995958540178        446.19260419855203        821.47061501825351        434.89449310686217        826.91987606736416        400.70341158330427     

 RouteID =          17
 Route number of clients =           24
 Route length =    2036.2026431097283     
 Route demand =         1804
 Sequence =           67         329           4         853         608         293         786         373         767         127         417         586         370         426         212          15         412          58         891         128         395         443         629         686
 Visit points =    747.32640276987240        859.16479797297427        729.25585434236245        919.50469221567471        717.96759520211447        960.51990072641468        707.85887215785374        982.87250058077700        736.75323249768701        982.94794302971002        758.15484823610984        957.54101654630063        764.22288235092378        951.12518620258129        788.65038069135812        922.40789034993600        792.51417812156717        922.30676356528966        800.59799137042353        936.25025896266993        827.26923445806028        968.48796172123514        872.27117195876087        979.66065082077307        873.02618642744687        979.37371312378934        881.91322688167406        977.90964539872755        883.69043608534184        977.61685843881151        928.04795133670780        974.03706315682223        958.07328842192180        970.00716898321980        957.29421942594536        950.11537007562856        958.04336334375046        947.36617967429413        957.13441424143707        925.25347393883249        960.00000000000000        894.00000000000000        954.58111889894803        882.71918875345250        919.00000000000000        829.00000000000000        892.36921060869452        790.18980228795738     

 RouteID =          18
 Route number of clients =           24
 Route length =    611.29710347341995     
 Route demand =         1750
 Sequence =          383         520         119          40         536         188          28         619         572         138         743         305         484         187         721          50         115         561         720         672         342          62         712         152
 Visit points =    689.81176168882928        140.59786330811957        610.70062288517420        158.18044753340951        588.88376168243803        163.02928178645462        571.28487297847460        145.72186651187801        572.39153043251588        139.30627225923544        574.20940646171255        128.80111977077038        579.09495457216030        100.56997856627481        579.32286997655535        99.252969334414530        586.60344468718552        93.993685048729063        601.96382374175505        78.704628014982120        629.49049695055203        51.305767925431759        639.06596657672515        40.354654561896076        643.73970118610441        32.940628322123452        654.36881902884932        16.079474410303220        675.45514183791204        21.181046511188903        706.66061528607270        28.730820560443487        724.03783483876668        27.696990284622370        747.55794792388258        26.297912455034719        763.88416705684938        25.326998347550877        804.25514301993906        22.926404914581898        791.24758900109600        31.085589864381305        779.40350273090746        38.515150765919266        751.39867796010913        56.082023078833451        741.77960442032293        73.226926976240918     

 RouteID =          19
 Route number of clients =           24
 Route length =    1504.5366323219457     
 Route demand =         1812
 Sequence =          458         816          77         875         631         427         394         410         285         459         850         132         674          66         335         718         231         201         815          53         884         535         595         703
 Visit points =    227.30254669559147        148.27874605309540        179.41863917324068        149.40664440975561        145.22259189941363        150.21212724355362        141.01377653913764        153.31109977857636        127.16983910428928        163.49360841914125        104.97317730251639        179.81246157016145        60.228800672337393        212.70825996014773        50.436330231197267        222.26827534581082        46.422777781984415        220.75750306155328        19.104825372945800        193.15877682655830        16.229084038688740        133.67961485078544        15.736619722969101        123.49051865640452        15.386250518009598        116.24137304538830        22.784469061441598        114.12166642128479        46.112835800884170        107.43772038524716        58.875345060905872        111.29001318116951        96.271476765544534        117.88853964866733        107.02671946826528        119.78629619201223        116.16803690099633        113.59786356373471        128.86595542403128        109.19493979760168        136.70302185060865        106.72043482817226        214.64744595416929        83.603345975663217        251.74833538969682        76.288195060925730        503.58156095530262        109.94629883657927     

 RouteID =          20
 Route number of clients =           22
 Route length =    1834.7505704325044     
 Route demand =         1814
 Sequence =          197         218         366         157         210         801         158         676          13          74          75         151         657         787         603         866         627         809         171         523         769         798
 Visit points =    36.662407824298107        217.54600993535900        16.962056357899442        219.91668913146498        9.0230458050209705        249.30281695654091        1.0000000000000000        279.00000000000000        3.6105549488288822        300.76983705998913        5.0000000000000000        325.00000000000000        5.7086363426560558        328.47163550575340        19.185690705757683        394.49622050593513        19.832751397949725        429.31900784929780        20.101098968214639        443.76350399788998        20.788327844543527        480.75635569933729        21.153454824238008        500.41078041470831        60.545279787355945        516.22302704958713        60.686160756126114        515.51406614756661        85.579430764679657        536.87108968510393        85.294860356847821        525.59098444672850        85.147706998691348        519.64977432238061        85.003067453114198        513.70831149704350        84.453604531366523        491.08178005994495        83.809795194934154        464.57012365199222        88.634033763499133        452.52434126106562        91.460345804227941        445.46724005688486     

 RouteID =          21
 Route number of clients =           23
 Route length =    1947.9976058753064     
 Route demand =         1806
 Sequence =          651         450         539         768         614         727         790         390         429         593         454         883         594         518         707         453         702         890         685         700          73         800         697
 Visit points =    244.27860443850412        767.93718186512228        230.30606047260574        787.86505376205218        213.51882577864734        805.68913065984145        191.73341569202503        825.71321849755270        186.00000000000000        834.00000000000000        157.59165679739914        859.21747834940822        178.50174437515193        878.22666849238306        188.58535771640837        883.81031685646053        189.44967831567124        881.94873245131646        191.18341596440044        878.68217809663099        227.41468490567496        875.01044440308044        244.90082423471469        877.85463389104962        253.00000000000000        881.00000000000000        261.56616227122265        874.99927338259954        262.26786372577516        857.76087996955494        270.57044558206536        857.52026005389632        282.65552611576925        855.60999901279206        293.48495795556028        853.22673172571979        306.04234418677277        857.94358112853774        335.21317058245910        864.59173269844780        340.68738640580085        867.72267505658294        352.72438782139386        866.12780191289914        366.13610673053597        838.07283485104483     

 RouteID =          22
 Route number of clients =           24
 Route length =    1889.6414928911734     
 Route demand =         1816
 Sequence =          292         699         779         166         271         771          88         677         299         625         302         819         789         773         424         652         683         200         396          98         173         874         404         312
 Visit points =    572.93349776705793        711.19362339961276        545.09843343645503        846.32448135037453        541.08291411198297        866.80027554011144        545.70814659394807        879.41481790178602        546.14162664135335        929.51318162169321        542.56618708336521        933.36287206288853        542.17236830381489        934.56056138812289        550.93424672056881        956.36374947375373        544.28561680597477        962.35686371303950        540.00000000000000        968.00000000000000        544.97356731409263        979.40737953378084        536.21456130734896        993.15009922492982        517.27999435267429        988.79741023158238        507.97461384390562        982.38962719538176        466.03245427638421        942.28506200439972        467.11809888689646        937.95483375151593        453.62623192067224        940.04555203351799        442.93069305733457        944.94335724052689        441.68861185136558        946.00558697700808        420.28543574093163        947.26028453511231        428.15551297307013        938.45106384881274        434.21566994611544        923.10326860041084        432.73877330427325        918.84813882164019        433.06981363327418        911.46344591329330     

 RouteID =          23
 Route number of clients =           25
 Route length =    1698.2426045828163     
 Route demand =         1815
 Sequence =          842         630         346         387         359         149         481         747         184          18         847         414          97         391         885         288         103         126         179         268         821          87         780         513         506
 Visit points =    483.95268504465861        601.95225370015532        441.82693949791877        680.72562095221849        412.54930940257771        721.19567906445070        387.48530160256485        726.41010810283706        381.19952148870448        727.71782945180178        355.10970453528716        733.14566975205878        336.84085078770153        746.53660446209199        330.06817267318991        751.50093192952374        312.24476597147526        764.56536906303256        317.69296329967938        765.51696767644455        340.24304080461968        769.45563237475631        360.84288111448376        773.05366274966514        361.00274685899859        781.06386653531092        361.24513460124479        793.20890246170529        361.59780830830948        810.87990679097493        378.32733112243636        808.00159586903305        393.49244472733551        805.39884675656106        399.90298215260015        804.30458188767250        453.81649898285127        795.10342580822100        476.50043730375194        791.23206906396672        495.81666247230902        799.37394890023143        517.55095111460082        781.90977541287577        529.87820577222215        772.00444483101376        531.51005379265803        770.69320444937841        635.77537984875551        528.08995742035336     

 RouteID =          24
 Route number of clients =           23
 Route length =    546.76308529584855     
 Route demand =         1803
 Sequence =          456         526           2         116         102         349         372         760         310         482         501         420         301         879         446         793         135         517         276         486         488         633         337
 Visit points =    693.53392789982365        226.82770405057380        691.77552878964423        256.86935887517996        690.16560426652552        284.37437553335286        689.53372567386884        295.16980784548252        689.08256172999256        302.87779142712685        702.06920545804371        332.35101873428067        700.36432468920771        332.72057843380310        691.71898828849930        356.26249476814741        691.16163988920778        357.78019735102532        692.18546506511655        360.77289626886011        685.39456291647161        364.36971601321034        673.43401587665858        370.70465219758950        654.08379045008746        380.95355158510392        630.64510085294523        329.52669587692009        631.23839835258457        309.27937551365534        631.68890268332666        293.90512311056978        632.31251690489489        272.62319130594591        642.54573128794414        252.17282499367516        643.68544637684317        236.79919426053786        643.89774317982869        233.93552009607771        652.70887258609162        214.33451324426673        656.42549755445509        206.07976589719513        678.56904341099630        156.89821597758342     

 RouteID =          25
 Route number of clients =           22
 Route length =    1850.3344324434713     
 Route demand =         1816
 Sequence =          559         489         309         327         584         618          92         110          60         701         425         356         564         497          41         740         893         195         307         796         178         666
 Visit points =    597.10304091806404        867.58743331329936        586.69023123306420        921.91171941861091        584.02152364977803        934.18619030639013        588.00000000000000        950.00000000000000        592.22919692816197        954.07929440708722        599.56781886667056        981.31729949666487        616.39518608323579        959.02280594247918        622.69828396443177        939.26577329343490        634.40342464873834        920.92249972904699        640.11811894438358        918.40111385346358        645.30813083334408        918.84605999288556        651.56619037751796        935.20713317866660        651.03737974725777        937.42150495165117        670.63032635465606        954.79009645192934        676.07080543064922        952.29272320954942        686.17244293574493        946.63044693475081        700.51406007708908        945.77176603359271        703.00000000000000        930.00000000000000        708.79351632159251        891.41845841893473        697.84037350681081        897.55891845126291        685.64253810028345        885.76532765591776        684.48120884996558        841.36619094921866     

 RouteID =          26
 Route number of clients =           25
 Route length =    1386.3511988168007     
 Route demand =         1803
 Sequence =          563         855         621         241         230         493         345         838         204         208         803          86         207         605          57         290         802         732         598          30          29         694         568         649         844
 Visit points =    465.03752637219810        406.52534463859160        407.72274286468587        470.63402739393888        403.32895115886367        472.71757891710826        382.19244111459142        482.74058652551912        371.09575359603531        479.22840842122093        346.97841770500935        471.59510533786192        343.23257644483965        468.94764308724456        312.11315140905089        446.95325055406084        281.14452309926173        419.98558714102319        278.29530403126188        417.50447044295038        223.24660081179834        381.72380800124017        193.51386511125631        350.49995801382448        185.58375824976051        345.50341938274829        164.27297217917680        319.07709416476837        168.22268981137384        310.08363224044666        177.83027034331255        310.23525272945852        178.64502992970381        310.24871587333598        203.71758397526074        310.66327561406109        222.48919203189183        310.97365296751343        244.06503020241954        329.14155346148971        256.79024800031260        339.85661045315902        283.83598333003215        362.62975150505713        283.83752303716335        362.63081344734735        291.69657245476952        368.05108066148216        311.88732173270085        373.00120679748903     

 RouteID =          27
 Route number of clients =           23
 Route length =    1827.2052810402938     
 Route demand =         1813
 Sequence =          639         480         579          17         492         269          63         691         328         438         452         859          79          25         244         617         826         246         611         177         781         887         247
 Visit points =    841.24493414710571        399.42100139521233        988.52354108730628        715.63563346645583        983.19387237194007        715.65550115196754        942.59071845096628        737.36662044542277        977.87303168678636        804.66898522656845        980.50902461402143        805.86675368615863        968.84809557890321        824.93804630642785        962.29843950262330        832.65610364793793        936.67520434032224        874.19531321787679        925.34189049034740        891.36181317469629        918.32984509105847        911.44688759207486        905.07518004508722        901.61756214069817        861.60850029392850        870.81259062650997        842.71289391971595        879.02813064242082        829.67738076744342        884.30356926356899        825.20371724721895        887.02806976884835        821.46364101980134        893.38609956010271        800.03312009302954        885.87099937300002        787.93671883936247        850.91732187612524        825.89009745940461        823.57990204220835        838.58545957157367        797.39116231730225        845.34322018944431        777.05465801445234        843.35133283262098        775.68496239742910     

 RouteID =          28
 Route number of clients =           24
 Route length =    1829.3399040481524     
 Route demand =         1816
 Sequence =          101         500         213         804         752         871         504         319         121         229         433         477         106         133         733         156         715         415         565         728          23         352         623         409
 Visit points =    347.52646552488795        508.78899182027061        234.17538296530705        691.84188193570128        233.34037295111551        695.43186978082861        235.97353576460551        708.95719671220024        236.28820802559318        711.88551327144967        236.67108104410045        714.04096054777835        237.00000000000000        728.00000000000000        243.00000000000000        741.00000000000000        262.93035110468895        772.48978634527964        271.06724428599813        786.06932253583932        274.75883157486010        789.69218833456341        275.04531078770071        810.17927547069326        309.24588999404824        805.43250195809730        329.03677293019445        819.74465004761714        348.01139137033823        835.42507002615014        356.89916815041056        838.96507007230434        369.04743376187497        849.33818294063406        375.45306760742216        849.92202077000104        394.18631334425419        853.51426562358131        423.27045420244360        848.14834438357661        430.73343103749590        849.63366365169077        450.02304042384418        842.88971574525522        510.99074844709412        819.07270501183643        520.57012804168278        747.63233485613193     

 RouteID =          29
 Route number of clients =            5
 Route length =    114.94004220433868     
 Route demand =          422
 Sequence =           12         610         145         783         388
 Visit points =    703.96266495761552        128.61221179078512        700.90835396162186        116.03723779006468        692.87867997195110        82.978082456237459        689.80115404660842        83.452572908974787        693.40788115367309        104.96347433283827     

 RouteID =          30
 Route number of clients =           24
 Route length =    1901.4812322156197     
 Route demand =         1808
 Sequence =          360         588         265         460         350         297         547         538         681         663         503          46          11         613         461         226         435         380         467         754         476         150         635         644
 Visit points =    353.72816114610242        534.15518511637231        203.70329718786562        710.06152682790628        201.00000000000000        711.00000000000000        196.01021742101707        716.76978316997656        187.46008423714466        714.33560479782989        173.95013129393382        721.20869262869348        161.04068346888883        728.00524524491368        156.44588942609008        732.28605380696092        129.31375950645506        774.82787335577393        125.00867848831962        780.48027980012648        116.40533257798843        790.80694925309876        102.00000000000000        813.00000000000000        101.83753744192619        798.25974662056751        87.019785786535735        783.39312245462861        76.594448606749168        780.27524242099560        62.415815045722894        764.08711351566240        60.330828654522414        756.13777754362297        60.491482549128449        750.65716538541085        59.758996961440047        743.65629388617288        59.238775561821846        726.53050003987141        78.446703440464560        715.04726280585589        112.19929052706752        697.65016275218773        131.83596417935303        684.57771433238327        163.70807831592421        673.56089637627031     

 RouteID =          31
 Route number of clients =           25
 Route length =    1838.6972612975537     
 Route demand =         1813
 Sequence =           51         811         245         738         170         361         250         566         573          35         696         849         515         364         384         385          54         466         570         252         165         587         109         449         753
 Visit points =    276.02272638605530        432.03400823193277        235.24330734507575        462.57694466609479        232.85830040786888        464.70973867747779        180.20262715204919        498.99567744793609        174.26325430679117        502.47015656991533        167.84876153049939        508.42432200472899        132.13799544646241        545.28977392664865        119.32429408367271        563.34807646835623        33.357510029805162        649.99020375253826        16.143896135596940        669.20993128222676        12.648498356124456        675.08463376491511        16.340431228519670        687.96469802003514        14.114879663479520        701.21358054905545        12.408643135557067        705.64140547305965        16.439555943738497        714.59433586386729        18.323187908155582        718.41432835483931        31.107739068695601        716.92761944470158        51.653443064542166        699.09542610736776        62.394125664444985        686.82665069867130        72.070019344685463        677.26542971937681        132.81489579470860        645.78344644573554        144.78151850773369        638.24754623894046        175.53629777081773        598.76963568752819        182.47501814464891        576.38248829437759        257.76841357589558        492.80676835730560     

 RouteID =          32
 Route number of clients =           24
 Route length =    932.43364754246488     
 Route demand =         1799
 Sequence =           99         142         413         146         129         291         730         107         351         253          64         272         822         658         104         468         731         530         757         805         531         812         465         473
 Visit points =    472.68498007726708        233.03930316756913        443.41549029685018        204.25371226411275        438.37932909490553        199.30081157569515        428.70017907000693        189.78168244156305        424.71230389109007        183.98048522365812        415.61142420159189        172.27339899548289        385.87326380813187        159.77525433026719        381.65649164303778        164.33522080291368        384.39045054639257        170.94738232086263        401.28817090725533        211.81502527411092        408.63506028879630        224.57634722376741        400.36744559996106        287.44823069080314        398.63840746909051        300.59687004635452        397.00000000000000        332.00000000000000        407.46018342062098        332.14629833866985        434.27388885680881        332.52132049661441        462.28849287221567        332.91313867619510        466.63557050172471        329.52139021570008        480.43192769271127        318.75870353369419        480.55165538704131        318.66697254406807        508.40825788251033        297.32426041026434        515.23095467443295        273.13304151664920        516.16595220787895        269.81782310867874        629.92530243795670        193.36286000579591     

 RouteID =          33
 Route number of clients =           24
 Route length =    1331.5135507105185     
 Route demand =         1810
 Sequence =          338         436         154         669         457         541         580         354         108         808         764         316         371         590         525         607         693         202         168         185         543         471         856          68
 Visit points =    324.11808469406640        162.06088697286293        266.20753707882216        164.26175587333407        212.11932797421053        189.89649328543049        206.30350685347182        192.65286199746498        193.11991157725004        198.90113696622598        174.22596033979417        205.42761375526507        173.94459796856356        205.52376841447452        167.14717544696978        233.62361658515789        175.59279399349293        233.47118880273143        218.58775456906727        232.69840440419784        228.18127850535942        232.52961382071626        228.77777589963731        233.21066484033688        243.56454581184320        250.09023228134575        260.64955227906722        269.59260750094171        265.39694223319265        275.01170876828456        272.09688943055068        287.34069109289578        284.60720710596587        310.36169125186524        310.81615748471967        358.59038268001382        319.16133679768205        362.55510377507710        331.24038989968875        371.27658141727454        336.77832624256922        416.69240357293080        350.64939556414623        426.74647340457483        389.69811267392942        411.10696767922514        398.02142240322723        407.77337672413074     

 RouteID =          34
 Route number of clients =           27
 Route length =    1505.1518757383453     
 Route demand =         1815
 Sequence =          765         755          21         521         266         205         876         848           7         577         708          72         673         224         306         557         304         374          90         505         311         321         583          33         735         281         616
 Visit points =    578.58341962359850        174.50126548083418        125.00000000000000        308.00000000000000        116.36976525776781        314.28367147577910        107.08012961052327        321.04745256406426        111.77101993283789        328.65836499582713        112.50233707949425        329.84494800143045        135.25809610626371        366.76681844330614        121.19971762907772        382.74891617963641        114.69756589158310        390.13921269117571        113.96523652596203        388.59432604874519        104.51554063592245        368.65985415079643        104.51542308876164        368.65973399921126        100.58212094576768        364.63931266140889        98.000000000000000        362.00000000000000        87.817867396992668        360.92196763984469        79.778430689948053        360.07079301213901        71.738993982903423        359.21961838443332        65.520759494038884        339.67925039948875        59.240882701744113        319.94517577729471        59.240882701744113        319.94517577729471        66.422366887041065        295.69145293444490        68.191219219220926        286.36998914488350        84.089600464141213        274.56778255779267        85.408897059598729        273.58839913948333        86.581604338750481        272.71783669909928        105.38350114359132        268.71714959191240        112.17049664163079        267.22873942836037     

 RouteID =          35
 Route number of clients =           24
 Route length =    1512.6045462162267     
 Route demand =         1792
 Sequence =          130         389         485         870         279         792         499         636         725         264          20          89         140         237         159         487         239         664         419         878         546         889         766         416
 Visit points =    254.76557746545708        389.18655327424955        198.81053295136846        426.42336207801713        175.10562998924641        430.57757909528465        171.35142217659856        436.23753152395233        164.98962338317202        445.94786193980025        142.09357296215117        465.22701674963855        145.08074021788551        479.81466143182627        149.56959548003547        491.60150184366574        150.99234819396213        490.06637043680729        161.63340761683341        491.60831029843354        211.75937275211894        513.07892764056123        225.01988460902825        515.16075190140259        232.36969353739485        516.54425725602880        235.00000000000000        539.00000000000000        226.92012696754912        550.20912818989473        223.78617429868839        550.55785157222056        230.75798358838392        568.30659122284590        248.65342153989533        587.02249856619164        251.15280534019712        584.30811291736904        262.70488228842385        564.02025361913491        289.36900939364028        519.09681806878802        294.44777652956031        510.80095998312049        293.59326238240448        483.70494054564415        299.40159871753383        473.04962067397310     

 RouteID =          36
 Route number of clients =           23
 Route length =    582.39435762714527     
 Route demand =         1813
 Sequence =            9         829          59         820         797         120          78         444         308         180         348         834         137         841         723         511         854         341         169         832          55         357         704
 Visit points =    633.00931450333417        180.65569044330843        623.08444275292970        186.59148974997004        611.80283722238198        193.33853225624586        585.48921990667509        209.07557376529505        576.36143399683681        212.73632913288560        566.25085540487112        216.79123962438726        564.55171331277870        223.80911665120973        563.49006154605900        228.19400098714718        561.40705402126139        236.79733717839787        556.90241838118459        237.04896593943209        544.43897601863978        237.74517331567512        537.06425779768847        238.15712477128341        505.50275860503871        191.11193259450980        505.50275870248254        191.11192838607354        505.82948287811246        177.00125728697654        485.78031172857908        137.40705905790202        479.89489702661342        124.75311150277282        478.62841196223991        122.03010277773197        516.27627173455596        91.221905654808850        519.00875649618604        91.536996111663839        554.96320760583262        95.683087042592277        554.96338761679988        95.683136285531063        664.93591453850775        125.76670235249202     

 RouteID =          37
 Route number of clients =           25
 Route length =    821.14538809115413     
 Route demand =         1814
 Sequence =          851           5         215         814          80         597         222         113         117         139         640         270         267         762         706         529         260         542         642         198         277         339         368          24          49
 Visit points =    853.58634559230302        39.835872623794828        872.61540810240399        52.935303642779260        881.66814978023638        59.167127469018851        905.84203879077143        23.458923970341438        911.31498678157880        15.374616951795240        933.91520209822204        14.729705786194216        975.01896874873864        13.556784303377373        980.28978564874421        29.407751512827396        974.64136976913676        58.813698468698973        964.96630738900365        68.875625773570391        937.65193887023452        70.807306436475244        930.10716270095656        87.866910227913962        934.82513780178817        94.021498903851892        958.21332490685199        124.53134018770491        967.85315772388765        137.10648198597454        976.69085988325162        148.63524601479403        985.23005971389284        162.46599615187193        985.03929576237749        166.07014507938993        984.91703235526120        168.38009685032264        948.71794469048621        162.01455290266694        943.29569699197350        158.23939364194391        943.29479020258168        158.23870813883298        915.70255468238031        137.37985062254739        872.48941950809660        143.61472815821779        859.39538408313467        141.39921922069641     

 RouteID =          38
 Route number of clients =           26
 Route length =    1493.9323765685597     
 Route demand =         1808
 Sequence =          615         600         602         835         670         791           6          44         711         843         759         399         439         430         510          43          27         620         679         378         778         242         695         872         742         698
 Visit points =    625.04353852569068        664.28614805383199        616.18173075611128        691.88325595970537        607.92580439010055        702.94881028329962        577.44652904033148        743.80068591474685        573.28808373994411        749.37431876139806        578.75260018893528        753.96756718936456        613.99090764950563        783.58756170820163        626.92328939349613        794.45817800272118        674.44202764504337        834.40138145715446        677.23091241005181        832.83780291693893        682.51350005656036        829.87599634258663        704.02113849243688        817.81723476950162        703.72278679687372        815.33562124475361        700.04416515169930        784.73778197366482        700.03674399039778        784.73352758596616        696.70171744656795        782.82163060296921        692.03295455825071        769.25480765737177        686.98349889135977        754.58174058519830        678.13209800822574        724.31987051609315        669.39995277540311        706.93250524691678        670.09176949484254        705.59695563806895        692.24008215062963        662.83972027080665        693.71899252673074        609.91354856766748        694.48907521883416        582.00396895740460        694.64264122043210        576.08735591794232        696.89545473133558        488.99123197947711     

